# Format: McCode with text headers
# URL: http://www.mccode.org
# Creator:  3.8.5, git
# Instrument: eqsans_sans.instr
# Ncount: 10000000
# Trace: no
# Gravitation: no
# Seed: 1790181057011276
# Directory: /Users/georgeyumnam/WORK/PANRAID/PaNRAID-results/Group2/panraidproject/scan_sans_sample/x-12_y+05
# Param: gx=-0.012
# Param: gy=0.005
# Param: sample_on=1
# Param: R_sphere=100
# Param: Phi=0.01
# Param: bs_radius=0
# Param: samp_ap=0.01
# Date: Wed Sep 23 18:31:32 2026 (1790181092)
# type: array_1d(100)
# Source: EQ_SANS_sample (eqsans_sans.instr)
# component: qmon
# position: 0 0 22.281
# title: QMonitor - Radially averaged distribution
# Ncount: 10000000
# filename: rdet.dat
# statistics: X0=0.0703735; dX=0.0522748;
# signal: Min=0; Max=1.05549e+08; Mean=1.21163e+07;
# values: 1.21163e+09 1.30809e+08 2796
# xvar: r
# yvar: (I,I_err)
# xlabel: Radius [m]
# ylabel: I(r)
# xlimits: 0 0.5
# variables: r I I_err N
0.0025 0 0 0 
0.0075 58515520.16 58515520.16 1 
0.0125 54548340.62 54548340.62 1 
0.0175 105548792.5 62006614.46 3 
0.0225 19251984.41 19251984.41 1 
0.0275 72187035.74 32865036.45 5 
0.0325 0 0 0 
0.0375 52139636.17 27838749.97 4 
0.0425 46655402.21 23436791.05 4 
0.0475 72148772.12 27153943.86 8 
0.0525 68775826.9 23626274.04 10 
0.0575 37614315.65 19509724.52 4 
0.0625 71010962.45 22232349.54 11 
0.0675 75502997.68 23077582.77 12 
0.0725 43541197.39 16799114.73 8 
0.0775 40911390.25 15519836.52 8 
0.0825 22247090.99 10573327.27 6 
0.0875 26473154.49 11387680.2 6 
0.0925 29002588.04 9855121.793 11 
0.0975 24136516.19 9967853.586 8 
0.1025 35290004.97 11206216.75 18 
0.1075 30111218.48 9213071.712 13 
0.1125 20426421.23 6969329.405 14 
0.1175 27266055.22 7850014.417 15 
0.1225 21088395.45 6742898.344 17 
0.1275 18085973.49 5985448.871 15 
0.1325 14620586.74 5959050.667 12 
0.1375 10296976.92 3930152.024 14 
0.1425 10626050.9 4259684.109 12 
0.1475 15030223.88 4791625.706 17 
0.1525 11568474.24 3887676.432 20 
0.1575 5470433.681 2875174.709 15 
0.1625 7680508.963 3035255.585 21 
0.1675 11027083.89 3764345.917 27 
0.1725 5061648.387 1887030.525 20 
0.1775 7245289.168 2443402.845 18 
0.1825 4173473.601 1360650.454 23 
0.1875 5672609.751 2726278.484 14 
0.1925 3519354.326 1339491.507 14 
0.1975 531270.7609 204902.3473 20 
0.2025 3617955.43 1412025.094 21 
0.2075 2873136.977 1194967.339 26 
0.2125 2689904.042 1104578.198 28 
0.2175 1142561.764 496425.8217 26 
0.2225 1822533.125 652739.0656 25 
0.2275 1071787.006 503864.1203 19 
0.2325 1225826.906 778181.7699 20 
0.2375 1070132.366 467472.4584 25 
0.2425 404495.9002 112839.4089 29 
0.2475 1442472.237 543425.8781 29 
0.2525 352460.1202 84004.2019 27 
0.2575 301056.9295 70643.37615 24 
0.2625 440836.2396 128200.2929 32 
0.2675 470155.8323 205280.7358 31 
0.2725 354431.9741 252829.9644 22 
0.2775 639256.6317 229505.4329 26 
0.2825 210344.0527 58748.78599 24 
0.2875 318621.3017 113902.1873 25 
0.2925 692954.3768 195826.1329 44 
0.2975 155919.931 42312.60099 31 
0.3025 231711.2814 100406.9778 35 
0.3075 351882.1722 131989.1463 28 
0.3125 162575.1035 44892.31184 27 
0.3175 256511.2798 65322.20157 40 
0.3225 239438.5778 80096.88203 32 
0.3275 210466.526 50746.00808 41 
0.3325 201462.6877 46193.11347 35 
0.3375 210070.2849 64781.03336 35 
0.3425 208431.0835 67230.74365 42 
0.3475 211978.4927 42499.87127 44 
0.3525 169980.8204 37973.03856 44 
0.3575 156290.6433 37115.10718 39 
0.3625 117105.1731 30331.86817 37 
0.3675 139422.0779 32484.27043 45 
0.3725 126376.3329 32120.91148 45 
0.3775 141836.0158 35583.00139 39 
0.3825 164157.5406 35143.29806 55 
0.3875 97556.26688 25023.48422 38 
0.3925 103839.9426 28068.07202 43 
0.3975 97853.40963 24065.31557 41 
0.4025 88113.26638 24042.00455 34 
0.4075 125257.1024 30990.92092 41 
0.4125 105363.3846 26389.52737 49 
0.4175 145103.3062 34381.43917 57 
0.4225 123887.8737 26551.50517 60 
0.4275 75127.02601 18801.85298 48 
0.4325 85678.6533 23152.77245 54 
0.4375 122749.7727 29084.27269 55 
0.4425 68021.5501 19434.33447 34 
0.4475 89909.09588 23951.6021 51 
0.4525 63541.07332 18406.13774 49 
0.4575 64233.18483 17751.90308 49 
0.4625 68407.06534 17218.57278 48 
0.4675 66052.56868 19562.38351 45 
0.4725 87571.26119 23288.70449 52 
0.4775 65516.29868 16625.27475 55 
0.4825 75776.77035 17188.219 60 
0.4875 84169.19616 20435.95421 65 
0.4925 69205.78787 18360.578 62 
0.4975 58593.42669 15285.38688 59 
