# Format: McCode with text headers
# URL: http://www.mccode.org
# Creator:  3.8.5, git
# Instrument: eqsans_sans.instr
# Ncount: 10000000
# Trace: no
# Gravitation: no
# Seed: 1790182765318073
# Directory: /Users/georgeyumnam/WORK/PANRAID/PaNRAID-results/Group2/panraidproject/scan_sans_sample/x+00_y+03
# Param: gx=0
# Param: gy=0.003
# Param: sample_on=1
# Param: R_sphere=100
# Param: Phi=0.01
# Param: bs_radius=0
# Param: samp_ap=0.01
# Date: Wed Sep 23 19:00:00 2026 (1790182800)
# type: array_1d(120)
# Source: EQ_SANS_sample (eqsans_sans.instr)
# component: lambda_det
# position: 0 0 22.28
# title: Wavelength monitor
# Ncount: 10000000
# filename: lambda_det.dat
# statistics: X0=4.31355; dX=1.04337;
# signal: Min=0; Max=14348.7; Mean=2518.82;
# values: 302259 13496.6 9856
# xvar: L
# yvar: (I,I_err)
# xlabel: Wavelength [AA]
# ylabel: Intensity
# xlimits: 0 12
# variables: L I I_err N
0.05 0 0 0 
0.15 0 0 0 
0.25 0 0 0 
0.35 0 0 0 
0.45 0 0 0 
0.55 0 0 0 
0.65 0 0 0 
0.75 0 0 0 
0.85 0 0 0 
0.95 0 0 0 
1.05 0 0 0 
1.15 0 0 0 
1.25 0 0 0 
1.35 0 0 0 
1.45 0 0 0 
1.55 0 0 0 
1.65 0 0 0 
1.75 0 0 0 
1.85 0 0 0 
1.95 0 0 0 
2.05 0 0 0 
2.15 0.05331591856 0.05331591856 1 
2.25 8.59978144 10.50507855 2 
2.35 10.48147166 9.749401252 10 
2.45 2.470036644 1.429461965 15 
2.55 85.46464699 40.4842478 46 
2.65 1425.12698 954.6302848 102 
2.75 3572.981711 1313.349397 276 
2.85 8858.15586 2440.585505 501 
2.95 14337.47807 2769.790836 679 
3.05 10122.24207 2424.344093 604 
3.15 13304.46849 2976.016179 598 
3.25 14348.72023 2917.192094 518 
3.35 7908.641939 2238.471774 477 
3.45 13227.05551 2935.377974 469 
3.55 10974.12635 2473.672539 460 
3.65 9774.578067 2577.012678 392 
3.75 9740.676192 2228.977341 369 
3.85 5994.650497 1601.051272 349 
3.95 11100.00488 2579.190381 321 
4.05 10576.64224 2891.603581 308 
4.15 8905.929581 2288.012745 268 
4.25 9278.318719 2405.903836 265 
4.35 10672.25294 2547.050088 249 
4.45 7663.995955 2410.934856 241 
4.55 4368.260972 1060.172497 225 
4.65 7022.407603 1943.401655 195 
4.75 8647.645815 2325.825152 172 
4.85 5674.719003 1861.951431 154 
4.95 7838.639197 2096.865151 160 
5.05 6047.276652 1707.035683 149 
5.15 8167.81392 2271.082757 129 
5.25 8162.758332 2304.114199 110 
5.35 6858.413384 2173.546471 108 
5.45 6040.115263 1785.629786 132 
5.55 5764.862614 1860.059472 87 
5.65 2613.977314 987.8918563 105 
5.75 6325.512056 2008.10968 82 
5.85 8681.581662 2451.339473 85 
5.95 5584.220756 1978.585753 81 
6.05 2792.550537 1236.383019 89 
6.15 6554.170701 2149.493367 70 
6.25 5403.665546 1782.946377 65 
6.35 5902.546562 1896.153867 82 
6.45 1562.888559 665.1135254 36 
6.55 140.3947235 112.5261715 12 
6.65 211.2335898 195.1464472 8 
6.75 0 0 0 
6.85 0 0 0 
6.95 0 0 0 
7.05 0 0 0 
7.15 0 0 0 
7.25 0 0 0 
7.35 0 0 0 
7.45 0 0 0 
7.55 0 0 0 
7.65 0 0 0 
7.75 0 0 0 
7.85 0 0 0 
7.95 0 0 0 
8.05 0 0 0 
8.15 0 0 0 
8.25 0 0 0 
8.35 0 0 0 
8.45 0 0 0 
8.55 0 0 0 
8.65 0 0 0 
8.75 0 0 0 
8.85 0 0 0 
8.95 0 0 0 
9.05 0 0 0 
9.15 0 0 0 
9.25 0 0 0 
9.35 0 0 0 
9.45 0 0 0 
9.55 0 0 0 
9.65 0 0 0 
9.75 0 0 0 
9.85 0 0 0 
9.95 0 0 0 
10.05 0 0 0 
10.15 0 0 0 
10.25 0 0 0 
10.35 0 0 0 
10.45 0 0 0 
10.55 0 0 0 
10.65 0 0 0 
10.75 0 0 0 
10.85 0 0 0 
10.95 0 0 0 
11.05 0 0 0 
11.15 0 0 0 
11.25 0 0 0 
11.35 0 0 0 
11.45 0 0 0 
11.55 0 0 0 
11.65 0 0 0 
11.75 0 0 0 
11.85 0 0 0 
11.95 0 0 0 
