# Format: McCode with text headers
# URL: http://www.mccode.org
# Creator:  3.8.5, git
# Instrument: eqsans_sans.instr
# Ncount: 10000000
# Trace: no
# Gravitation: no
# Seed: 1790179955991362
# Directory: /Users/georgeyumnam/WORK/PANRAID/PaNRAID-results/Group2/panraidproject/scan_sans_sample/x-20_y+14
# Param: gx=-0.02
# Param: gy=0.014
# Param: sample_on=1
# Param: R_sphere=100
# Param: Phi=0.01
# Param: bs_radius=0
# Param: samp_ap=0.01
# Date: Wed Sep 23 18:13:10 2026 (1790179990)
# type: array_1d(100)
# Source: EQ_SANS_sample (eqsans_sans.instr)
# component: qmon
# position: 0 0 22.281
# title: QMonitor - Radially averaged distribution
# Ncount: 10000000
# filename: rdet.dat
# statistics: X0=0.0519017; dX=0.0511023;
# signal: Min=0; Max=1.05579e+08; Mean=7.41061e+06;
# values: 7.41061e+08 1.49416e+08 1235
# xvar: r
# yvar: (I,I_err)
# xlabel: Radius [m]
# ylabel: I(r)
# xlimits: 0 0.5
# variables: r I I_err N
0.0025 0 0 0 
0.0075 95293399.71 95293399.71 1 
0.0125 105579355.4 75194394.23 2 
0.0175 104618754.6 61045865.94 3 
0.0225 24501200.76 24501200.76 1 
0.0275 26230778.18 26230778.18 1 
0.0325 51319202.31 29714586.66 3 
0.0375 0 0 0 
0.0425 10836784.01 10836784.01 1 
0.0475 31804589.74 17127624.59 4 
0.0525 18039460.55 12829057.55 2 
0.0575 21663639.5 15342706.46 2 
0.0625 18147098.95 12842121.4 2 
0.0675 13176097.92 9649176.84 2 
0.0725 16679478.34 8704535.433 4 
0.0775 21878857.33 11742862.85 4 
0.0825 14158890.97 8622014.728 4 
0.0875 26263408.53 11058013.52 6 
0.0925 12621048.64 6951472.291 4 
0.0975 15312084.57 8386595.954 5 
0.1025 9101406.537 4371862.857 5 
0.1075 12864712.37 6117829.591 8 
0.1125 11276211.54 5346207.664 8 
0.1175 13028715.28 5086122.701 11 
0.1225 7907032.703 3861969.782 5 
0.1275 3428306.585 2362933.861 4 
0.1325 3720780.258 2974718.438 5 
0.1375 5895283.079 2819887.172 7 
0.1425 5328995.134 3033054.219 5 
0.1475 2553559.048 1580587.97 8 
0.1525 2328730.255 1394308.453 7 
0.1575 5656257.587 2819102.831 9 
0.1625 2073647.522 991621.2417 8 
0.1675 2307738.603 1481097.256 3 
0.1725 2430611.936 1387925.46 8 
0.1775 1130869 1172289.605 5 
0.1825 5220460.622 2744026.12 11 
0.1875 4352676.078 1879874.892 17 
0.1925 2045660.968 1076483.398 11 
0.1975 552599.5996 427614.5527 9 
0.2025 1244847.311 677374.072 8 
0.2075 186318.5075 94653.12476 9 
0.2125 335238.4959 187771.332 9 
0.2175 1317239.61 879963.9072 9 
0.2225 111865.1233 38020.84495 10 
0.2275 57004.99564 27809.61875 6 
0.2325 554512.0896 351768.8713 11 
0.2375 661470.7237 493300.0974 10 
0.2425 353174.3214 188697.8867 8 
0.2475 412847.5966 272888.0893 14 
0.2525 336401.87 177395.2567 14 
0.2575 196781.2047 113451.7759 14 
0.2625 44246.51912 21575.70743 7 
0.2675 592405.5768 263931.8488 14 
0.2725 386249.7141 225257.4711 15 
0.2775 163021.7867 50708.40955 14 
0.2825 153917.3102 44414.39685 21 
0.2875 141842.0047 44587.7235 18 
0.2925 96195.14922 36809.21376 13 
0.2975 134978.9886 52309.24971 16 
0.3025 213349.698 84668.14313 17 
0.3075 145629.5135 76532.46944 21 
0.3125 69967.09942 31844.12147 8 
0.3175 85890.90806 35369.62367 14 
0.3225 62175.53411 25362.47024 16 
0.3275 65544.27715 25238.42768 13 
0.3325 37929.17468 14663.65106 17 
0.3375 61347.98172 25272.25419 12 
0.3425 60793.60814 22313.39064 17 
0.3475 85263.67749 33823.42805 18 
0.3525 97983.33121 32325.38135 18 
0.3575 42139.30494 20364.45978 12 
0.3625 112726.4851 33184.16209 22 
0.3675 74015.84121 22193.72761 25 
0.3725 76900.79065 24681.7565 24 
0.3775 58715.65797 25244.83735 17 
0.3825 43392.70779 17919.81669 15 
0.3875 23078.69331 13556.65273 11 
0.3925 27626.76495 10583.02956 15 
0.3975 43220.93875 18557.69462 17 
0.4025 34753.13883 13093.52917 18 
0.4075 52444.27002 19331.95905 23 
0.4125 27515.03607 14563.25632 13 
0.4175 64767.93519 22156.92426 22 
0.4225 30953.66041 13215.82495 18 
0.4275 61548.46943 21777.15872 16 
0.4325 46630.30419 17639.65956 26 
0.4375 42654.76835 15995.01535 17 
0.4425 41293.92826 15575.98321 26 
0.4475 42724.88479 15828.75885 22 
0.4525 46487.03566 13139.79193 35 
0.4575 18108.80451 7943.043888 23 
0.4625 33904.14214 14301.54447 21 
0.4675 19274.6317 8660.999052 19 
0.4725 38961.43117 12975.95427 25 
0.4775 37872.20166 12456.57885 30 
0.4825 32269.07634 10864.96743 27 
0.4875 36258.33231 13922.34441 29 
0.4925 42909.53043 13986.66137 27 
0.4975 13404.95847 4461.276151 24 
