# Format: McCode with text headers
# URL: http://www.mccode.org
# Creator:  3.8.5, git
# Instrument: eqsans_1_fixed.instr
# Ncount: 1000000
# Trace: no
# Gravitation: no
# Seed: 1790169495941110
# Directory: /Users/georgeyumnam/WORK/PANRAID/PaNRAID-results/Group2/panraidproject/scan_guide_xy/x-19_y+05
# Param: gx=-0.019
# Param: gy=0.005
# Date: Wed Sep 23 15:18:19 2026 (1790169499)
# type: array_1d(120)
# Source: EQ_SANS (eqsans_1_fixed.instr)
# component: lambda_det
# position: 0 0 22.28
# title: Wavelength monitor
# Ncount: 1000000
# filename: lambda_det.dat
# statistics: X0=3.99692; dX=0.97214;
# signal: Min=0; Max=2.24782e+06; Mean=342180;
# values: 4.10616e+07 520615 10868
# xvar: L
# yvar: (I,I_err)
# xlabel: Wavelength [AA]
# ylabel: Intensity
# xlimits: 0 12
# variables: L I I_err N
0.05 0 0 0 
0.15 0 0 0 
0.25 0 0 0 
0.35 0 0 0 
0.45 0 0 0 
0.55 0 0 0 
0.65 0 0 0 
0.75 0 0 0 
0.85 0 0 0 
0.95 0 0 0 
1.05 0 0 0 
1.15 0 0 0 
1.25 0 0 0 
1.35 0 0 0 
1.45 0 0 0 
1.55 0 0 0 
1.65 0 0 0 
1.75 0 0 0 
1.85 0 0 0 
1.95 0 0 0 
2.05 0 0 0 
2.15 8238.985462 8238.985462 1 
2.25 8707.646602 10054.72295 3 
2.35 42581.2067 17066.8265 11 
2.45 62418.14307 22115.5125 17 
2.55 169722.5342 32069.22264 48 
2.65 427077.2829 53104.82028 111 
2.75 1334511.497 93356.20537 350 
2.85 2083508.915 117492.6473 520 
2.95 2247823.109 123677.6155 576 
3.05 2068731.768 116321.2793 569 
3.15 1893216.992 112780.0298 548 
3.25 1844376.073 112110.7827 484 
3.35 1879292.983 110867.594 496 
3.45 1927063.063 112468.3749 505 
3.55 1584848.119 100846.9765 442 
3.65 1742038.549 108562.4359 419 
3.75 1569525.318 98762.5059 423 
3.85 1333008.213 93902.57904 355 
3.95 1296790.109 92086.81821 352 
4.05 1374529.899 95689.24854 321 
4.15 1220351.19 90281.62098 325 
4.25 1127198.505 85903.97604 294 
4.35 1060943.608 85023.87275 278 
4.45 1008088.76 81070.93957 264 
4.55 1079780.388 85551.07295 264 
4.65 946497.1969 78407.96676 258 
4.75 935745.02 78308.14676 256 
4.85 814708.8726 74655.96055 213 
4.95 714533.3088 69075.06806 200 
5.05 756744.2916 70247.6941 204 
5.15 686265.2216 66503.65544 194 
5.25 519605.2371 57831.59043 160 
5.35 623762.1386 65238.25073 171 
5.45 543509.6782 58548.89041 152 
5.55 487192.5894 57669.50989 140 
5.65 548907.3804 60390.57123 133 
5.75 467661.4499 54191.14846 130 
5.85 417877.9842 53110.93212 112 
5.95 478587.2951 55927.88096 127 
6.05 390041.232 50797.44398 100 
6.15 412439.1307 52147.82123 100 
6.25 400210.8229 51589.24988 105 
6.35 282258.1255 43023.7301 73 
6.45 162570.0602 32513.18247 43 
6.55 78063.53969 24335.12278 21 
6.65 0 0 0 
6.75 0 0 0 
6.85 0 0 0 
6.95 0 0 0 
7.05 0 0 0 
7.15 0 0 0 
7.25 0 0 0 
7.35 0 0 0 
7.45 0 0 0 
7.55 0 0 0 
7.65 0 0 0 
7.75 0 0 0 
7.85 0 0 0 
7.95 0 0 0 
8.05 0 0 0 
8.15 0 0 0 
8.25 0 0 0 
8.35 0 0 0 
8.45 0 0 0 
8.55 0 0 0 
8.65 0 0 0 
8.75 0 0 0 
8.85 0 0 0 
8.95 0 0 0 
9.05 0 0 0 
9.15 0 0 0 
9.25 0 0 0 
9.35 0 0 0 
9.45 0 0 0 
9.55 0 0 0 
9.65 0 0 0 
9.75 0 0 0 
9.85 0 0 0 
9.95 0 0 0 
10.05 0 0 0 
10.15 0 0 0 
10.25 0 0 0 
10.35 0 0 0 
10.45 0 0 0 
10.55 0 0 0 
10.65 0 0 0 
10.75 0 0 0 
10.85 0 0 0 
10.95 0 0 0 
11.05 0 0 0 
11.15 0 0 0 
11.25 0 0 0 
11.35 0 0 0 
11.45 0 0 0 
11.55 0 0 0 
11.65 0 0 0 
11.75 0 0 0 
11.85 0 0 0 
11.95 0 0 0 
