# Format: McCode with text headers
# URL: http://www.mccode.org
# Creator:  3.8.5, git
# Instrument: eqsans_cylinder.instr
# Ncount: 5000000
# Trace: no
# Gravitation: no
# Seed: 1790192747487687
# Directory: /Users/georgeyumnam/WORK/PANRAID/PaNRAID-results/Group2/panraidproject/dataset_cylinder/cyl_000022
# Param: gx=0
# Param: gy=0
# Param: sample_on=1
# Param: bs_radius=0
# Param: samp_ap=0.01
# Param: sld=3.69809
# Param: sld_solvent=1
# Param: radius=46.8378
# Param: length=718.927
# Param: pd_radius=0.161672
# Param: pd_length=0.249823
# Param: model_scale=1
# Param: model_abs=0
# Date: Wed Sep 23 21:46:06 2026 (1790192766)
# type: array_1d(100)
# Source: EQ_SANS_cylinder (eqsans_cylinder.instr)
# component: qmon
# position: 0 0 22.281
# title: QMonitor - Radially averaged distribution
# Ncount: 5000000
# filename: rdet.dat
# statistics: X0=0.0700743; dX=0.069106;
# signal: Min=1.34872e+12; Max=1.44017e+15; Mean=1.84301e+14;
# values: 1.84301e+16 5.36479e+14 163889
# xvar: r
# yvar: (I,I_err)
# xlabel: Radius [m]
# ylabel: I(r)
# xlimits: 0 0.5
# variables: r I I_err N
0.0025 1.440165906e+15 4.079674799e+14 18 
0.0075 1.054468158e+15 1.919889827e+14 53 
0.0125 9.03187159e+14 1.285412636e+14 82 
0.0175 8.874945755e+14 1.116228867e+14 123 
0.0225 1.099529206e+15 1.192148645e+14 168 
0.0275 1.106211097e+15 1.241368861e+14 181 
0.0325 8.093374867e+14 7.83578649e+13 214 
0.0375 6.695089523e+14 5.966451583e+13 236 
0.0425 7.795842313e+14 6.876270564e+13 268 
0.0475 6.85954964e+14 5.63490874e+13 305 
0.0525 6.182678168e+14 4.784771624e+13 312 
0.0575 5.490028835e+14 4.346306648e+13 349 
0.0625 5.512906978e+14 3.772812091e+13 388 
0.0675 4.536854583e+14 3.212418571e+13 392 
0.0725 4.875754057e+14 3.050300766e+13 493 
0.0775 4.401985585e+14 2.80784182e+13 483 
0.0825 4.089575956e+14 2.457684399e+13 534 
0.0875 3.35821755e+14 1.985242985e+13 568 
0.0925 3.409266862e+14 1.801826464e+13 634 
0.0975 3.460388456e+14 1.920521547e+13 637 
0.1025 3.132763052e+14 1.657032682e+13 680 
0.1075 3.265981182e+14 1.708360478e+13 746 
0.1125 2.404584606e+14 1.193062449e+13 729 
0.1175 2.53316241e+14 1.282063091e+13 763 
0.1225 2.233273412e+14 1.123663349e+13 775 
0.1275 2.319294149e+14 1.052603667e+13 894 
0.1325 1.929097359e+14 9.29423651e+12 824 
0.1375 1.976502734e+14 8.817801748e+12 959 
0.1425 1.633258958e+14 7.768620914e+12 921 
0.1475 1.496491441e+14 6.655721616e+12 931 
0.1525 1.411241529e+14 6.267457072e+12 956 
0.1575 1.296820833e+14 5.95182417e+12 974 
0.1625 1.331530442e+14 5.724793083e+12 1039 
0.1675 1.33956015e+14 5.415325933e+12 1177 
0.1725 1.112715016e+14 4.627636795e+12 1135 
0.1775 1.007649897e+14 4.159417831e+12 1170 
0.1825 9.326068015e+13 3.83428563e+12 1179 
0.1875 9.308034149e+13 3.713562596e+12 1238 
0.1925 8.722117585e+13 3.477871232e+12 1289 
0.1975 8.131208596e+13 3.254556014e+12 1285 
0.2025 6.707193254e+13 2.84419733e+12 1227 
0.2075 6.723256087e+13 2.73848226e+12 1354 
0.2125 6.531035308e+13 2.702665598e+12 1362 
0.2175 6.142645633e+13 2.388220846e+12 1467 
0.2225 5.953441252e+13 2.295689685e+12 1498 
0.2275 5.019644805e+13 1.979588077e+12 1448 
0.2325 5.240076137e+13 2.062357163e+12 1615 
0.2375 4.275206593e+13 1.635235644e+12 1558 
0.2425 4.292961392e+13 1.599608104e+12 1670 
0.2475 4.15348682e+13 1.593937347e+12 1691 
0.2525 3.679900735e+13 1.509622175e+12 1691 
0.2575 3.320624605e+13 1.34522659e+12 1626 
0.2625 3.023236886e+13 1.221428449e+12 1675 
0.2675 2.852701604e+13 1.12969618e+12 1746 
0.2725 2.761746311e+13 1.082277686e+12 1820 
0.2775 2.452139917e+13 9.539402932e+11 1794 
0.2825 2.377334521e+13 9.378815492e+11 1893 
0.2875 2.151007944e+13 8.886461996e+11 1928 
0.2925 2.02751418e+13 8.338240766e+11 1835 
0.2975 2.004335324e+13 7.825707814e+11 1999 
0.3025 1.793181038e+13 7.373627553e+11 1969 
0.3075 1.666773917e+13 6.750031209e+11 2060 
0.3125 1.574923708e+13 6.570958408e+11 2015 
0.3175 1.486831706e+13 6.217813049e+11 2031 
0.3225 1.28165788e+13 5.278210474e+11 2064 
0.3275 1.283594523e+13 5.246348284e+11 2140 
0.3325 1.111460913e+13 4.529984826e+11 2145 
0.3375 1.032170871e+13 4.218031189e+11 2266 
0.3425 1.010044199e+13 4.193789977e+11 2275 
0.3475 9.412184208e+12 3.964880833e+11 2277 
0.3525 9.574502025e+12 3.890546282e+11 2347 
0.3575 8.290743174e+12 3.433257415e+11 2303 
0.3625 7.388912262e+12 3.094922214e+11 2403 
0.3675 6.535867126e+12 2.753562295e+11 2324 
0.3725 6.194496561e+12 2.5624509e+11 2393 
0.3775 6.234043998e+12 2.492399134e+11 2506 
0.3825 5.66173979e+12 2.335098203e+11 2472 
0.3875 5.842389747e+12 2.325781752e+11 2582 
0.3925 4.813313847e+12 2.022651972e+11 2489 
0.3975 4.935163355e+12 1.983536573e+11 2728 
0.4025 4.350298157e+12 1.81786515e+11 2574 
0.4075 3.943497088e+12 1.582227795e+11 2582 
0.4125 4.036324497e+12 1.591139098e+11 2704 
0.4175 3.532922094e+12 1.396322556e+11 2723 
0.4225 3.413789409e+12 1.325345176e+11 2754 
0.4275 3.319594626e+12 1.257992392e+11 2923 
0.4325 2.987984856e+12 1.157842247e+11 2862 
0.4375 2.884159753e+12 1.101204578e+11 2904 
0.4425 2.639817419e+12 1.028410984e+11 2894 
0.4475 2.356620431e+12 9.273887991e+10 2913 
0.4525 2.180206665e+12 8.444228562e+10 2947 
0.4575 2.010034645e+12 7.355796014e+10 2986 
0.4625 2.067515074e+12 7.933155797e+10 3031 
0.4675 1.994467798e+12 7.090164417e+10 3087 
0.4725 1.757631924e+12 6.473852054e+10 3066 
0.4775 1.790241361e+12 6.673174837e+10 3134 
0.4825 1.748308526e+12 6.077306914e+10 3300 
0.4875 1.559382079e+12 5.258485387e+10 3247 
0.4925 1.478515105e+12 5.103753571e+10 3211 
0.4975 1.348717094e+12 4.607578639e+10 3259 
