# Format: McCode with text headers
# URL: http://www.mccode.org
# Creator:  3.8.5, git
# Instrument: eqsans_sans.instr
# Ncount: 10000000
# Trace: no
# Gravitation: no
# Seed: 1790185382688304
# Directory: /Users/georgeyumnam/WORK/PANRAID/PaNRAID-results/Group2/panraidproject/scan_sans_sample/x+18_y+12
# Param: gx=0.018
# Param: gy=0.012
# Param: sample_on=1
# Param: R_sphere=100
# Param: Phi=0.01
# Param: bs_radius=0
# Param: samp_ap=0.01
# Date: Wed Sep 23 19:43:37 2026 (1790185417)
# type: array_1d(100)
# Source: EQ_SANS_sample (eqsans_sans.instr)
# component: qmon
# position: 0 0 22.281
# title: QMonitor - Distribution in q (Radially averaged)
# Ncount: 10000000
# filename: qdet.dat
# statistics: X0=0.013798; dX=0.00914905;
# signal: Min=0; Max=2.14403e+08; Mean=1.46378e+07;
# values: 1.46378e+09 2.03796e+08 2227
# xvar: q
# yvar: (I,I_err)
# xlabel: q [1 / AA]
# ylabel: I(q)
# xlimits: 0 0.151561
# variables: q I I_err N
0.0007578035702 0 0 0 
0.002273410711 0 0 0 
0.003789017851 72490032.78 72490032.78 1 
0.005304624991 183806536.7 110268709.7 3 
0.006820232132 83072658.69 59847724.11 2 
0.008335839272 214402847.2 86696400.15 8 
0.009851446413 107035071.5 55002002.22 4 
0.01136705355 118870939.8 52951208.98 6 
0.01288266069 114355777 59848348.22 6 
0.01439826783 58533854.62 28098859.32 5 
0.01591387497 92952687.71 33342613.83 9 
0.01742948211 66751727.83 27017207.03 9 
0.01894508925 75215805.18 26103722.58 13 
0.0204606964 57503536.11 24538276.76 9 
0.02197630354 17325116.72 7376515.446 8 
0.02349191068 30108277.41 12260976.92 10 
0.02500751782 18969905.05 9266685.982 6 
0.02652312496 42247516.86 14196753.45 19 
0.0280387321 23544934.32 9664401.757 10 
0.02955433924 21400978.41 7803737.56 14 
0.03106994638 11609304.23 4651413.662 10 
0.03258555352 8467004.694 3469907.339 15 
0.03410116066 3252525.045 1670471.139 9 
0.0356167678 16990013.83 7823446.555 18 
0.03713237494 3703860.815 1137477.34 20 
0.03864798208 3031303.991 1038820.975 20 
0.04016358922 1896362.501 787942.3036 16 
0.04167919636 1694723.646 554568.6131 26 
0.0431948035 594259.1281 326154.362 14 
0.04471041064 1201794.17 877551.1599 22 
0.04622601778 506383.6531 141652.0816 30 
0.04774162492 577525.9698 147284.0384 29 
0.04925723206 555063.0659 161400.876 25 
0.0507728392 632776.8499 162509.1637 25 
0.05228844634 1037489.762 237591.4228 28 
0.05380405348 425532.8327 122089.5484 16 
0.05531966062 948486.7591 215080.4897 28 
0.05683526776 719169.0974 168839.4492 24 
0.05835087491 507272.8681 115865.8424 22 
0.05986648205 817980.3172 161503.4745 34 
0.06138208919 438275.6733 119919.6447 22 
0.06289769633 841670.129 174267.1664 33 
0.06441330347 434872.3117 128523.0653 19 
0.06592891061 641522.932 132829.3073 35 
0.06744451775 540252.1379 123794.4058 33 
0.06896012489 343891.4391 79550.91494 37 
0.07047573203 214076.3292 59771.67828 27 
0.07199133917 346204.9778 110328.1421 27 
0.07350694631 64386.66857 24249.51564 24 
0.07502255345 60830.97661 22569.79986 31 
0.07653816059 79263.89659 40950.38317 32 
0.07805376773 122903.0978 36273.83847 38 
0.07956937487 47330.85445 13458.65132 37 
0.08108498201 59540.29748 15936.07877 26 
0.08260058915 75555.56758 16689.4691 36 
0.08411619629 105877.6079 22629.2975 37 
0.08563180343 109944.9884 22146.92729 34 
0.08714741057 164842.9949 29430.8956 44 
0.08866301771 120149.9736 24338.10629 29 
0.09017862485 131685.6487 25144.96519 35 
0.09169423199 96955.8369 21366.93947 29 
0.09320983913 109055.6124 21680.67229 36 
0.09472544627 96293.08509 21169.90041 30 
0.09624105341 99732.40394 19241.33555 34 
0.09775666056 113663.4679 22369.38797 38 
0.0992722677 65216.44514 14807.58989 39 
0.1007878748 41004.19546 10102.20426 32 
0.102303482 27345.73901 9739.275378 24 
0.1038190891 35892.41865 9333.61456 29 
0.1053346963 19290.28875 5814.755666 28 
0.1068503034 21115.57305 6488.529835 32 
0.1083659105 14875.10185 3677.743818 44 
0.1098815177 11782.68296 3262.657523 32 
0.1113971248 17542.50564 4888.232007 35 
0.112912732 15617.35505 3839.462717 30 
0.1144283391 11666.58679 2998.945149 32 
0.1159439462 23561.53804 5809.640073 27 
0.1174595534 23898.3668 4960.369316 33 
0.1189751605 16928.59514 4492.147483 22 
0.1204907677 24137.67449 5539.413139 28 
0.1220063748 18661.73878 4940.276682 24 
0.1235219819 26660.68522 5675.387693 26 
0.1250375891 23097.09648 5371.321065 24 
0.1265531962 17437.90536 4423.182218 20 
0.1280688034 14980.26339 3840.585149 22 
0.1295844105 18061.86964 3975.118714 30 
0.1311000176 6008.474482 2412.256824 14 
0.1326156248 10027.86058 2885.858726 26 
0.1341312319 12287.11819 3429.173586 25 
0.1356468391 6523.260547 2072.811693 24 
0.1371624462 5011.446922 1965.484223 16 
0.1386780533 4954.749237 1746.113228 15 
0.1401936605 4165.100573 1410.51954 17 
0.1417092676 4662.35194 1441.735239 16 
0.1432248748 1774.650984 674.1228837 20 
0.1447404819 2577.552115 968.0272453 14 
0.146256089 2834.866174 1107.554122 13 
0.1477716962 4583.312349 1380.658505 15 
0.1492873033 4870.572379 1529.426054 11 
0.1508029105 3525.071575 1194.927121 12 
