# Format: McCode with text headers
# URL: http://www.mccode.org
# Creator:  3.8.5, git
# Instrument: eqsans_sans.instr
# Ncount: 10000000
# Trace: no
# Gravitation: no
# Seed: 1790180469907145
# Directory: /Users/georgeyumnam/WORK/PANRAID/PaNRAID-results/Group2/panraidproject/scan_sans_sample/x-16_y-02
# Param: gx=-0.016
# Param: gy=-0.002
# Param: sample_on=1
# Param: R_sphere=100
# Param: Phi=0.01
# Param: bs_radius=0
# Param: samp_ap=0.01
# Date: Wed Sep 23 18:21:44 2026 (1790180504)
# type: array_1d(120)
# Source: EQ_SANS_sample (eqsans_sans.instr)
# component: lambda_det
# position: 0 0 22.28
# title: Wavelength monitor
# Ncount: 10000000
# filename: lambda_det.dat
# statistics: X0=4.2245; dX=1.03138;
# signal: Min=0; Max=12046.4; Mean=1399.42;
# values: 167931 10174.6 4843
# xvar: L
# yvar: (I,I_err)
# xlabel: Wavelength [AA]
# ylabel: Intensity
# xlimits: 0 12
# variables: L I I_err N
0.05 0 0 0 
0.15 0 0 0 
0.25 0 0 0 
0.35 0 0 0 
0.45 0 0 0 
0.55 0 0 0 
0.65 0 0 0 
0.75 0 0 0 
0.85 0 0 0 
0.95 0 0 0 
1.05 0 0 0 
1.15 0 0 0 
1.25 0 0 0 
1.35 0 0 0 
1.45 0 0 0 
1.55 0 0 0 
1.65 0 0 0 
1.75 0 0 0 
1.85 0 0 0 
1.95 0 0 0 
2.05 0 0 0 
2.15 0.07179638261 0.07179638261 1 
2.25 0 0 0 
2.35 5.771186736 6.251673719 4 
2.45 110.748005 106.1967826 18 
2.55 299.398715 285.2486823 31 
2.65 1431.838312 835.3713338 66 
2.75 2506.517005 1210.927497 206 
2.85 5878.751058 1858.796849 322 
2.95 8656.946717 2477.627859 290 
3.05 5415.196694 1854.263425 269 
3.15 8019.889374 2185.657657 262 
3.25 4011.846639 1602.766941 219 
3.35 6556.872244 2045.108228 253 
3.45 6041.436792 2283.592384 224 
3.55 5945.351077 2123.97308 183 
3.65 12046.42906 2801.592349 208 
3.75 5747.563571 1806.461844 171 
3.85 5510.570564 1617.178942 164 
3.95 6323.53279 1944.796871 172 
4.05 5048.692901 1801.734228 141 
4.15 2422.839893 1004.938689 138 
4.25 3350.512881 1375.153072 117 
4.35 5635.369841 1897.11622 118 
4.45 5592.339011 1833.915869 112 
4.55 5239.548101 1833.734694 89 
4.65 3976.886596 1344.092038 88 
4.75 3465.745011 1347.716353 95 
4.85 2747.713727 1536.444975 85 
4.95 2202.689093 1080.704975 74 
5.05 5896.551978 1642.007876 77 
5.15 3987.177189 1591.713549 68 
5.25 4571.35878 1890.521444 50 
5.35 1200.992166 659.7323103 51 
5.45 3238.141038 1385.493412 67 
5.55 1515.849828 560.7566969 57 
5.65 2897.386262 1244.987659 49 
5.75 3041.87098 1284.790259 40 
5.85 400.619933 193.6580461 41 
5.95 2596.239364 1362.111526 44 
6.05 4055.929208 1921.377751 51 
6.15 3048.12173 1236.795015 46 
6.25 4458.965733 1975.005062 33 
6.35 1480.197849 802.5614468 24 
6.45 651.6191525 458.6189202 20 
6.55 698.514283 515.7126212 5 
6.65 0 0 0 
6.75 0 0 0 
6.85 0 0 0 
6.95 0 0 0 
7.05 0 0 0 
7.15 0 0 0 
7.25 0 0 0 
7.35 0 0 0 
7.45 0 0 0 
7.55 0 0 0 
7.65 0 0 0 
7.75 0 0 0 
7.85 0 0 0 
7.95 0 0 0 
8.05 0 0 0 
8.15 0 0 0 
8.25 0 0 0 
8.35 0 0 0 
8.45 0 0 0 
8.55 0 0 0 
8.65 0 0 0 
8.75 0 0 0 
8.85 0 0 0 
8.95 0 0 0 
9.05 0 0 0 
9.15 0 0 0 
9.25 0 0 0 
9.35 0 0 0 
9.45 0 0 0 
9.55 0 0 0 
9.65 0 0 0 
9.75 0 0 0 
9.85 0 0 0 
9.95 0 0 0 
10.05 0 0 0 
10.15 0 0 0 
10.25 0 0 0 
10.35 0 0 0 
10.45 0 0 0 
10.55 0 0 0 
10.65 0 0 0 
10.75 0 0 0 
10.85 0 0 0 
10.95 0 0 0 
11.05 0 0 0 
11.15 0 0 0 
11.25 0 0 0 
11.35 0 0 0 
11.45 0 0 0 
11.55 0 0 0 
11.65 0 0 0 
11.75 0 0 0 
11.85 0 0 0 
11.95 0 0 0 
