# Format: McCode with text headers
# URL: http://www.mccode.org
# Creator:  3.8.5, git
# Instrument: eqsans_cylinder.instr
# Ncount: 5000000
# Trace: no
# Gravitation: no
# Seed: 1790194077961187
# Directory: /Users/georgeyumnam/WORK/PANRAID/PaNRAID-results/Group2/panraidproject/dataset_cylinder/cyl_000760
# Param: gx=0
# Param: gy=0
# Param: sample_on=1
# Param: bs_radius=0
# Param: samp_ap=0.01
# Param: sld=2.4687
# Param: sld_solvent=1
# Param: radius=40.2175
# Param: length=406.567
# Param: pd_radius=0.239153
# Param: pd_length=0.045908
# Param: model_scale=1
# Param: model_abs=0
# Date: Wed Sep 23 22:08:15 2026 (1790194095)
# type: array_1d(120)
# Source: EQ_SANS_cylinder (eqsans_cylinder.instr)
# component: lambda_det
# position: 0 0 22.28
# title: Wavelength monitor
# Ncount: 5000000
# filename: lambda_det.dat
# statistics: X0=4.36145; dX=1.03828;
# signal: Min=0; Max=9.69292e+09; Mean=2.05809e+09;
# values: 2.46971e+11 2.03978e+09 277582
# xvar: L
# yvar: (I,I_err)
# xlabel: Wavelength [AA]
# ylabel: Intensity
# xlimits: 0 12
# variables: L I I_err N
0.05 0 0 0 
0.15 0 0 0 
0.25 0 0 0 
0.35 0 0 0 
0.45 0 0 0 
0.55 0 0 0 
0.65 0 0 0 
0.75 0 0 0 
0.85 0 0 0 
0.95 0 0 0 
1.05 0 0 0 
1.15 0 0 0 
1.25 0 0 0 
1.35 0 0 0 
1.45 0 0 0 
1.55 0 0 0 
1.65 0 0 0 
1.75 0 0 0 
1.85 0 0 0 
1.95 0 0 0 
2.05 0 0 0 
2.15 0 0 0 
2.25 49867123.7 21393288.17 150 
2.35 190345234.1 64078398.03 300 
2.45 167205894.7 51140602.89 550 
2.55 248072780.8 43941858.71 850 
2.65 1158647887 120784061.1 3050 
2.75 3385980344 271028085.6 7948 
2.85 6456483199 321610357.4 13799 
2.95 8164560786 339902993.9 17349 
3.05 8099916334 373402117.5 16050 
3.15 8798177755 366187528.7 16300 
3.25 9253588035 446173272 15600 
3.35 7457352143 321729837.7 12300 
3.45 8140970678 365166705.3 12250 
3.55 8741244910 383510582.6 12500 
3.65 8870495587 374535897.8 13050 
3.75 9692921678 435066132.8 11199 
3.85 7859257144 333761731.9 10200 
3.95 7914490217 348369749.9 9099 
4.05 8309888851 404141307.1 8650 
4.15 8712897832 381378978.6 8898 
4.25 9291763908 429888418.5 9000 
4.35 7328958926 340157214.4 6700 
4.45 6854095714 317303232.9 6450 
4.55 6264831463 309707377.6 5599 
4.65 6187105929 330727414.1 5345 
4.75 6432621329 320342492.7 5299 
4.85 6147742874 342185356.4 4200 
4.95 5717981734 284261884.2 4600 
5.05 5088902827 312766732.7 3500 
5.15 5705332797 367154535.3 3550 
5.25 4973097111 253282100.7 3500 
5.35 5368722078 320332947.8 3250 
5.45 5963545386 310567217.1 3500 
5.55 4093096787 280208102.2 2399 
5.65 5064323028 289156157.5 3000 
5.75 5430801815 282295974.8 3099 
5.85 4492816609 266602590.4 2300 
5.95 3972205355 233111216 2350 
6.05 3477781736 241592319 1850 
6.15 4730202543 303927353.6 2199 
6.25 3560838627 251983847.1 1650 
6.35 3609344351 231324492.2 1800 
6.45 3158795889 229358299.2 1250 
6.55 2139462968 155485294.1 1000 
6.65 244193298.6 55815533.56 100 
6.75 0 0 0 
6.85 0 0 0 
6.95 0 0 0 
7.05 0 0 0 
7.15 0 0 0 
7.25 0 0 0 
7.35 0 0 0 
7.45 0 0 0 
7.55 0 0 0 
7.65 0 0 0 
7.75 0 0 0 
7.85 0 0 0 
7.95 0 0 0 
8.05 0 0 0 
8.15 0 0 0 
8.25 0 0 0 
8.35 0 0 0 
8.45 0 0 0 
8.55 0 0 0 
8.65 0 0 0 
8.75 0 0 0 
8.85 0 0 0 
8.95 0 0 0 
9.05 0 0 0 
9.15 0 0 0 
9.25 0 0 0 
9.35 0 0 0 
9.45 0 0 0 
9.55 0 0 0 
9.65 0 0 0 
9.75 0 0 0 
9.85 0 0 0 
9.95 0 0 0 
10.05 0 0 0 
10.15 0 0 0 
10.25 0 0 0 
10.35 0 0 0 
10.45 0 0 0 
10.55 0 0 0 
10.65 0 0 0 
10.75 0 0 0 
10.85 0 0 0 
10.95 0 0 0 
11.05 0 0 0 
11.15 0 0 0 
11.25 0 0 0 
11.35 0 0 0 
11.45 0 0 0 
11.55 0 0 0 
11.65 0 0 0 
11.75 0 0 0 
11.85 0 0 0 
11.95 0 0 0 
