# Format: McCode with text headers
# URL: http://www.mccode.org
# Creator:  3.8.5, git
# Instrument: eqsans_sans.instr
# Ncount: 10000000
# Trace: no
# Gravitation: no
# Seed: 1790180369282210
# Directory: /Users/georgeyumnam/WORK/PANRAID/PaNRAID-results/Group2/panraidproject/scan_sans_sample/x-17_y+12
# Param: gx=-0.017
# Param: gy=0.012
# Param: sample_on=1
# Param: R_sphere=100
# Param: Phi=0.01
# Param: bs_radius=0
# Param: samp_ap=0.01
# Date: Wed Sep 23 18:20:03 2026 (1790180403)
# type: array_1d(100)
# Source: EQ_SANS_sample (eqsans_sans.instr)
# component: qmon
# position: 0 0 22.281
# title: QMonitor - Radially averaged distribution
# Ncount: 10000000
# filename: rdet.dat
# statistics: X0=0.0737329; dX=0.0522743;
# signal: Min=0; Max=8.4571e+07; Mean=6.57693e+06;
# values: 6.57693e+08 8.77701e+07 1537
# xvar: r
# yvar: (I,I_err)
# xlabel: Radius [m]
# ylabel: I(r)
# xlimits: 0 0.5
# variables: r I I_err N
0.0025 0 0 0 
0.0075 0 0 0 
0.0125 0 0 0 
0.0175 41138650.62 41138650.62 1 
0.0225 25385658.77 25385658.77 1 
0.0275 50840706.8 36025091.34 2 
0.0325 84571004.13 39472577.18 5 
0.0375 17424969.09 17424969.09 1 
0.0425 20535840.93 14547219.91 2 
0.0475 36846347.9 18648421.53 4 
0.0525 24663265.98 17462729.53 2 
0.0575 18717793.27 13681543.98 2 
0.0625 37162541.4 14924055.32 7 
0.0675 13813605.57 9819798.297 2 
0.0725 37853008.34 15167982.3 7 
0.0775 6248663.612 4254940.11 3 
0.0825 22906301.55 11928030.12 4 
0.0875 13324364.55 7198072.036 4 
0.0925 30837172.78 11369326.88 8 
0.0975 16887920.97 6009430.415 11 
0.1025 9283849.213 4762724.878 5 
0.1075 14612859.4 7371860.733 5 
0.1125 18368173.13 7359003.113 9 
0.1175 11394084.58 4643738.02 8 
0.1225 16211238.83 6353173.337 9 
0.1275 3329527.361 2474671.395 4 
0.1325 6034264.92 2618616.366 8 
0.1375 6611283.05 3368034.138 10 
0.1425 8043049.603 3611910.052 9 
0.1475 5518472.299 2536642.424 12 
0.1525 6420484.678 2724503.096 7 
0.1575 8292454.503 3347314.481 14 
0.1625 5893084.059 2899565.481 6 
0.1675 6890424.975 3132474.539 14 
0.1725 3813182.421 1539332.192 11 
0.1775 3117054.514 1847947.199 9 
0.1825 2033531.289 1258304.128 10 
0.1875 3245602.716 1315415.872 14 
0.1925 1174177.485 966028.6732 12 
0.1975 1399780.548 951150.8312 10 
0.2025 2881513.376 1471172.05 14 
0.2075 1335289.026 666572.1976 10 
0.2125 883935.117 631012.7286 11 
0.2175 2162861.199 978105.0866 15 
0.2225 193768.134 80426.71271 11 
0.2275 789560.3884 419320.0692 13 
0.2325 471721.8241 280162.5737 12 
0.2375 719083.215 351553.7285 13 
0.2425 1430555.669 841701.1619 10 
0.2475 645569.146 288555.4741 14 
0.2525 693486.7698 291630.2278 18 
0.2575 453685.8777 242766.5304 21 
0.2625 328518.2273 192193.2642 16 
0.2675 123758.6258 36034.45408 17 
0.2725 106689.6739 46644.48005 9 
0.2775 115213.044 39537.62709 12 
0.2825 135241.4488 44464.20383 13 
0.2875 173948.9926 62436.72399 15 
0.2925 279578.8757 105894.1912 24 
0.2975 117686.3165 36655.89634 22 
0.3025 82026.2927 29715.16578 15 
0.3075 207009.7187 50560.76936 27 
0.3125 125953.2209 40453.54163 17 
0.3175 131307.6303 38215.46282 22 
0.3225 40076.78954 17895.69807 17 
0.3275 62913.96559 22915.64742 17 
0.3325 128832.8958 39688.45931 21 
0.3375 100991.0377 30828.32766 21 
0.3425 88754.82798 36292.79679 20 
0.3475 87495.64786 26004.61713 22 
0.3525 87648.49411 28844.84091 20 
0.3575 97107.19078 24183.84457 28 
0.3625 109573.2155 31620.85249 24 
0.3675 50525.3291 18287.13326 15 
0.3725 59822.06777 19583.9559 19 
0.3775 46112.04373 18424.30965 16 
0.3825 95147.31096 28128.61999 24 
0.3875 57386.40486 21145.3582 23 
0.3925 34586.76965 16174.77686 19 
0.3975 46998.85785 13072.87544 25 
0.4025 64069.90834 23271.15733 20 
0.4075 83972.43236 27684.47482 21 
0.4125 44239.93153 17282.41403 23 
0.4175 54925.45305 19303.01151 23 
0.4225 130419.033 32720.4877 34 
0.4275 61170.47654 22346.86291 26 
0.4325 96699.72855 28222.89139 31 
0.4375 27259.10733 8017.892236 24 
0.4425 45738.31083 15973.98386 28 
0.4475 30838.68318 12802.10117 28 
0.4525 61172.05322 18052.02233 32 
0.4575 48911.50823 17091.66839 30 
0.4625 56564.50496 16455.18766 37 
0.4675 60256.55025 19592.24434 33 
0.4725 40094.92328 14809.22921 33 
0.4775 29811.03041 13196.87396 22 
0.4825 25099.20645 5545.63936 35 
0.4875 41122.66295 15094.29523 29 
0.4925 12578.4361 3259.21498 29 
0.4975 51282.86597 14232.58986 45 
