# Format: McCode with text headers
# URL: http://www.mccode.org
# Creator:  3.8.5, git
# Instrument: eqsans_sans.instr
# Ncount: 10000000
# Trace: no
# Gravitation: no
# Seed: 1790181786490162
# Directory: /Users/georgeyumnam/WORK/PANRAID/PaNRAID-results/Group2/panraidproject/scan_sans_sample/x-07_y+08
# Param: gx=-0.007
# Param: gy=0.008
# Param: sample_on=1
# Param: R_sphere=100
# Param: Phi=0.01
# Param: bs_radius=0
# Param: samp_ap=0.01
# Date: Wed Sep 23 18:43:41 2026 (1790181821)
# type: array_1d(120)
# Source: EQ_SANS_sample (eqsans_sans.instr)
# component: lambda_det
# position: 0 0 22.28
# title: Wavelength monitor
# Ncount: 10000000
# filename: lambda_det.dat
# statistics: X0=4.30123; dX=0.985374;
# signal: Min=0; Max=11189.5; Mean=1329.78;
# values: 159574 9623.18 5488
# xvar: L
# yvar: (I,I_err)
# xlabel: Wavelength [AA]
# ylabel: Intensity
# xlimits: 0 12
# variables: L I I_err N
0.05 0 0 0 
0.15 0 0 0 
0.25 0 0 0 
0.35 0 0 0 
0.45 0 0 0 
0.55 0 0 0 
0.65 0 0 0 
0.75 0 0 0 
0.85 0 0 0 
0.95 0 0 0 
1.05 0 0 0 
1.15 0 0 0 
1.25 0 0 0 
1.35 0 0 0 
1.45 0 0 0 
1.55 0 0 0 
1.65 0 0 0 
1.75 0 0 0 
1.85 0 0 0 
1.95 0 0 0 
2.05 0 0 0 
2.15 0 0 0 
2.25 0.5588364831 0.5588364831 1 
2.35 4.272329021 2.736699877 6 
2.45 17.44015663 11.2818137 10 
2.55 647.2741092 603.0862108 31 
2.65 398.5088867 378.4731564 52 
2.75 2914.97951 1190.338364 154 
2.85 4664.666456 1420.917574 332 
2.95 5084.287619 1482.10601 356 
3.05 3449.886705 1427.371665 337 
3.15 7142.437557 2315.161315 315 
3.25 4854.946687 1360.995238 288 
3.35 6010.588007 1992.378279 269 
3.45 5209.014273 1835.300861 245 
3.55 3350.812427 1151.77202 224 
3.65 11189.46889 3017.62587 205 
3.75 5054.573768 2015.512457 206 
3.85 3719.468534 1335.051163 201 
3.95 5232.72971 1820.477067 170 
4.05 5587.467289 1538.26681 181 
4.15 8741.71778 2622.565873 169 
4.25 4934.440438 1555.647636 146 
4.35 1331.176212 561.9344602 126 
4.45 3960.001615 1431.938672 127 
4.55 4517.979305 1817.838598 107 
4.65 6550.166284 2022.642106 115 
4.75 3757.711176 1056.411243 108 
4.85 6228.092772 1981.200987 87 
4.95 3337.906577 1415.581074 91 
5.05 3919.056954 1665.346496 82 
5.15 2194.262233 884.7832467 72 
5.25 2954.043008 1300.604791 74 
5.35 3686.494588 1350.411741 82 
5.45 6484.101382 2243.588086 66 
5.55 4320.224305 1612.731144 47 
5.65 2326.614314 1140.150773 54 
5.75 2373.161824 941.1881439 56 
5.85 2012.672101 690.2599281 55 
5.95 3304.769624 1237.466965 52 
6.05 1018.219746 415.7107674 42 
6.15 328.2242451 186.647118 32 
6.25 3185.623881 1367.332697 43 
6.35 1935.851591 1012.520455 41 
6.45 1569.065723 738.01414 23 
6.55 33.87742869 19.21410577 7 
6.65 34.66909948 34.66909948 1 
6.75 0 0 0 
6.85 0 0 0 
6.95 0 0 0 
7.05 0 0 0 
7.15 0 0 0 
7.25 0 0 0 
7.35 0 0 0 
7.45 0 0 0 
7.55 0 0 0 
7.65 0 0 0 
7.75 0 0 0 
7.85 0 0 0 
7.95 0 0 0 
8.05 0 0 0 
8.15 0 0 0 
8.25 0 0 0 
8.35 0 0 0 
8.45 0 0 0 
8.55 0 0 0 
8.65 0 0 0 
8.75 0 0 0 
8.85 0 0 0 
8.95 0 0 0 
9.05 0 0 0 
9.15 0 0 0 
9.25 0 0 0 
9.35 0 0 0 
9.45 0 0 0 
9.55 0 0 0 
9.65 0 0 0 
9.75 0 0 0 
9.85 0 0 0 
9.95 0 0 0 
10.05 0 0 0 
10.15 0 0 0 
10.25 0 0 0 
10.35 0 0 0 
10.45 0 0 0 
10.55 0 0 0 
10.65 0 0 0 
10.75 0 0 0 
10.85 0 0 0 
10.95 0 0 0 
11.05 0 0 0 
11.15 0 0 0 
11.25 0 0 0 
11.35 0 0 0 
11.45 0 0 0 
11.55 0 0 0 
11.65 0 0 0 
11.75 0 0 0 
11.85 0 0 0 
11.95 0 0 0 
