# Format: McCode with text headers
# URL: http://www.mccode.org
# Creator:  3.8.5, git
# Instrument: eqsans_sans.instr
# Ncount: 10000000
# Trace: no
# Gravitation: no
# Seed: 1790181025156838
# Directory: /Users/georgeyumnam/WORK/PANRAID/PaNRAID-results/Group2/panraidproject/scan_sans_sample/x-12_y-01
# Param: gx=-0.012
# Param: gy=-0.001
# Param: sample_on=1
# Param: R_sphere=100
# Param: Phi=0.01
# Param: bs_radius=0
# Param: samp_ap=0.01
# Date: Wed Sep 23 18:30:59 2026 (1790181059)
# type: array_1d(100)
# Source: EQ_SANS_sample (eqsans_sans.instr)
# component: qmon
# position: 0 0 22.281
# title: QMonitor - Distribution in q (Radially averaged)
# Ncount: 10000000
# filename: qdet.dat
# statistics: X0=0.0130145; dX=0.0099192;
# signal: Min=6337.49; Max=3.84083e+08; Mean=3.88331e+07;
# values: 3.88331e+09 4.28839e+08 5518
# xvar: q
# yvar: (I,I_err)
# xlabel: q [1 / AA]
# ylabel: I(q)
# xlimits: 0 0.151561
# variables: q I I_err N
0.0007578035702 145123009.9 145123009.9 1 
0.002273410711 384083427.8 293431793 3 
0.003789017851 316410811 175690350.7 4 
0.005304624991 212693028.6 93360967.92 6 
0.006820232132 179460304.2 81573377.12 6 
0.008335839272 238946110.7 70888130.89 14 
0.009851446413 288336957.3 101032636.3 13 
0.01136705355 305861560 85297261.41 19 
0.01288266069 313070887.6 88738528.94 19 
0.01439826783 204627406.7 64221304.57 16 
0.01591387497 199794255 53544109.77 20 
0.01742948211 144844542.8 42224039.96 19 
0.01894508925 178569615.7 47164882.94 24 
0.0204606964 113376436.2 35417170.18 19 
0.02197630354 146315321.5 32586643.57 27 
0.02349191068 48391253.97 15278566.17 18 
0.02500751782 79842750.23 21622852.29 24 
0.02652312496 65231588.62 16775837.62 24 
0.0280387321 78600524.37 18637194.34 35 
0.02955433924 59674168.54 15039262.36 31 
0.03106994638 38917360.12 11422550.54 33 
0.03258555352 23886906.18 7563778.46 29 
0.03410116066 13693367.67 5305217.245 24 
0.0356167678 25577106.11 6451788.722 49 
0.03713237494 17472421.66 5527481.651 47 
0.03864798208 10154679.16 2727746.538 46 
0.04016358922 5428130.158 2299449.922 36 
0.04167919636 4470682.982 1355803.869 49 
0.0431948035 4101490.732 1631043.539 49 
0.04471041064 1777340.829 636001.9123 44 
0.04622601778 2784602.226 564044.8791 68 
0.04774162492 1487207.062 391071.3271 59 
0.04925723206 1425101.328 287140.479 53 
0.0507728392 1199926.715 208875.2136 58 
0.05228844634 1647741.098 278656.0838 60 
0.05380405348 1805555.342 298727.2679 61 
0.05531966062 2020792.985 288733.5506 67 
0.05683526776 2143939.875 297402.8973 76 
0.05835087491 2347348.811 333018.4485 66 
0.05986648205 2017914.698 288403.0328 66 
0.06138208919 2352940.572 305353.5567 86 
0.06289769633 2017852.236 262940.8754 90 
0.06441330347 1424799.705 212479.3868 70 
0.06592891061 1284262.427 202816.1382 67 
0.06744451775 1005749.493 160693.6246 81 
0.06896012489 563611.3745 119806.8939 62 
0.07047573203 457027.6799 82355.4446 75 
0.07199133917 390982.1439 97887.9692 70 
0.07350694631 467592.8873 86495.411 84 
0.07502255345 474629.942 91044.44742 87 
0.07653816059 205866.4797 47479.55395 81 
0.07805376773 332291.4449 73951.78032 101 
0.07956937487 199455.3143 37685.11632 97 
0.08108498201 175103.3935 28178.11154 80 
0.08260058915 174801.3132 29852.01053 69 
0.08411619629 206254.1477 28229.45534 85 
0.08563180343 277947.3066 36792.1539 79 
0.08714741057 273372.2055 37253.48484 78 
0.08866301771 297296.7624 39706.94384 82 
0.09017862485 294666.7901 36840.86569 93 
0.09169423199 265950.2621 33733.41737 83 
0.09320983913 248743.0125 34467.14487 73 
0.09472544627 221305.561 31506.63173 70 
0.09624105341 201413.9009 29912.41201 63 
0.09775666056 185339.2757 25573.8245 83 
0.0992722677 188660.5001 25826.89049 83 
0.1007878748 172774.9353 24826.62744 86 
0.102303482 113477.151 19982.32924 66 
0.1038190891 107301.0613 18383.09199 83 
0.1053346963 67871.74071 12800.8565 75 
0.1068503034 66272.98506 11468.37866 98 
0.1083659105 49705.81513 9022.448429 77 
0.1098815177 40401.66987 7930.026992 66 
0.1113971248 33494.42476 5977.606969 69 
0.112912732 50594.34285 8327.496336 84 
0.1144283391 44077.28694 6753.113745 78 
0.1159439462 44434.72879 6965.731832 71 
0.1174595534 47253.84943 7303.677273 65 
0.1189751605 48550.19941 7834.983766 56 
0.1204907677 55296.00347 8242.557152 61 
0.1220063748 73563.69019 9816.675432 74 
0.1235219819 62406.72551 8530.162481 74 
0.1250375891 50045.46063 8034.990196 52 
0.1265531962 53409.84562 7436.249091 66 
0.1280688034 55013.59079 8098.385366 68 
0.1295844105 45184.02734 7034.744022 67 
0.1311000176 39603.56835 6295.737695 66 
0.1326156248 24982.82567 5096.377771 41 
0.1341312319 23697.88137 5026.23299 48 
0.1356468391 18800.24408 3959.950815 45 
0.1371624462 22144.77902 4245.089492 58 
0.1386780533 21444.09786 3693.011589 61 
0.1401936605 10643.30811 2125.329172 47 
0.1417092676 9045.276607 1992.783964 40 
0.1432248748 6643.330206 1454.754457 36 
0.1447404819 13155.97645 2628.365887 49 
0.146256089 10797.88949 2154.610988 37 
0.1477716962 6337.487537 1561.146763 27 
0.1492873033 10508.04932 2117.11415 36 
0.1508029105 10376.81743 2139.002084 37 
