# Format: McCode with text headers
# URL: http://www.mccode.org
# Creator:  3.8.5, git
# Instrument: eqsans_sans.instr
# Ncount: 10000000
# Trace: no
# Gravitation: no
# Seed: 1790180853644280
# Directory: /Users/georgeyumnam/WORK/PANRAID/PaNRAID-results/Group2/panraidproject/scan_sans_sample/x-13_y-08
# Param: gx=-0.013
# Param: gy=-0.008
# Param: sample_on=1
# Param: R_sphere=100
# Param: Phi=0.01
# Param: bs_radius=0
# Param: samp_ap=0.01
# Date: Wed Sep 23 18:28:08 2026 (1790180888)
# type: array_1d(100)
# Source: EQ_SANS_sample (eqsans_sans.instr)
# component: qmon
# position: 0 0 22.281
# title: QMonitor - Distribution in q (Radially averaged)
# Ncount: 10000000
# filename: qdet.dat
# statistics: X0=0.0117292; dX=0.00963556;
# signal: Min=5260.9; Max=3.97567e+08; Mean=3.1821e+07;
# values: 3.1821e+09 4.26535e+08 3792
# xvar: q
# yvar: (I,I_err)
# xlabel: q [1 / AA]
# ylabel: I(q)
# xlimits: 0 0.151561
# variables: q I I_err N
0.0007578035702 188661605.4 188661605.4 1 
0.002273410711 331145069.7 225668255.8 3 
0.003789017851 263282773.6 170167009.1 3 
0.005304624991 397566510.3 193814782.7 6 
0.006820232132 16061111.66 16061111.66 1 
0.008335839272 270899018.8 115084526.7 8 
0.009851446413 311818818.6 92241491.32 14 
0.01136705355 154392398.5 52640367.26 11 
0.01288266069 205263864.8 68982464.6 13 
0.01439826783 116677682.3 36972240.11 13 
0.01591387497 162780387.3 46132301.01 15 
0.01742948211 118134072 42072787.81 11 
0.01894508925 94006872.81 32645847.25 12 
0.0204606964 54358147.47 19607426.35 10 
0.02197630354 108693558.5 28188808.76 23 
0.02349191068 58572369.88 17448940.57 21 
0.02500751782 66910375.77 19374191.87 19 
0.02652312496 46586052.65 13314064.27 18 
0.0280387321 50069992.36 13833510.06 24 
0.02955433924 41982255.72 12593357.77 23 
0.03106994638 25470704.75 6977252.629 29 
0.03258555352 22254518.23 6481062.386 24 
0.03410116066 12863890.4 3968212.124 25 
0.0356167678 13125291.1 5270343.963 28 
0.03713237494 8384183.463 2271987.06 30 
0.03864798208 11837364.78 4118282.24 38 
0.04016358922 3472968.925 1283911.198 27 
0.04167919636 1743506.899 502433.4653 27 
0.0431948035 1542404.933 551453.3098 44 
0.04471041064 2227660.041 1405751.465 41 
0.04622601778 676022.162 176828.7392 29 
0.04774162492 1158702.511 363837.7583 34 
0.04925723206 797926.0111 171573.0309 40 
0.0507728392 1417419.791 291329.4991 48 
0.05228844634 902120.0759 199813.5243 37 
0.05380405348 1049673.596 198764.0033 44 
0.05531966062 1399895.307 242252.9565 47 
0.05683526776 1314450.547 255749.0325 47 
0.05835087491 1627375.469 257403.462 54 
0.05986648205 942099.3867 186278.9813 36 
0.06138208919 1348570.072 226820.315 48 
0.06289769633 1346152.177 207278.1986 59 
0.06441330347 848155.6714 156340.7108 48 
0.06592891061 734415.0469 157431.4042 46 
0.06744451775 623081.3221 117114.7468 50 
0.06896012489 467145.677 116429.484 37 
0.07047573203 322476.3423 80877.70717 46 
0.07199133917 322340.2395 93435.13287 46 
0.07350694631 231873.0623 61282.58365 62 
0.07502255345 190367.7793 51762.24928 51 
0.07653816059 221514.4392 60490.17194 68 
0.07805376773 68196.122 14591.78732 59 
0.07956937487 160046.812 40414.36036 59 
0.08108498201 139811.598 26165.06365 70 
0.08260058915 103596.9894 22086.13566 46 
0.08411619629 187090.3155 30603.01171 63 
0.08563180343 130426.7927 22593.43102 54 
0.08714741057 167710.0673 27100.5004 56 
0.08866301771 229562.62 33682.21419 62 
0.09017862485 209280.73 32073.23871 60 
0.09169423199 217871.6483 33749.84241 56 
0.09320983913 192479.5005 30922.86979 55 
0.09472544627 158891.3734 27571.62107 50 
0.09624105341 162444.3683 24510.95892 70 
0.09775666056 142266.7131 24197.25321 57 
0.0992722677 95414.85069 17887.01022 57 
0.1007878748 109436.5336 20202.02817 57 
0.102303482 80928.67964 15119.82764 59 
0.1038190891 82462.82783 17087.05806 48 
0.1053346963 58870.59314 13120.42943 54 
0.1068503034 30201.83162 7231.10305 53 
0.1083659105 29271.61612 7178.723168 44 
0.1098815177 41039.32736 9786.226454 59 
0.1113971248 30414.5849 5437.87382 66 
0.112912732 29534.67946 6673.103522 43 
0.1144283391 21468.51529 4677.092018 41 
0.1159439462 33568.17324 6021.845667 48 
0.1174595534 30100.64913 5181.800369 50 
0.1189751605 37912.21892 6464.785426 44 
0.1204907677 54266.95667 8292.249762 57 
0.1220063748 31946.9539 6228.012171 35 
0.1235219819 24491.29105 5416.695196 30 
0.1250375891 41492.61257 7383.248508 43 
0.1265531962 46225.12626 7418.721474 50 
0.1280688034 27929.53816 5710.048549 36 
0.1295844105 29405.05413 5623.957502 39 
0.1311000176 18700.0781 4382.808425 31 
0.1326156248 16485.40551 3786.411684 31 
0.1341312319 13917.80697 3757.916604 28 
0.1356468391 19672.72913 4412.203218 42 
0.1371624462 6236.82684 1644.996373 34 
0.1386780533 6263.696668 1999.82088 26 
0.1401936605 6921.436635 1835.257841 33 
0.1417092676 8779.924801 2223.507554 38 
0.1432248748 5260.897412 1508.682738 28 
0.1447404819 5754.078321 1482.444265 26 
0.146256089 7474.386489 1695.758079 29 
0.1477716962 6166.743467 1469.066845 27 
0.1492873033 6681.070835 1700.393767 24 
0.1508029105 8313.137671 1916.277737 26 
