# Format: McCode with text headers
# URL: http://www.mccode.org
# Creator:  3.8.5, git
# Instrument: eqsans_sans.instr
# Ncount: 10000000
# Trace: no
# Gravitation: no
# Seed: 1790184763135819
# Directory: /Users/georgeyumnam/WORK/PANRAID/PaNRAID-results/Group2/panraidproject/scan_sans_sample/x+14_y+00
# Param: gx=0.014
# Param: gy=0
# Param: sample_on=1
# Param: R_sphere=100
# Param: Phi=0.01
# Param: bs_radius=0
# Param: samp_ap=0.01
# Date: Wed Sep 23 19:33:18 2026 (1790184798)
# type: array_1d(100)
# Source: EQ_SANS_sample (eqsans_sans.instr)
# component: qmon
# position: 0 0 22.281
# title: QMonitor - Distribution in q (Radially averaged)
# Ncount: 10000000
# filename: qdet.dat
# statistics: X0=0.0120583; dX=0.0103738;
# signal: Min=5532; Max=4.69792e+08; Mean=3.40623e+07;
# values: 3.40623e+09 5.5077e+08 5132
# xvar: q
# yvar: (I,I_err)
# xlabel: q [1 / AA]
# ylabel: I(q)
# xlimits: 0 0.151561
# variables: q I I_err N
0.0007578035702 469792480.1 469792480.1 1 
0.002273410711 56403771.25 56403771.25 1 
0.003789017851 187808170.5 122735144.8 3 
0.005304624991 349447152.1 129237426.6 8 
0.006820232132 416799623.9 147354461 11 
0.008335839272 225676328.3 88447144.22 8 
0.009851446413 143359307.6 53503886.94 9 
0.01136705355 138168954.8 57694630.82 8 
0.01288266069 267150135.6 73076128.32 18 
0.01439826783 168231517.3 54943946.27 13 
0.01591387497 99478450.72 34215235.55 11 
0.01742948211 149753181.1 40674185.02 20 
0.01894508925 92937019.09 26347851.29 15 
0.0204606964 66185923.86 19166733.98 17 
0.02197630354 82665528.12 22352489.11 21 
0.02349191068 78352264.31 22677150.53 19 
0.02500751782 55606213.86 13772030.5 24 
0.02652312496 60387759.65 15295825.23 25 
0.0280387321 65715535.13 14114373.71 37 
0.02955433924 57143301.72 12045102.99 39 
0.03106994638 27075328.35 8721826.923 30 
0.03258555352 44015593.25 11769393.14 39 
0.03410116066 27997662.44 5980452.64 40 
0.0356167678 11070182.55 2795928.464 34 
0.03713237494 10305207.49 5730515.964 23 
0.03864798208 8114578.738 1792710.386 47 
0.04016358922 4260841.105 1888735.895 31 
0.04167919636 6104954.366 2292027.086 54 
0.0431948035 1665838.127 474461.4688 41 
0.04471041064 3831775.019 1511965.469 49 
0.04622601778 1171643.815 271939.4538 50 
0.04774162492 1220537.221 267978.8387 57 
0.04925723206 1240200.379 310580.4857 46 
0.0507728392 1174856.41 211212.609 49 
0.05228844634 1715713.601 271593.2848 66 
0.05380405348 2002089.205 314059.2115 66 
0.05531966062 1567498.674 247599.793 58 
0.05683526776 2049750.075 290657.1077 72 
0.05835087491 1870047.099 284050.3166 63 
0.05986648205 2319484.23 307483.5168 82 
0.06138208919 1593513.375 237395.8599 69 
0.06289769633 1491675.783 230685.0627 66 
0.06441330347 1175512.629 180766.6205 66 
0.06592891061 1588017.888 218245.0919 89 
0.06744451775 1103560.072 168863.2048 80 
0.06896012489 694429.0937 142146.4444 63 
0.07047573203 585798.612 115141.7661 67 
0.07199133917 659098.6331 121492.0153 98 
0.07350694631 483104.1054 104089.0306 75 
0.07502255345 274878.2536 57842.33495 92 
0.07653816059 202240.6623 61181.95888 63 
0.07805376773 226185.3109 40879.74194 93 
0.07956937487 146879.4745 25419.92421 80 
0.08108498201 196969.0125 34248.47681 89 
0.08260058915 166894.6116 29416.1688 77 
0.08411619629 236467.3744 32423.53588 82 
0.08563180343 263660.5812 36524.74131 87 
0.08714741057 257603.3764 33613.2537 85 
0.08866301771 250755.6415 34286.52294 72 
0.09017862485 297780.7087 37199.89704 87 
0.09169423199 282331.7924 37449.62651 80 
0.09320983913 223200.4757 31320.21361 68 
0.09472544627 274592.6932 34188.17779 91 
0.09624105341 175754.2306 26248.88092 68 
0.09775666056 135841.3506 21616.89212 66 
0.0992722677 164868.2181 23888.29442 72 
0.1007878748 123006.9238 21646.02022 70 
0.102303482 80427.72694 14115.07022 63 
0.1038190891 74161.2212 17316.85243 69 
0.1053346963 63277.32038 13261.00823 61 
0.1068503034 39149.92056 9484.080189 53 
0.1083659105 36439.16259 7369.270793 71 
0.1098815177 33454.43501 6283.874335 66 
0.1113971248 30152.65934 6545.446648 55 
0.112912732 44848.69127 7013.48575 78 
0.1144283391 40354.77663 6760.754037 66 
0.1159439462 46924.1431 7284.066904 59 
0.1174595534 46887.80297 7155.407462 64 
0.1189751605 60391.06281 8350.559876 68 
0.1204907677 47068.84432 7407.511133 52 
0.1220063748 53300.40967 7920.888019 61 
0.1235219819 54785.68726 8267.974404 62 
0.1250375891 56573.06972 8264.572549 61 
0.1265531962 44459.46152 7002.65643 53 
0.1280688034 48106.05132 7630.562305 55 
0.1295844105 32960.84799 5748.696491 43 
0.1311000176 35074.37234 5648.911693 60 
0.1326156248 22557.38221 4530.812809 41 
0.1341312319 24142.228 5375.419302 42 
0.1356468391 15976.49239 3402.365693 50 
0.1371624462 7346.035521 2102.230899 34 
0.1386780533 7769.001287 2080.094897 38 
0.1401936605 8551.069656 2267.021297 41 
0.1417092676 5531.996816 1733.470585 30 
0.1432248748 6728.578574 1397.807473 36 
0.1447404819 9755.948204 2028.084602 46 
0.146256089 11155.26692 2155.159911 49 
0.1477716962 9639.954357 1944.785958 43 
0.1492873033 9345.940069 1965.418017 31 
0.1508029105 11907.39854 2385.183688 31 
