# Format: McCode with text headers
# URL: http://www.mccode.org
# Creator:  3.8.5, git
# Instrument: eqsans_sans.instr
# Ncount: 10000000
# Trace: no
# Gravitation: no
# Seed: 1790180986683689
# Directory: /Users/georgeyumnam/WORK/PANRAID/PaNRAID-results/Group2/panraidproject/scan_sans_sample/x-12_y-17
# Param: gx=-0.012
# Param: gy=-0.017
# Param: sample_on=1
# Param: R_sphere=100
# Param: Phi=0.01
# Param: bs_radius=0
# Param: samp_ap=0.01
# Date: Wed Sep 23 18:30:20 2026 (1790181020)
# type: array_1d(120)
# Source: EQ_SANS_sample (eqsans_sans.instr)
# component: lambda_det
# position: 0 0 22.28
# title: Wavelength monitor
# Ncount: 10000000
# filename: lambda_det.dat
# statistics: X0=4.3582; dX=1.07922;
# signal: Min=0; Max=5028.31; Mean=710.2;
# values: 85224 7140.96 2780
# xvar: L
# yvar: (I,I_err)
# xlabel: Wavelength [AA]
# ylabel: Intensity
# xlimits: 0 12
# variables: L I I_err N
0.05 0 0 0 
0.15 0 0 0 
0.25 0 0 0 
0.35 0 0 0 
0.45 0 0 0 
0.55 0 0 0 
0.65 0 0 0 
0.75 0 0 0 
0.85 0 0 0 
0.95 0 0 0 
1.05 0 0 0 
1.15 0 0 0 
1.25 0 0 0 
1.35 0 0 0 
1.45 0 0 0 
1.55 0 0 0 
1.65 0 0 0 
1.75 0 0 0 
1.85 0 0 0 
1.95 0 0 0 
2.05 0 0 0 
2.15 0 0 0 
2.25 1.828438575 2.02066669 3 
2.35 2.304150522 2.032132173 3 
2.45 0.4373799054 0.4224279781 3 
2.55 124.5262191 120.8195672 14 
2.65 953.8057093 688.9711248 42 
2.75 595.1501651 359.8234501 97 
2.85 2074.375784 1323.223527 156 
2.95 5028.306683 1985.41647 182 
3.05 3975.334828 1600.988043 131 
3.15 2421.986029 1272.234757 142 
3.25 2302.362397 1001.387048 160 
3.35 3285.57743 1639.035118 149 
3.45 3634.564473 1325.60215 123 
3.55 2155.254776 1372.888906 103 
3.65 3044.929823 1358.376226 120 
3.75 2435.131534 991.7338569 116 
3.85 3734.248312 1419.714781 100 
3.95 2279.646489 1008.729038 78 
4.05 1587.266075 776.1313544 93 
4.15 2823.754394 1270.583001 79 
4.25 3098.655517 1537.294504 68 
4.35 634.8742053 323.839373 67 
4.45 2512.206613 1146.988863 58 
4.55 615.5300584 426.434912 60 
4.65 4467.01546 2122.653024 62 
4.75 755.2754789 317.804868 57 
4.85 1979.072998 1057.985103 51 
4.95 1773.822962 712.4487263 55 
5.05 1422.678288 1001.615501 38 
5.15 2671.287589 1309.365282 36 
5.25 4062.978048 1482.643379 44 
5.35 1044.108613 650.4369955 32 
5.45 1559.539685 679.089162 36 
5.55 1815.921791 793.0951591 38 
5.65 1241.44687 727.5085249 29 
5.75 851.5793559 471.9264309 15 
5.85 2544.516568 1282.599506 27 
5.95 1748.389141 1032.497882 26 
6.05 908.7867795 512.7843129 24 
6.15 2668.374079 1407.771167 19 
6.25 2228.740759 1588.786264 15 
6.35 1106.743869 843.7748446 15 
6.45 615.3860292 497.9359357 8 
6.55 436.292579 466.5470964 6 
6.65 0 0 0 
6.75 0 0 0 
6.85 0 0 0 
6.95 0 0 0 
7.05 0 0 0 
7.15 0 0 0 
7.25 0 0 0 
7.35 0 0 0 
7.45 0 0 0 
7.55 0 0 0 
7.65 0 0 0 
7.75 0 0 0 
7.85 0 0 0 
7.95 0 0 0 
8.05 0 0 0 
8.15 0 0 0 
8.25 0 0 0 
8.35 0 0 0 
8.45 0 0 0 
8.55 0 0 0 
8.65 0 0 0 
8.75 0 0 0 
8.85 0 0 0 
8.95 0 0 0 
9.05 0 0 0 
9.15 0 0 0 
9.25 0 0 0 
9.35 0 0 0 
9.45 0 0 0 
9.55 0 0 0 
9.65 0 0 0 
9.75 0 0 0 
9.85 0 0 0 
9.95 0 0 0 
10.05 0 0 0 
10.15 0 0 0 
10.25 0 0 0 
10.35 0 0 0 
10.45 0 0 0 
10.55 0 0 0 
10.65 0 0 0 
10.75 0 0 0 
10.85 0 0 0 
10.95 0 0 0 
11.05 0 0 0 
11.15 0 0 0 
11.25 0 0 0 
11.35 0 0 0 
11.45 0 0 0 
11.55 0 0 0 
11.65 0 0 0 
11.75 0 0 0 
11.85 0 0 0 
11.95 0 0 0 
