# Format: McCode with text headers
# URL: http://www.mccode.org
# Creator:  3.8.5, git
# Instrument: eqsans_cylinder.instr
# Ncount: 5000000
# Trace: no
# Gravitation: no
# Seed: 1790193180578784
# Directory: /Users/georgeyumnam/WORK/PANRAID/PaNRAID-results/Group2/panraidproject/dataset_cylinder/cyl_000268
# Param: gx=0
# Param: gy=0
# Param: sample_on=1
# Param: bs_radius=0
# Param: samp_ap=0.01
# Param: sld=7.11963
# Param: sld_solvent=1
# Param: radius=129.209
# Param: length=463.005
# Param: pd_radius=0.030614
# Param: pd_length=0.14212
# Param: model_scale=1
# Param: model_abs=0
# Date: Wed Sep 23 21:53:18 2026 (1790193198)
# type: array_1d(100)
# Source: EQ_SANS_cylinder (eqsans_cylinder.instr)
# component: qmon
# position: 0 0 22.281
# title: QMonitor - Radially averaged distribution
# Ncount: 5000000
# filename: rdet.dat
# statistics: X0=0.0416995; dX=0.0371754;
# signal: Min=1.65504e+13; Max=1.86024e+17; Mean=1.69839e+16;
# values: 1.69839e+18 5.66908e+16 163992
# xvar: r
# yvar: (I,I_err)
# xlabel: Radius [m]
# ylabel: I(r)
# xlimits: 0 0.5
# variables: r I I_err N
0.0025 1.860238197e+17 4.343399762e+16 25 
0.0075 1.235766225e+17 1.977373382e+16 49 
0.0125 1.412132824e+17 1.702082427e+16 87 
0.0175 1.149048385e+17 1.29252833e+16 107 
0.0225 1.087645449e+17 1.057602396e+16 149 
0.0275 1.00422299e+17 8.84899845e+15 183 
0.0325 1.152583624e+17 9.102962559e+15 238 
0.0375 9.269209009e+16 7.320861503e+15 251 
0.0425 8.18337107e+16 6.391785355e+15 251 
0.0475 7.992508393e+16 5.647185464e+15 318 
0.0525 7.105469558e+16 4.957216507e+15 340 
0.0575 6.477771771e+16 4.222587451e+15 392 
0.0625 6.439192757e+16 4.178305155e+15 431 
0.0675 4.85509419e+16 3.330898851e+15 425 
0.0725 4.496617767e+16 2.973022737e+15 487 
0.0775 4.036156378e+16 2.652038216e+15 518 
0.0825 3.336202779e+16 2.255037997e+15 530 
0.0875 2.567318208e+16 1.672291837e+15 567 
0.0925 2.605809806e+16 1.582316041e+15 655 
0.0975 2.211391976e+16 1.38120592e+15 662 
0.1025 1.934957182e+16 1.247431515e+15 699 
0.1075 1.3393055e+16 8.691921207e+14 692 
0.1125 1.297630576e+16 8.532130326e+14 778 
0.1175 9.355194699e+15 6.148478915e+14 750 
0.1225 7.941848165e+15 5.514226104e+14 780 
0.1275 7.118521575e+15 4.938292503e+14 831 
0.1325 5.889663182e+15 4.36999051e+14 878 
0.1375 5.149778202e+15 3.707626379e+14 910 
0.1425 4.377529576e+15 3.29991106e+14 909 
0.1475 3.296500273e+15 2.265027312e+14 981 
0.1525 2.792814668e+15 1.971433911e+14 1006 
0.1575 2.634189448e+15 1.813967357e+14 1011 
0.1625 2.112921128e+15 1.570954215e+14 1029 
0.1675 1.820949519e+15 1.396895663e+14 1065 
0.1725 1.479617825e+15 1.110076208e+14 1080 
0.1775 1.200957848e+15 8.435552987e+13 1159 
0.1825 1.159401625e+15 8.269891859e+13 1211 
0.1875 1.11190115e+15 7.888818517e+13 1294 
0.1925 8.265834776e+14 5.613933856e+13 1285 
0.1975 7.813110508e+14 5.473358205e+13 1303 
0.2025 5.848432539e+14 3.655425609e+13 1345 
0.2075 5.339916543e+14 3.133942309e+13 1330 
0.2125 4.989177311e+14 3.0325736e+13 1378 
0.2175 4.291624693e+14 2.389235635e+13 1447 
0.2225 3.668578053e+14 1.920420008e+13 1451 
0.2275 3.241457756e+14 1.442730391e+13 1473 
0.2325 3.08592672e+14 1.341684014e+13 1505 
0.2375 2.79133308e+14 1.177032355e+13 1507 
0.2425 2.688422341e+14 1.026245612e+13 1629 
0.2475 2.416614761e+14 9.114916797e+12 1588 
0.2525 2.406763868e+14 9.60767213e+12 1649 
0.2575 2.335053233e+14 8.381606301e+12 1727 
0.2625 1.964558764e+14 7.295792883e+12 1683 
0.2675 1.869831046e+14 6.981184383e+12 1756 
0.2725 1.860879882e+14 6.935198559e+12 1738 
0.2775 1.702168742e+14 6.325048133e+12 1793 
0.2825 1.504538944e+14 5.839090375e+12 1761 
0.2875 1.575056155e+14 5.969914652e+12 1867 
0.2925 1.569025271e+14 5.786173544e+12 1968 
0.2975 1.408604833e+14 5.398158231e+12 1915 
0.3025 1.255150448e+14 4.952827618e+12 1938 
0.3075 1.180597054e+14 4.659562626e+12 1913 
0.3125 1.164842592e+14 4.541154484e+12 2103 
0.3175 1.202835778e+14 4.68066361e+12 2074 
0.3225 1.08731973e+14 4.223295399e+12 2190 
0.3275 9.69906632e+13 3.93205283e+12 2110 
0.3325 9.179302297e+13 3.714052644e+12 2226 
0.3375 8.581030524e+13 3.435607258e+12 2211 
0.3425 7.442553215e+13 3.101199538e+12 2160 
0.3475 7.815347325e+13 3.153387694e+12 2267 
0.3525 7.318581653e+13 2.946845706e+12 2284 
0.3575 6.336576572e+13 2.464887601e+12 2298 
0.3625 6.510841393e+13 2.632035763e+12 2435 
0.3675 6.206598639e+13 2.390659355e+12 2461 
0.3725 5.611231686e+13 2.227745199e+12 2457 
0.3775 4.805932854e+13 1.800112483e+12 2514 
0.3825 4.558138765e+13 1.715194307e+12 2510 
0.3875 4.349953692e+13 1.712220505e+12 2446 
0.3925 4.348139464e+13 1.605559863e+12 2681 
0.3975 4.00637186e+13 1.392178404e+12 2673 
0.4025 3.739967225e+13 1.290495621e+12 2689 
0.4075 3.359811475e+13 1.259515889e+12 2628 
0.4125 3.141110669e+13 1.020891053e+12 2687 
0.4175 3.11992199e+13 9.882905134e+11 2828 
0.4225 2.770816714e+13 8.923880325e+11 2820 
0.4275 2.87066774e+13 8.881554338e+11 2885 
0.4325 2.585176009e+13 7.835226571e+11 2788 
0.4375 2.54465401e+13 7.843044337e+11 2842 
0.4425 2.482703497e+13 7.214860767e+11 2986 
0.4475 2.389733815e+13 7.056951277e+11 2928 
0.4525 2.218438635e+13 6.593780113e+11 2976 
0.4575 2.199615517e+13 6.425363622e+11 2980 
0.4625 2.094150929e+13 6.208818953e+11 2997 
0.4675 2.05813055e+13 6.072394427e+11 3111 
0.4725 2.025133999e+13 5.954530932e+11 3184 
0.4775 1.827368549e+13 5.433663612e+11 3121 
0.4825 1.879906003e+13 5.502303018e+11 3177 
0.4875 1.731866773e+13 5.175961683e+11 3110 
0.4925 1.655040341e+13 5.008129242e+11 3194 
0.4975 1.734543496e+13 5.241672606e+11 3284 
