# Format: McCode with text headers
# URL: http://www.mccode.org
# Creator:  3.8.5, git
# Instrument: eqsans_sans.instr
# Ncount: 10000000
# Trace: no
# Gravitation: no
# Seed: 1790181960845281
# Directory: /Users/georgeyumnam/WORK/PANRAID/PaNRAID-results/Group2/panraidproject/scan_sans_sample/x-06_y+17
# Param: gx=-0.006
# Param: gy=0.017
# Param: sample_on=1
# Param: R_sphere=100
# Param: Phi=0.01
# Param: bs_radius=0
# Param: samp_ap=0.01
# Date: Wed Sep 23 18:46:35 2026 (1790181995)
# type: array_1d(100)
# Source: EQ_SANS_sample (eqsans_sans.instr)
# component: qmon
# position: 0 0 22.281
# title: QMonitor - Radially averaged distribution
# Ncount: 10000000
# filename: rdet.dat
# statistics: X0=0.0745293; dX=0.0549328;
# signal: Min=0; Max=7.5962e+07; Mean=7.732e+06;
# values: 7.732e+08 1.05503e+08 2018
# xvar: r
# yvar: (I,I_err)
# xlabel: Radius [m]
# ylabel: I(r)
# xlimits: 0 0.5
# variables: r I I_err N
0.0025 0 0 0 
0.0075 75962005.95 75962005.95 1 
0.0125 0 0 0 
0.0175 0 0 0 
0.0225 0 0 0 
0.0275 60337693.65 36199113.04 3 
0.0325 42002418.42 21372102.09 4 
0.0375 41656232.9 24123810.73 3 
0.0425 50286570.18 25508053.59 4 
0.0475 54230894.43 23842484.82 6 
0.0525 29079401.22 15143912.32 4 
0.0575 19374629.36 13780750.38 2 
0.0625 30766172.7 15172183.1 5 
0.0675 45638272.93 17029831.93 9 
0.0725 10774997.56 7703166.804 2 
0.0775 26427622.54 11777118.59 6 
0.0825 30411598.28 14312066.28 7 
0.0875 24658273.84 9485962.549 9 
0.0925 17795658.27 8049903.972 6 
0.0975 26448525.19 9263808.268 9 
0.1025 19366880.31 7528646.221 8 
0.1075 7619584.338 3801696.361 6 
0.1125 9730646.07 4587893.22 7 
0.1175 7459723.236 3601768.801 5 
0.1225 21078308.88 7048133.03 15 
0.1275 9066373.253 3811860.847 9 
0.1325 16686854.2 6787851.938 8 
0.1375 7157799.425 3834703.14 6 
0.1425 5430428.679 2521880.53 10 
0.1475 13388259.74 4583183.705 15 
0.1525 7965713.942 3190735.145 13 
0.1575 7472050.895 2541199.974 15 
0.1625 6834892.374 2902738.249 10 
0.1675 2633594.532 1338328.39 15 
0.1725 4178471.043 1873542.575 11 
0.1775 1312447.607 811021.889 9 
0.1825 4337789.1 1989518.97 13 
0.1875 5801745.525 2579641.911 20 
0.1925 3218469.07 1641237.033 14 
0.1975 4110338.041 1695778.907 22 
0.2025 2615898.398 959454.2926 23 
0.2075 1398703.762 571165.1115 18 
0.2125 2824226.272 1346166.651 14 
0.2175 1879376.84 805855.3491 24 
0.2225 1274235.386 543508.6351 17 
0.2275 587790.8786 473539.5917 11 
0.2325 541959.9923 285215.5128 19 
0.2375 1934697.479 750383.0437 27 
0.2425 395517.1113 186963.1855 18 
0.2475 1896096.8 715151.593 28 
0.2525 253893.9331 61557.50158 28 
0.2575 897055.3621 425128.3897 22 
0.2625 201702.7283 94611.22167 18 
0.2675 205668.1214 84632.48738 16 
0.2725 522381.5622 286129.5269 21 
0.2775 217989.6116 97297.66535 19 
0.2825 571626.9038 272491.6988 28 
0.2875 192920.7478 65040.07697 24 
0.2925 116977.3748 37913.3125 18 
0.2975 105521.2432 36386.64847 15 
0.3025 126293.7996 41335.54481 23 
0.3075 199127.7111 58290.67845 22 
0.3125 340324.8833 126608.3877 28 
0.3175 160223.5046 46975.21323 25 
0.3225 136480.2279 36129.18542 28 
0.3275 96204.67791 28912.57963 25 
0.3325 139761.8602 37644.16086 34 
0.3375 85268.98586 26059.66646 26 
0.3425 143200.3086 36680.04812 26 
0.3475 205417.8446 50425.64222 32 
0.3525 170248.8755 39416.87631 34 
0.3575 140196.7436 33203.45824 39 
0.3625 130492.1179 32983.29613 31 
0.3675 101120.9274 29082.34941 30 
0.3725 95497.23583 29544.69392 25 
0.3775 106612.4828 31692.32652 24 
0.3825 44404.18546 19040.57156 20 
0.3875 60957.47866 20551.57694 25 
0.3925 110599.1852 29499.25493 32 
0.3975 107941.5064 29770.28727 41 
0.4025 79414.73077 25040.66677 28 
0.4075 88135.59307 25068.86483 41 
0.4125 68216.45312 20039.29223 32 
0.4175 73520.05946 24252.08512 35 
0.4225 86756.64017 22842.94409 37 
0.4275 40722.75118 11447.81594 34 
0.4325 64410.72564 19149.81401 33 
0.4375 54993.84136 15103.78678 35 
0.4425 95960.19383 24639.88768 50 
0.4475 54458.82472 18213.8602 38 
0.4525 43169.09527 15456.67824 24 
0.4575 57254.34342 16037.02615 39 
0.4625 58779.26432 18583.5095 38 
0.4675 34774.07071 13185.15563 28 
0.4725 44307.6435 13259.60908 31 
0.4775 65752.3318 18884.99708 46 
0.4825 41191.1239 12323.36512 44 
0.4875 40829.09764 12397.65495 36 
0.4925 27744.41063 7835.72277 41 
0.4975 43503.33651 14187.17614 39 
