# Format: McCode with text headers
# URL: http://www.mccode.org
# Creator:  3.8.5, git
# Instrument: eqsans_cylinder.instr
# Ncount: 5000000
# Trace: no
# Gravitation: no
# Seed: 1790194367227217
# Directory: /Users/georgeyumnam/WORK/PANRAID/PaNRAID-results/Group2/panraidproject/dataset_cylinder/cyl_000921
# Param: gx=0
# Param: gy=0
# Param: sample_on=1
# Param: bs_radius=0
# Param: samp_ap=0.01
# Param: sld=3.84944
# Param: sld_solvent=1
# Param: radius=116.765
# Param: length=454.915
# Param: pd_radius=0.176971
# Param: pd_length=0.121094
# Param: model_scale=1
# Param: model_abs=0
# Date: Wed Sep 23 22:13:05 2026 (1790194385)
# type: array_1d(100)
# Source: EQ_SANS_cylinder (eqsans_cylinder.instr)
# component: qmon
# position: 0 0 22.281
# title: QMonitor - Radially averaged distribution
# Ncount: 5000000
# filename: rdet.dat
# statistics: X0=0.0454091; dX=0.0383224;
# signal: Min=3.04067e+12; Max=2.37062e+16; Mean=2.60447e+15;
# values: 2.60447e+17 9.11537e+15 159898
# xvar: r
# yvar: (I,I_err)
# xlabel: Radius [m]
# ylabel: I(r)
# xlimits: 0 0.5
# variables: r I I_err N
0.0025 1.362850142e+16 5.95595874e+15 15 
0.0075 2.37062351e+16 4.239684438e+15 49 
0.0125 1.733503518e+16 2.528187771e+15 82 
0.0175 1.936496704e+16 2.659441269e+15 100 
0.0225 1.629587128e+16 1.817290158e+15 145 
0.0275 1.710655988e+16 1.836057837e+15 178 
0.0325 1.739879809e+16 1.691989107e+15 201 
0.0375 1.582300284e+16 1.459704514e+15 251 
0.0425 1.249939552e+16 1.106636527e+15 256 
0.0475 1.391106278e+16 1.16824941e+15 319 
0.0525 1.075444485e+16 8.390209217e+14 320 
0.0575 1.094398674e+16 8.308012341e+14 387 
0.0625 1.06691821e+16 8.211454903e+14 432 
0.0675 8.565796436e+15 6.794139541e+14 411 
0.0725 7.863575058e+15 5.748481689e+14 475 
0.0775 6.552635834e+15 4.594944296e+14 495 
0.0825 6.374549798e+15 4.88336139e+14 535 
0.0875 4.489744449e+15 3.452114628e+14 558 
0.0925 4.101242185e+15 2.842966591e+14 595 
0.0975 3.1240877e+15 2.084609717e+14 608 
0.1025 2.789717863e+15 2.079338499e+14 642 
0.1075 2.321690486e+15 1.609203418e+14 650 
0.1125 2.224192744e+15 1.510524972e+14 730 
0.1175 1.628339917e+15 1.085176444e+14 720 
0.1225 1.624832218e+15 1.078696406e+14 797 
0.1275 1.157682436e+15 8.158548944e+13 810 
0.1325 1.061167955e+15 9.196369203e+13 829 
0.1375 9.862133e+14 6.813036995e+13 881 
0.1425 8.341375014e+14 6.054326363e+13 915 
0.1475 6.26637552e+14 4.121995183e+13 959 
0.1525 5.882375448e+14 4.152713938e+13 996 
0.1575 4.951467744e+14 3.23934391e+13 1002 
0.1625 3.834961174e+14 2.439578935e+13 1051 
0.1675 3.613325651e+14 2.496080084e+13 1052 
0.1725 3.018364095e+14 2.009018996e+13 1090 
0.1775 2.820671008e+14 1.992769517e+13 1191 
0.1825 2.466945229e+14 1.713952668e+13 1154 
0.1875 2.144222481e+14 1.411725559e+13 1159 
0.1925 1.662134722e+14 1.003081211e+13 1201 
0.1975 1.391748459e+14 8.744651091e+12 1233 
0.2025 1.273070884e+14 8.595409061e+12 1244 
0.2075 1.220009883e+14 7.443457026e+12 1403 
0.2125 9.218356404e+13 4.656508114e+12 1365 
0.2175 9.231389131e+13 5.106056109e+12 1432 
0.2225 8.332745257e+13 4.831156769e+12 1453 
0.2275 7.212577567e+13 3.491049004e+12 1447 
0.2325 6.065237605e+13 3.112637707e+12 1430 
0.2375 5.513148353e+13 2.642532854e+12 1458 
0.2425 4.815623886e+13 2.211769045e+12 1493 
0.2475 4.442561709e+13 2.009770033e+12 1529 
0.2525 4.44765392e+13 1.999931706e+12 1565 
0.2575 4.146218297e+13 1.760123314e+12 1694 
0.2625 3.86910572e+13 1.604061907e+12 1665 
0.2675 3.432553068e+13 1.446389304e+12 1721 
0.2725 3.205758303e+13 1.297010756e+12 1749 
0.2775 3.170916211e+13 1.324384653e+12 1731 
0.2825 3.225927547e+13 1.348941616e+12 1857 
0.2875 2.722272786e+13 1.099888846e+12 1808 
0.2925 2.69352205e+13 1.098292444e+12 1867 
0.2975 2.660359558e+13 1.061306162e+12 1949 
0.3025 2.483335752e+13 9.707309448e+11 1952 
0.3075 2.104989272e+13 8.296717641e+11 2013 
0.3125 1.967340482e+13 7.969257507e+11 1937 
0.3175 1.786333616e+13 7.50734587e+11 1968 
0.3225 1.852096123e+13 7.266175919e+11 2057 
0.3275 1.787213238e+13 6.874971592e+11 2178 
0.3325 1.596405713e+13 6.081591125e+11 2141 
0.3375 1.517660155e+13 5.833057067e+11 2157 
0.3425 1.404422638e+13 5.444458809e+11 2214 
0.3475 1.409249657e+13 5.475181902e+11 2225 
0.3525 1.28150009e+13 4.934391613e+11 2242 
0.3575 1.195700361e+13 4.793593161e+11 2251 
0.3625 1.085154503e+13 4.168382963e+11 2295 
0.3675 1.017158745e+13 3.816673238e+11 2319 
0.3725 9.774794087e+12 3.533104982e+11 2345 
0.3775 9.804031573e+12 3.541244435e+11 2478 
0.3825 8.899460768e+12 3.37970232e+11 2436 
0.3875 8.281813041e+12 2.911078468e+11 2435 
0.3925 8.345197274e+12 2.929587453e+11 2621 
0.3975 7.719563401e+12 2.718940188e+11 2529 
0.4025 7.602904222e+12 2.710564009e+11 2573 
0.4075 6.543384231e+12 2.345623495e+11 2572 
0.4125 6.276892858e+12 2.19688646e+11 2637 
0.4175 6.055636419e+12 2.156144038e+11 2634 
0.4225 5.415928549e+12 1.842308965e+11 2662 
0.4275 5.557324801e+12 1.90935991e+11 2733 
0.4325 5.282018012e+12 1.838212498e+11 2650 
0.4375 4.944492821e+12 1.628416952e+11 2840 
0.4425 4.796184196e+12 1.580816107e+11 2907 
0.4475 4.545036246e+12 1.477785513e+11 2839 
0.4525 4.507451689e+12 1.485960213e+11 2880 
0.4575 4.163088751e+12 1.338711217e+11 2896 
0.4625 4.128555627e+12 1.332563368e+11 2983 
0.4675 3.851813642e+12 1.249753585e+11 3072 
0.4725 3.639051476e+12 1.140621626e+11 3054 
0.4775 3.69978554e+12 1.181915644e+11 3089 
0.4825 3.284281355e+12 1.044787316e+11 3085 
0.4875 3.312086346e+12 1.01800728e+11 3264 
0.4925 3.166686256e+12 9.733642397e+10 3223 
0.4975 3.040669739e+12 9.849055035e+10 3178 
