# Format: McCode with text headers
# URL: http://www.mccode.org
# Creator:  3.8.5, git
# Instrument: eqsans_cylinder.instr
# Ncount: 5000000
# Trace: no
# Gravitation: no
# Seed: 1790195101718760
# Directory: /Users/georgeyumnam/WORK/PANRAID/PaNRAID-results/Group2/panraidproject/dataset_cylinder/cyl_001331
# Param: gx=0
# Param: gy=0
# Param: sample_on=1
# Param: bs_radius=0
# Param: samp_ap=0.01
# Param: sld=5.58192
# Param: sld_solvent=1
# Param: radius=28.2069
# Param: length=237.041
# Param: pd_radius=0.182226
# Param: pd_length=0.005588
# Param: model_scale=1
# Param: model_abs=0
# Date: Wed Sep 23 22:25:19 2026 (1790195119)
# type: array_1d(100)
# Source: EQ_SANS_cylinder (eqsans_cylinder.instr)
# component: qmon
# position: 0 0 22.281
# title: QMonitor - Distribution in q (Radially averaged)
# Ncount: 5000000
# filename: qdet.dat
# statistics: X0=0.0216893; dX=0.0195707;
# signal: Min=1.12395e+11; Max=3.17196e+14; Mean=5.29105e+13;
# values: 5.29105e+15 9.40242e+13 251470
# xvar: q
# yvar: (I,I_err)
# xlabel: q [1 / AA]
# ylabel: I(q)
# xlimits: 0 0.151561
# variables: q I I_err N
0.0007578035702 3.171959821e+14 6.701986677e+13 46 
0.002273410711 2.885702716e+14 4.009752935e+13 122 
0.003789017851 2.870543088e+14 2.717689425e+13 207 
0.005304624991 2.585862158e+14 1.978299464e+13 299 
0.006820232132 2.652725723e+14 1.927793798e+13 361 
0.008335839272 2.352693e+14 1.585802667e+13 417 
0.009851446413 2.381357022e+14 1.461838899e+13 513 
0.01136705355 2.381306216e+14 1.309775449e+13 602 
0.01288266069 2.011295417e+14 1.11069561e+13 648 
0.01439826783 2.145965859e+14 1.106224032e+13 786 
0.01591387497 1.765612387e+14 8.301850708e+12 853 
0.01742948211 1.721717074e+14 7.823621685e+12 907 
0.01894508925 1.770070809e+14 7.530629335e+12 1054 
0.0204606964 1.628023332e+14 6.907330962e+12 1104 
0.02197630354 1.324219354e+14 5.236365817e+12 1156 
0.02349191068 1.34511413e+14 5.199877615e+12 1275 
0.02500751782 1.21154752e+14 4.896494357e+12 1293 
0.02652312496 1.149932741e+14 4.140725507e+12 1425 
0.0280387321 1.092610756e+14 3.884723291e+12 1544 
0.02955433924 1.0873806e+14 3.713833273e+12 1695 
0.03106994638 9.524296759e+13 3.25800349e+12 1689 
0.03258555352 8.297457451e+13 2.759413405e+12 1664 
0.03410116066 7.783508551e+13 2.558572749e+12 1782 
0.0356167678 7.481718362e+13 2.415390356e+12 1862 
0.03713237494 7.008205986e+13 2.132428307e+12 1977 
0.03864798208 6.755813039e+13 2.015871556e+12 2081 
0.04016358922 6.391933382e+13 1.82412196e+12 2190 
0.04167919636 5.768044807e+13 1.63818462e+12 2216 
0.0431948035 5.44812551e+13 1.501152722e+12 2315 
0.04471041064 4.996509003e+13 1.335721729e+12 2363 
0.04622601778 4.799275932e+13 1.25355693e+12 2528 
0.04774162492 4.566463998e+13 1.186488381e+12 2577 
0.04925723206 4.176984578e+13 1.053527373e+12 2639 
0.0507728392 3.997429778e+13 9.884059736e+11 2725 
0.05228844634 3.728721595e+13 9.228972373e+11 2833 
0.05380405348 3.447683172e+13 8.412446025e+11 2915 
0.05531966062 3.298295587e+13 7.715469674e+11 3022 
0.05683526776 3.009954224e+13 7.01324509e+11 3067 
0.05835087491 2.733127792e+13 6.308705466e+11 3120 
0.05986648205 2.601874733e+13 5.781975933e+11 3229 
0.06138208919 2.364178575e+13 5.219570177e+11 3228 
0.06289769633 2.205035974e+13 4.840336974e+11 3291 
0.06441330347 2.006505332e+13 4.294312117e+11 3370 
0.06592891061 1.892141823e+13 3.909139073e+11 3551 
0.06744451775 1.713759947e+13 3.561259537e+11 3463 
0.06896012489 1.546703728e+13 3.250753598e+11 3474 
0.07047573203 1.501848123e+13 3.050382049e+11 3635 
0.07199133917 1.374462222e+13 2.768160721e+11 3634 
0.07350694631 1.244018007e+13 2.501754301e+11 3654 
0.07502255345 1.127750753e+13 2.266241338e+11 3667 
0.07653816059 1.062247902e+13 2.095405542e+11 3746 
0.07805376773 9.741952789e+12 1.917674192e+11 3784 
0.07956937487 9.021543043e+12 1.748926933e+11 3857 
0.08108498201 8.12434617e+12 1.571223324e+11 3849 
0.08260058915 7.102951641e+12 1.390818682e+11 3753 
0.08411619629 6.749341342e+12 1.293268994e+11 3937 
0.08563180343 6.000091282e+12 1.163816686e+11 3797 
0.08714741057 5.465088862e+12 1.048560991e+11 3885 
0.08866301771 4.85413865e+12 9.426160767e+10 3846 
0.09017862485 4.364978085e+12 8.563393675e+10 3767 
0.09169423199 3.879237033e+12 7.595084346e+10 3753 
0.09320983913 3.58040451e+12 6.976207611e+10 3833 
0.09472544627 3.157433624e+12 6.182419263e+10 3801 
0.09624105341 2.811593862e+12 5.605056887e+10 3658 
0.09775666056 2.625845597e+12 5.165334411e+10 3793 
0.0992722677 2.31404404e+12 4.627224697e+10 3690 
0.1007878748 2.045013496e+12 4.129344278e+10 3650 
0.102303482 1.831085639e+12 3.756909471e+10 3571 
0.1038190891 1.612426167e+12 3.324207616e+10 3532 
0.1053346963 1.441502846e+12 3.042519855e+10 3482 
0.1068503034 1.292166935e+12 2.73678329e+10 3501 
0.1083659105 1.166331124e+12 2.48442326e+10 3440 
0.1098815177 9.938774592e+11 2.186346057e+10 3278 
0.1113971248 8.667254056e+11 1.942833047e+10 3234 
0.112912732 8.01527803e+11 1.805437171e+10 3233 
0.1144283391 6.916363753e+11 1.583068632e+10 3146 
0.1159439462 6.18452536e+11 1.423502074e+10 3074 
0.1174595534 5.647278183e+11 1.308090085e+10 3050 
0.1189751605 5.107282954e+11 1.196547301e+10 2990 
0.1204907677 4.626264893e+11 1.119691907e+10 2896 
0.1220063748 4.119429526e+11 1.022820795e+10 2787 
0.1235219819 3.756695242e+11 9208244428 2828 
0.1250375891 3.407673274e+11 8515563520 2735 
0.1265531962 3.2215575e+11 8022326714 2727 
0.1280688034 2.786532025e+11 7399198986 2520 
0.1295844105 2.53381457e+11 6784749369 2478 
0.1311000176 2.484594893e+11 6740461541 2449 
0.1326156248 2.22873369e+11 6076696448 2442 
0.1341312319 2.082540913e+11 5930916826 2370 
0.1356468391 1.890458218e+11 5493836532 2213 
0.1371624462 1.820462385e+11 5411388983 2202 
0.1386780533 1.64692063e+11 5026217857 2074 
0.1401936605 1.595908215e+11 4852380754 2096 
0.1417092676 1.484345968e+11 4559757465 2043 
0.1432248748 1.373376242e+11 4400798158 1923 
0.1447404819 1.30690692e+11 4218951484 1847 
0.146256089 1.270010368e+11 4126767682 1751 
0.1477716962 1.241955086e+11 4110204980 1723 
0.1492873033 1.12394748e+11 3759982655 1697 
0.1508029105 1.131597651e+11 3694967506 1671 
