# Format: McCode with text headers
# URL: http://www.mccode.org
# Creator:  3.8.5, git
# Instrument: eqsans_cylinder.instr
# Ncount: 5000000
# Trace: no
# Gravitation: no
# Seed: 1790192785274764
# Directory: /Users/georgeyumnam/WORK/PANRAID/PaNRAID-results/Group2/panraidproject/dataset_cylinder/cyl_000046
# Param: gx=0
# Param: gy=0
# Param: sample_on=1
# Param: bs_radius=0
# Param: samp_ap=0.01
# Param: sld=3.99964
# Param: sld_solvent=1
# Param: radius=145.564
# Param: length=511.858
# Param: pd_radius=0.211036
# Param: pd_length=0.038424
# Param: model_scale=1
# Param: model_abs=0
# Date: Wed Sep 23 21:46:43 2026 (1790192803)
# type: array_1d(100)
# Source: EQ_SANS_cylinder (eqsans_cylinder.instr)
# component: qmon
# position: 0 0 22.281
# title: QMonitor - Radially averaged distribution
# Ncount: 5000000
# filename: rdet.dat
# statistics: X0=0.0384512; dX=0.0334574;
# signal: Min=5.0174e+12; Max=7.26822e+16; Mean=7.5954e+15;
# values: 7.5954e+17 3.1931e+16 167961
# xvar: r
# yvar: (I,I_err)
# xlabel: Radius [m]
# ylabel: I(r)
# xlimits: 0 0.5
# variables: r I I_err N
0.0025 7.268219512e+16 2.256589442e+16 19 
0.0075 7.258931381e+16 1.206900487e+16 65 
0.0125 6.188763385e+16 1.029009146e+16 76 
0.0175 6.796698904e+16 9.396231995e+15 126 
0.0225 4.186647567e+16 5.432568385e+15 132 
0.0275 5.304604373e+16 6.128979513e+15 183 
0.0325 3.88563171e+16 4.74810537e+15 175 
0.0375 4.361577037e+16 5.048621798e+15 238 
0.0425 5.093809641e+16 5.143324467e+15 303 
0.0475 3.752724776e+16 3.412686295e+15 308 
0.0525 2.842385027e+16 2.690543772e+15 345 
0.0575 2.884791574e+16 2.399781008e+15 397 
0.0625 3.017372187e+16 2.705896377e+15 437 
0.0675 2.454526211e+16 1.998298748e+15 470 
0.0725 1.767885462e+16 1.512101583e+15 490 
0.0775 1.546637161e+16 1.342947184e+15 491 
0.0825 1.504531127e+16 1.344795906e+15 571 
0.0875 8.284424913e+15 6.52767719e+14 531 
0.0925 8.399815357e+15 6.656254539e+14 634 
0.0975 7.177770321e+15 5.708324632e+14 664 
0.1025 6.225351336e+15 5.40834868e+14 689 
0.1075 4.89733429e+15 3.737401967e+14 743 
0.1125 3.53451845e+15 3.512455354e+14 729 
0.1175 3.091508948e+15 2.749950244e+14 757 
0.1225 2.440635343e+15 1.870756082e+14 854 
0.1275 2.212781985e+15 1.663238878e+14 859 
0.1325 1.677821594e+15 1.203333733e+14 905 
0.1375 1.277846499e+15 9.679497839e+13 947 
0.1425 1.115432754e+15 8.614359008e+13 965 
0.1475 1.04810911e+15 8.224581447e+13 1000 
0.1525 7.417173373e+14 5.388594991e+13 1019 
0.1575 7.249277675e+14 4.774491125e+13 1075 
0.1625 6.020900666e+14 4.22255938e+13 1097 
0.1675 5.529945456e+14 3.492693706e+13 1213 
0.1725 4.087269788e+14 2.79494682e+13 1103 
0.1775 3.460729439e+14 2.248411202e+13 1195 
0.1825 3.391119588e+14 2.087613708e+13 1237 
0.1875 2.812855923e+14 1.647180655e+13 1222 
0.1925 2.558691679e+14 1.468002891e+13 1296 
0.1975 2.296041672e+14 1.195959093e+13 1343 
0.2025 1.95330764e+14 1.03725234e+13 1371 
0.2075 1.729607543e+14 8.717476535e+12 1391 
0.2125 1.605469523e+14 7.577323846e+12 1470 
0.2175 1.498954564e+14 7.290082021e+12 1463 
0.2225 1.37929477e+14 6.756732426e+12 1482 
0.2275 1.246592724e+14 6.225374042e+12 1472 
0.2325 1.029236305e+14 4.605422159e+12 1521 
0.2375 1.003691419e+14 4.837079953e+12 1553 
0.2425 8.902225199e+13 4.236563238e+12 1587 
0.2475 8.876889034e+13 4.137225066e+12 1727 
0.2525 8.051816956e+13 3.772213583e+12 1743 
0.2575 7.486944512e+13 3.394246246e+12 1719 
0.2625 6.886094076e+13 3.121343966e+12 1741 
0.2675 6.013726105e+13 2.698617909e+12 1728 
0.2725 5.913078113e+13 2.639475159e+12 1761 
0.2775 5.25964927e+13 2.366179291e+12 1828 
0.2825 5.18488348e+13 2.315798944e+12 1882 
0.2875 5.242877728e+13 2.255776135e+12 2035 
0.2925 4.364167e+13 1.85410983e+12 1970 
0.2975 3.950624523e+13 1.656747673e+12 1988 
0.3025 3.765886818e+13 1.529573819e+12 1990 
0.3075 3.829035365e+13 1.576212218e+12 2173 
0.3125 3.251987458e+13 1.335163606e+12 2089 
0.3175 3.264729481e+13 1.308893026e+12 2118 
0.3225 2.865965533e+13 1.131357289e+12 2144 
0.3275 2.706991152e+13 1.04700326e+12 2233 
0.3325 2.406369421e+13 9.317020147e+11 2184 
0.3375 2.426008767e+13 8.999982344e+11 2331 
0.3425 2.398623133e+13 9.323133149e+11 2314 
0.3475 2.256792987e+13 8.710872958e+11 2351 
0.3525 2.015062148e+13 7.428612259e+11 2385 
0.3575 1.883464236e+13 6.905965248e+11 2448 
0.3625 1.830739098e+13 6.573339095e+11 2455 
0.3675 1.76053904e+13 6.275181068e+11 2513 
0.3725 1.668020263e+13 5.87642004e+11 2536 
0.3775 1.516262924e+13 5.802535739e+11 2383 
0.3825 1.463581205e+13 5.22140164e+11 2590 
0.3875 1.398471784e+13 5.026217853e+11 2548 
0.3925 1.30141719e+13 4.534227871e+11 2595 
0.3975 1.259225092e+13 4.624441723e+11 2613 
0.4025 1.189740342e+13 4.03639526e+11 2764 
0.4075 1.153657894e+13 4.011693284e+11 2726 
0.4125 1.105126773e+13 3.697868804e+11 2785 
0.4175 9.753272262e+12 3.328753023e+11 2775 
0.4225 9.986283113e+12 3.405014191e+11 2844 
0.4275 9.375622593e+12 3.129635662e+11 2903 
0.4325 8.240901664e+12 2.87399694e+11 2870 
0.4375 8.154428385e+12 2.622360802e+11 2954 
0.4425 8.545303733e+12 2.767440188e+11 3009 
0.4475 7.36545558e+12 2.42432271e+11 2969 
0.4525 7.762897503e+12 2.490513347e+11 3081 
0.4575 7.318480391e+12 2.396882681e+11 3040 
0.4625 6.828365538e+12 2.1583432e+11 3167 
0.4675 6.476574425e+12 2.094947281e+11 3143 
0.4725 6.57935842e+12 2.170602445e+11 3195 
0.4775 6.113609297e+12 1.963009474e+11 3262 
0.4825 5.556228464e+12 1.7795182e+11 3211 
0.4875 5.627363711e+12 1.753372884e+11 3247 
0.4925 5.238065741e+12 1.646479037e+11 3301 
0.4975 5.017404732e+12 1.555264916e+11 3387 
