# Format: McCode with text headers
# URL: http://www.mccode.org
# Creator:  3.8.5, git
# Instrument: eqsans_sans.instr
# Ncount: 10000000
# Trace: no
# Gravitation: no
# Seed: 1790184344400044
# Directory: /Users/georgeyumnam/WORK/PANRAID/PaNRAID-results/Group2/panraidproject/scan_sans_sample/x+11_y+03
# Param: gx=0.011
# Param: gy=0.003
# Param: sample_on=1
# Param: R_sphere=100
# Param: Phi=0.01
# Param: bs_radius=0
# Param: samp_ap=0.01
# Date: Wed Sep 23 19:26:19 2026 (1790184379)
# type: array_1d(100)
# Source: EQ_SANS_sample (eqsans_sans.instr)
# component: qmon
# position: 0 0 22.281
# title: QMonitor - Distribution in q (Radially averaged)
# Ncount: 10000000
# filename: qdet.dat
# statistics: X0=0.0138047; dX=0.00960934;
# signal: Min=0; Max=5.23103e+08; Mean=3.42573e+07;
# values: 3.42573e+09 3.12028e+08 5133
# xvar: q
# yvar: (I,I_err)
# xlabel: q [1 / AA]
# ylabel: I(q)
# xlimits: 0 0.151561
# variables: q I I_err N
0.0007578035702 0 0 0 
0.002273410711 53097670.84 53097670.84 1 
0.003789017851 523103370.7 199239668.1 9 
0.005304624991 176629851.6 92105290.12 5 
0.006820232132 283534435.2 96925772.83 9 
0.008335839272 141366136.1 65906812.88 6 
0.009851446413 354081534.9 101275351.3 16 
0.01136705355 219951035.2 73110665.75 11 
0.01288266069 270727588.4 76569680.93 20 
0.01439826783 204257466.8 61859242.79 17 
0.01591387497 135007628.7 39581944.74 17 
0.01742948211 101336616.9 31962678.69 12 
0.01894508925 184332256.2 53083272.86 23 
0.0204606964 184143503.3 45731136.31 28 
0.02197630354 60160035.61 16257220.01 19 
0.02349191068 93100680.28 21855186.58 26 
0.02500751782 87705414.71 21249728.16 28 
0.02652312496 62684117.55 15382437.15 29 
0.0280387321 69207721.5 17211016.35 35 
0.02955433924 48807845.68 10519168.37 41 
0.03106994638 35209192.04 8128871.732 38 
0.03258555352 27976529.35 7210580.851 35 
0.03410116066 30269440.53 10288208.73 38 
0.0356167678 17992867.61 4575880.452 40 
0.03713237494 12779406.33 3344709.048 40 
0.03864798208 7028348.24 3160237.287 38 
0.04016358922 4806072.729 1516078.882 39 
0.04167919636 4153328.988 1279125.049 55 
0.0431948035 2174566.352 766262.8251 44 
0.04471041064 1105361.068 266932.5394 43 
0.04622601778 1282171.155 379071.71 48 
0.04774162492 994115.9633 221710.173 53 
0.04925723206 1334562.148 252015.0635 61 
0.0507728392 1206225.004 225198.9685 52 
0.05228844634 1398380.475 254357.4323 60 
0.05380405348 1843999.3 295934.1129 59 
0.05531966062 1712390.382 250640.593 65 
0.05683526776 1744468.115 248461.5963 67 
0.05835087491 1941574.561 270615.7087 69 
0.05986648205 1484799.62 235133.7537 59 
0.06138208919 1409839.979 222441.3528 57 
0.06289769633 1385983.682 231185.1752 69 
0.06441330347 1747693.51 256131.3457 82 
0.06592891061 1636910.984 249859.2956 88 
0.06744451775 994026.4141 155162.594 77 
0.06896012489 762165.8509 139664.6737 63 
0.07047573203 530975.5554 93974.53332 69 
0.07199133917 476612.6532 105024.756 78 
0.07350694631 357368.8307 75966.51009 71 
0.07502255345 260051.1112 67806.38291 78 
0.07653816059 163105.3232 45354.27245 71 
0.07805376773 181537.5372 44775.43165 74 
0.07956937487 97885.88478 20360.76066 63 
0.08108498201 205759.9611 34606.86061 88 
0.08260058915 174305.0621 27822.85066 75 
0.08411619629 194030.0832 30770.48375 71 
0.08563180343 287488.0753 38262.13965 87 
0.08714741057 221196.253 32683.03191 72 
0.08866301771 232274.184 33444.60717 73 
0.09017862485 292942.7762 36992.95453 86 
0.09169423199 275037.8737 35037.56567 81 
0.09320983913 196573.8288 29380.69872 66 
0.09472544627 213358.5863 29507.4 78 
0.09624105341 237076.7131 30751.57781 88 
0.09775666056 176364.0223 26376.80812 70 
0.0992722677 114478.698 19347.69924 65 
0.1007878748 144888.4847 22215.46967 81 
0.102303482 87989.25679 15337.03513 71 
0.1038190891 72913.26107 13309.65411 75 
0.1053346963 63650.73315 12740.56565 66 
0.1068503034 43986.95295 8051.381511 71 
0.1083659105 44958.22047 9071.696084 76 
0.1098815177 41056.89297 7601.830472 73 
0.1113971248 20379.88057 4312.284042 57 
0.112912732 33662.5704 5666.714276 58 
0.1144283391 37905.01189 6424.993787 60 
0.1159439462 33896.9908 5753.467225 64 
0.1174595534 54955.54643 8000.55621 73 
0.1189751605 49834.25678 7560.039041 62 
0.1204907677 60418.32645 8544.040882 68 
0.1220063748 49838.06149 7350.880722 60 
0.1235219819 60963.70494 8745.195177 62 
0.1250375891 42616.74935 7023.552224 52 
0.1265531962 52880.33905 8381.209661 56 
0.1280688034 44259.899 6895.978159 54 
0.1295844105 30862.07118 5235.842839 51 
0.1311000176 19355.69646 4054.927434 36 
0.1326156248 22720.60313 4915.51445 36 
0.1341312319 23949.1539 4632.970224 48 
0.1356468391 18362.36414 4590.978115 51 
0.1371624462 6425.450669 1914.193505 38 
0.1386780533 7367.44856 1860.859697 46 
0.1401936605 7829.942663 1971.701228 36 
0.1417092676 6026.495628 1581.977415 32 
0.1432248748 9809.372646 1959.283433 48 
0.1447404819 11796.61518 2295.568096 49 
0.146256089 6734.502866 1588.45118 27 
0.1477716962 6386.006891 1446.499265 35 
0.1492873033 7583.873759 1647.354569 35 
0.1508029105 8941.724893 1906.354288 31 
