# Format: McCode with text headers
# URL: http://www.mccode.org
# Creator:  3.8.5, git
# Instrument: eqsans_sans.instr
# Ncount: 10000000
# Trace: no
# Gravitation: no
# Seed: 1790181438988644
# Directory: /Users/georgeyumnam/WORK/PANRAID/PaNRAID-results/Group2/panraidproject/scan_sans_sample/x-09_y-08
# Param: gx=-0.009
# Param: gy=-0.008
# Param: sample_on=1
# Param: R_sphere=100
# Param: Phi=0.01
# Param: bs_radius=0
# Param: samp_ap=0.01
# Date: Wed Sep 23 18:37:53 2026 (1790181473)
# type: array_1d(100)
# Source: EQ_SANS_sample (eqsans_sans.instr)
# component: qmon
# position: 0 0 22.281
# title: QMonitor - Distribution in q (Radially averaged)
# Ncount: 10000000
# filename: qdet.dat
# statistics: X0=0.013627; dX=0.00995577;
# signal: Min=4777.05; Max=3.7125e+08; Mean=3.19214e+07;
# values: 3.19214e+09 3.48044e+08 4449
# xvar: q
# yvar: (I,I_err)
# xlabel: q [1 / AA]
# ylabel: I(q)
# xlimits: 0 0.151561
# variables: q I I_err N
0.0007578035702 308591863.8 219853411 2 
0.002273410711 58562350.97 58562350.97 1 
0.003789017851 194040338.5 115969000.8 3 
0.005304624991 146175887.4 100734328.5 3 
0.006820232132 174911115.4 74769394.62 6 
0.008335839272 371249797.1 128405181.5 11 
0.009851446413 126429049.3 46791513.15 8 
0.01136705355 174324892.3 69186915.31 8 
0.01288266069 283405557 78270623.81 17 
0.01439826783 216168378.5 60295687.32 17 
0.01591387497 110090428.7 45269041.85 10 
0.01742948211 117537166.7 37857672.96 12 
0.01894508925 128882385.9 40464754.16 16 
0.0204606964 126674153.2 33597817.09 23 
0.02197630354 120618542.1 29347360.82 26 
0.02349191068 105939360 27887394.51 23 
0.02500751782 137519047.2 32529505.16 37 
0.02652312496 47312254.45 10913770.18 28 
0.0280387321 45490558.11 11599860.13 28 
0.02955433924 44600134.03 10707760.47 37 
0.03106994638 40973123.62 11425755.6 34 
0.03258555352 17417638.48 4234865.149 31 
0.03410116066 17123639.7 4667329.954 35 
0.0356167678 12483076.01 3729762.523 31 
0.03713237494 13809895.51 2947079.458 56 
0.03864798208 10216743.37 3912036.754 36 
0.04016358922 3216450.226 1074756.222 36 
0.04167919636 5979989.211 2157336.264 39 
0.0431948035 5327426.948 1933482.155 48 
0.04471041064 1835534.079 723976.5507 45 
0.04622601778 1796839.938 847994.5343 46 
0.04774162492 566610.2143 192699.8036 30 
0.04925723206 948272.803 299975.3772 35 
0.0507728392 1340944.446 323369.1379 39 
0.05228844634 1390547.876 256653.8516 45 
0.05380405348 1688579.641 277998.0486 60 
0.05531966062 1186173.884 215022.0433 45 
0.05683526776 1714431.246 283692.8644 55 
0.05835087491 1759134.741 268213.9135 62 
0.05986648205 1004668.342 184363.7982 39 
0.06138208919 1818776.478 250924.2689 75 
0.06289769633 1261512.181 205622.1148 53 
0.06441330347 864994.2555 166752.4913 48 
0.06592891061 1024828.897 182309.0294 64 
0.06744451775 709501.9469 135345.4325 55 
0.06896012489 613236.3472 127200.5535 56 
0.07047573203 584475.7094 100302.0784 67 
0.07199133917 437195.5445 96544.63911 55 
0.07350694631 249106.7995 66522.29206 47 
0.07502255345 253282.6555 67731.7881 64 
0.07653816059 189260.2453 41646.7533 66 
0.07805376773 106100.7685 20920.78831 62 
0.07956937487 104725.6135 19978.6394 63 
0.08108498201 151973.4536 23596.85911 79 
0.08260058915 172305.3016 26800.80827 67 
0.08411619629 218919.5133 30937.51618 81 
0.08563180343 206381.7508 31700.51485 64 
0.08714741057 183218.1528 29957.91707 56 
0.08866301771 258887.777 33902.43754 82 
0.09017862485 220816.9331 33070.97291 64 
0.09169423199 202199.8133 30521.9483 61 
0.09320983913 243268.6677 34057.27932 68 
0.09472544627 144591.0317 25309.26003 45 
0.09624105341 219847.6039 29747.82565 75 
0.09775666056 186651.6097 27060.70088 74 
0.0992722677 130564.1954 21339.18244 61 
0.1007878748 126104.2412 23044.3227 66 
0.102303482 90969.01203 17997.71094 60 
0.1038190891 49307.17795 10551.19177 55 
0.1053346963 51257.40487 10010.94843 59 
0.1068503034 39185.00964 9068.481298 64 
0.1083659105 36106.77239 8403.875588 57 
0.1098815177 38167.18061 6205.970916 77 
0.1113971248 33502.3447 6058.904156 62 
0.112912732 41446.86238 7376.720408 65 
0.1144283391 32114.65993 6237.302297 50 
0.1159439462 31497.76103 5905.891408 44 
0.1174595534 40377.4132 6725.006227 55 
0.1189751605 47135.24804 7396.015976 61 
0.1204907677 32092.33138 5901.941842 42 
0.1220063748 50554.55179 7849.291942 55 
0.1235219819 47802.84474 7573.989009 54 
0.1250375891 41974.70376 7167.171099 48 
0.1265531962 43264.07 7381.518836 43 
0.1280688034 23643.15536 5206.14802 36 
0.1295844105 25333.01401 4946.922752 42 
0.1311000176 23544.14525 4839.870007 44 
0.1326156248 22437.71151 4390.793238 43 
0.1341312319 20504.70319 4370.886174 41 
0.1356468391 13659.8385 3018.347512 53 
0.1371624462 9846.851927 2423.216536 37 
0.1386780533 8897.048981 2466.018436 40 
0.1401936605 13379.0759 2823.831739 56 
0.1417092676 8127.399078 1671.446377 40 
0.1432248748 6026.543479 1503.490654 35 
0.1447404819 4777.047339 1291.421658 27 
0.146256089 7321.392028 1701.655924 32 
0.1477716962 6821.942135 1705.405657 24 
0.1492873033 7913.791948 1716.354498 33 
0.1508029105 9937.376788 1986.150078 34 
