# Format: McCode with text headers
# URL: http://www.mccode.org
# Creator:  3.8.5, git
# Instrument: eqsans_cylinder.instr
# Ncount: 5000000
# Trace: no
# Gravitation: no
# Seed: 1790194834746047
# Directory: /Users/georgeyumnam/WORK/PANRAID/PaNRAID-results/Group2/panraidproject/dataset_cylinder/cyl_001182
# Param: gx=0
# Param: gy=0
# Param: sample_on=1
# Param: bs_radius=0
# Param: samp_ap=0.01
# Param: sld=4.406
# Param: sld_solvent=1
# Param: radius=110.502
# Param: length=487.22
# Param: pd_radius=0.241199
# Param: pd_length=0.049028
# Param: model_scale=1
# Param: model_abs=0
# Date: Wed Sep 23 22:20:52 2026 (1790194852)
# type: array_1d(100)
# Source: EQ_SANS_cylinder (eqsans_cylinder.instr)
# component: qmon
# position: 0 0 22.281
# title: QMonitor - Distribution in q (Radially averaged)
# Ncount: 5000000
# filename: qdet.dat
# statistics: X0=0.00843357; dX=0.00700111;
# signal: Min=6.4941e+11; Max=1.1696e+17; Mean=9.53409e+15;
# values: 9.53409e+17 3.5677e+16 262400
# xvar: q
# yvar: (I,I_err)
# xlabel: q [1 / AA]
# ylabel: I(q)
# xlimits: 0 0.151561
# variables: q I I_err N
0.0007578035702 9.931353262e+16 2.450904229e+16 33 
0.002273410711 1.117693331e+17 1.455292761e+16 128 
0.003789017851 9.920157751e+16 1.188821922e+16 211 
0.005304624991 1.169604214e+17 1.211470572e+16 313 
0.006820232132 8.744328106e+16 7.540932495e+15 347 
0.008335839272 8.301521347e+16 6.514524559e+15 480 
0.009851446413 7.19000366e+16 5.178231428e+15 568 
0.01136705355 6.914939439e+16 5.174398736e+15 650 
0.01288266069 4.336682018e+16 2.862559875e+15 728 
0.01439826783 3.877830307e+16 2.895043565e+15 765 
0.01591387497 3.442953802e+16 2.679701054e+15 891 
0.01742948211 2.086043533e+16 1.438359602e+15 899 
0.01894508925 1.830225345e+16 1.244007727e+15 1073 
0.0204606964 1.579317438e+16 1.355545678e+15 1149 
0.02197630354 9.831697774e+15 7.515449575e+14 1199 
0.02349191068 7.554448658e+15 4.392652194e+14 1339 
0.02500751782 6.358635659e+15 5.936195256e+14 1403 
0.02652312496 4.148524052e+15 2.334897142e+14 1457 
0.0280387321 3.074711524e+15 1.534754429e+14 1624 
0.02955433924 2.136435954e+15 1.128807847e+14 1621 
0.03106994638 1.717292904e+15 1.241866156e+14 1686 
0.03258555352 1.25106409e+15 6.034885073e+13 1780 
0.03410116066 1.008795052e+15 4.604678389e+13 1916 
0.0356167678 8.13567305e+14 4.039233709e+13 2011 
0.03713237494 6.449954171e+14 2.543633335e+13 2081 
0.03864798208 5.081010951e+14 1.827427581e+13 2104 
0.04016358922 4.502603008e+14 1.659047961e+13 2172 
0.04167919636 4.101535007e+14 1.429105753e+13 2284 
0.0431948035 3.556629481e+14 1.117678477e+13 2436 
0.04471041064 3.050831164e+14 9.016790823e+12 2550 
0.04622601778 2.651766068e+14 7.728784327e+12 2618 
0.04774162492 2.284434549e+14 6.752857922e+12 2645 
0.04925723206 2.109738858e+14 6.085735519e+12 2749 
0.0507728392 1.835691602e+14 5.176828782e+12 2852 
0.05228844634 1.577966096e+14 4.383782111e+12 2865 
0.05380405348 1.491278035e+14 4.138867713e+12 3014 
0.05531966062 1.26495331e+14 3.336500787e+12 3092 
0.05683526776 1.1531141e+14 2.91044722e+12 3202 
0.05835087491 1.006086294e+14 2.562800013e+12 3350 
0.05986648205 8.909571017e+13 2.247425058e+12 3356 
0.06138208919 8.108769188e+13 1.969559722e+12 3446 
0.06289769633 7.459599254e+13 1.800422401e+12 3515 
0.06441330347 6.623635962e+13 1.605146548e+12 3489 
0.06592891061 5.765141462e+13 1.379066512e+12 3577 
0.06744451775 5.370721165e+13 1.233347835e+12 3655 
0.06896012489 4.747099598e+13 1.13800999e+12 3514 
0.07047573203 4.467437906e+13 1.025713018e+12 3751 
0.07199133917 3.986077711e+13 8.999366245e+11 3778 
0.07350694631 3.662308779e+13 8.371151918e+11 3766 
0.07502255345 3.442730988e+13 7.737507264e+11 3868 
0.07653816059 3.105788434e+13 6.955903518e+11 3933 
0.07805376773 2.827064224e+13 6.173972945e+11 3939 
0.07956937487 2.56016377e+13 5.598350044e+11 3973 
0.08108498201 2.429967073e+13 5.354961686e+11 3954 
0.08260058915 2.1887491e+13 4.788224189e+11 3917 
0.08411619629 2.034749257e+13 4.442443622e+11 3998 
0.08563180343 1.871858223e+13 4.007436133e+11 3972 
0.08714741057 1.69736156e+13 3.599207808e+11 3971 
0.08866301771 1.610444645e+13 3.534226518e+11 3885 
0.09017862485 1.462913228e+13 3.103418016e+11 4033 
0.09169423199 1.41613631e+13 3.026028779e+11 3988 
0.09320983913 1.218485804e+13 2.587043764e+11 3962 
0.09472544627 1.165591993e+13 2.506524996e+11 3857 
0.09624105341 1.10847859e+13 2.340303838e+11 4044 
0.09775666056 9.82702001e+12 2.109044931e+11 3810 
0.0992722677 9.397513503e+12 2.017495548e+11 3807 
0.1007878748 8.459342221e+12 1.817139147e+11 3834 
0.102303482 7.454867246e+12 1.624240206e+11 3639 
0.1038190891 7.418675432e+12 1.580555115e+11 3716 
0.1053346963 6.804150768e+12 1.480511906e+11 3681 
0.1068503034 6.436381188e+12 1.393466752e+11 3628 
0.1083659105 5.677665422e+12 1.25565177e+11 3457 
0.1098815177 5.487212306e+12 1.188876987e+11 3525 
0.1113971248 5.057978772e+12 1.13093763e+11 3387 
0.112912732 4.827343639e+12 1.062905728e+11 3462 
0.1144283391 4.123004429e+12 9.433595227e+10 3244 
0.1159439462 4.069575514e+12 9.159596264e+10 3287 
0.1174595534 3.679773184e+12 8.324328217e+10 3238 
0.1189751605 3.36814776e+12 7.765693524e+10 3094 
0.1204907677 3.075428377e+12 7.198714147e+10 3005 
0.1220063748 2.848991476e+12 6.679242882e+10 2989 
0.1235219819 2.763814672e+12 6.505123338e+10 2987 
0.1250375891 2.571723063e+12 6.186374532e+10 2896 
0.1265531962 2.431051322e+12 5.711603268e+10 2917 
0.1280688034 2.164530713e+12 5.311655543e+10 2725 
0.1295844105 1.971663004e+12 4.888436992e+10 2671 
0.1311000176 1.830554657e+12 4.597920006e+10 2574 
0.1326156248 1.656366363e+12 4.336974297e+10 2443 
0.1341312319 1.610131797e+12 4.089412125e+10 2498 
0.1356468391 1.527213804e+12 3.935224973e+10 2447 
0.1371624462 1.324977525e+12 3.483874074e+10 2316 
0.1386780533 1.221688487e+12 3.275038325e+10 2193 
0.1401936605 1.156377342e+12 3.117480177e+10 2153 
0.1417092676 1.067472313e+12 2.913734317e+10 2113 
0.1432248748 9.6049421e+11 2.697841543e+10 2002 
0.1447404819 9.456281835e+11 2.636505182e+10 2048 
0.146256089 8.89154775e+11 2.490842758e+10 2009 
0.1477716962 7.68763729e+11 2.275075345e+10 1800 
0.1492873033 7.083764121e+11 2.154439174e+10 1728 
0.1508029105 6.494098324e+11 2.007776938e+10 1651 
