# Format: McCode with text headers
# URL: http://www.mccode.org
# Creator:  3.8.5, git
# Instrument: eqsans_sans.instr
# Ncount: 10000000
# Trace: no
# Gravitation: no
# Seed: 1790184411489121
# Directory: /Users/georgeyumnam/WORK/PANRAID/PaNRAID-results/Group2/panraidproject/scan_sans_sample/x+11_y+19
# Param: gx=0.011
# Param: gy=0.019
# Param: sample_on=1
# Param: R_sphere=100
# Param: Phi=0.01
# Param: bs_radius=0
# Param: samp_ap=0.01
# Date: Wed Sep 23 19:27:27 2026 (1790184447)
# type: array_1d(120)
# Source: EQ_SANS_sample (eqsans_sans.instr)
# component: lambda_det
# position: 0 0 22.28
# title: Wavelength monitor
# Ncount: 10000000
# filename: lambda_det.dat
# statistics: X0=4.33686; dX=1.03139;
# signal: Min=0; Max=5211.19; Mean=683.318;
# values: 81998.2 6946.46 2467
# xvar: L
# yvar: (I,I_err)
# xlabel: Wavelength [AA]
# ylabel: Intensity
# xlimits: 0 12
# variables: L I I_err N
0.05 0 0 0 
0.15 0 0 0 
0.25 0 0 0 
0.35 0 0 0 
0.45 0 0 0 
0.55 0 0 0 
0.65 0 0 0 
0.75 0 0 0 
0.85 0 0 0 
0.95 0 0 0 
1.05 0 0 0 
1.15 0 0 0 
1.25 0 0 0 
1.35 0 0 0 
1.45 0 0 0 
1.55 0 0 0 
1.65 0 0 0 
1.75 0 0 0 
1.85 0 0 0 
1.95 0 0 0 
2.05 0 0 0 
2.15 0 0 0 
2.25 1.385393321 1.185922235 3 
2.35 0.1332758905 0.1209657296 2 
2.45 0.2857396093 0.202052365 2 
2.55 0.1676970575 0.09136443038 4 
2.65 3.865275412 2.141634927 9 
2.75 28.67935043 9.494846514 42 
2.85 687.3613668 455.1187704 93 
2.95 5211.18863 1956.49441 151 
3.05 3501.36524 1317.924654 159 
3.15 2589.272373 1503.477694 136 
3.25 2301.021382 1061.534826 154 
3.35 4032.889004 1504.771513 132 
3.45 2683.476138 1447.322517 130 
3.55 2774.285163 1203.26771 117 
3.65 5102.341528 1996.753145 98 
3.75 1984.382392 959.2910228 99 
3.85 4897.243934 2060.302327 102 
3.95 4522.725586 1590.59512 77 
4.05 2325.099711 1001.620762 71 
4.15 691.5766621 356.3845248 67 
4.25 588.1289574 252.9139749 64 
4.35 1486.910221 638.8950094 61 
4.45 1628.345466 916.1664334 62 
4.55 2596.162699 1164.681319 55 
4.65 950.0254771 488.6300572 58 
4.75 2248.803543 1052.889494 60 
4.85 4902.19461 1881.565847 51 
4.95 884.3838599 543.4527539 42 
5.05 3662.179041 1615.96795 36 
5.15 1638.524819 735.9463968 27 
5.25 1520.726947 957.7348066 36 
5.35 2378.026406 1379.916434 25 
5.45 1084.154941 633.3939953 27 
5.55 881.6176048 442.7885963 30 
5.65 2221.216115 1004.922121 30 
5.75 569.4748549 563.1608997 15 
5.85 789.8363433 564.1075649 16 
5.95 621.9050603 474.409362 24 
6.05 1402.610015 898.1739347 25 
6.15 1163.82088 746.6343195 28 
6.25 1440.120348 795.1790704 12 
6.35 2390.966569 1449.473528 17 
6.45 621.6574019 504.5524992 9 
6.55 813.692063 841.567358 7 
6.65 173.9828555 213.0302521 2 
6.75 0 0 0 
6.85 0 0 0 
6.95 0 0 0 
7.05 0 0 0 
7.15 0 0 0 
7.25 0 0 0 
7.35 0 0 0 
7.45 0 0 0 
7.55 0 0 0 
7.65 0 0 0 
7.75 0 0 0 
7.85 0 0 0 
7.95 0 0 0 
8.05 0 0 0 
8.15 0 0 0 
8.25 0 0 0 
8.35 0 0 0 
8.45 0 0 0 
8.55 0 0 0 
8.65 0 0 0 
8.75 0 0 0 
8.85 0 0 0 
8.95 0 0 0 
9.05 0 0 0 
9.15 0 0 0 
9.25 0 0 0 
9.35 0 0 0 
9.45 0 0 0 
9.55 0 0 0 
9.65 0 0 0 
9.75 0 0 0 
9.85 0 0 0 
9.95 0 0 0 
10.05 0 0 0 
10.15 0 0 0 
10.25 0 0 0 
10.35 0 0 0 
10.45 0 0 0 
10.55 0 0 0 
10.65 0 0 0 
10.75 0 0 0 
10.85 0 0 0 
10.95 0 0 0 
11.05 0 0 0 
11.15 0 0 0 
11.25 0 0 0 
11.35 0 0 0 
11.45 0 0 0 
11.55 0 0 0 
11.65 0 0 0 
11.75 0 0 0 
11.85 0 0 0 
11.95 0 0 0 
