# Format: McCode with text headers
# URL: http://www.mccode.org
# Creator:  3.8.5, git
# Instrument: eqsans_sans.instr
# Ncount: 10000000
# Trace: no
# Gravitation: no
# Seed: 1790185115296930
# Directory: /Users/georgeyumnam/WORK/PANRAID/PaNRAID-results/Group2/panraidproject/scan_sans_sample/x+16_y+20
# Param: gx=0.016
# Param: gy=0.02
# Param: sample_on=1
# Param: R_sphere=100
# Param: Phi=0.01
# Param: bs_radius=0
# Param: samp_ap=0.01
# Date: Wed Sep 23 19:39:09 2026 (1790185149)
# type: array_1d(120)
# Source: EQ_SANS_sample (eqsans_sans.instr)
# component: lambda_det
# position: 0 0 22.28
# title: Wavelength monitor
# Ncount: 10000000
# filename: lambda_det.dat
# statistics: X0=4.36347; dX=0.989334;
# signal: Min=0; Max=3573.85; Mean=492.333;
# values: 59080 6120.3 1734
# xvar: L
# yvar: (I,I_err)
# xlabel: Wavelength [AA]
# ylabel: Intensity
# xlimits: 0 12
# variables: L I I_err N
0.05 0 0 0 
0.15 0 0 0 
0.25 0 0 0 
0.35 0 0 0 
0.45 0 0 0 
0.55 0 0 0 
0.65 0 0 0 
0.75 0 0 0 
0.85 0 0 0 
0.95 0 0 0 
1.05 0 0 0 
1.15 0 0 0 
1.25 0 0 0 
1.35 0 0 0 
1.45 0 0 0 
1.55 0 0 0 
1.65 0 0 0 
1.75 0 0 0 
1.85 0 0 0 
1.95 0 0 0 
2.05 0 0 0 
2.15 0 0 0 
2.25 0 0 0 
2.35 111.3398385 111.3398385 1 
2.45 10.74805309 12.26832898 3 
2.55 0.1120935079 0.08165286922 3 
2.65 2453.378554 1773.690406 18 
2.75 44.02022773 33.93250029 22 
2.85 481.1431703 409.9732159 69 
2.95 1237.070525 743.9470825 86 
3.05 3308.114181 1395.819431 114 
3.15 496.9878422 272.1351534 98 
3.25 1204.666643 659.2194144 94 
3.35 2206.968509 1026.472914 96 
3.45 1238.711086 849.2225592 88 
3.55 2188.877307 887.3457589 88 
3.65 981.1485418 784.7408309 85 
3.75 1340.933808 858.2893701 66 
3.85 1054.897066 561.9282902 48 
3.95 2892.679896 1610.780387 65 
4.05 3253.183866 1447.352704 53 
4.15 3422.995705 1858.748599 62 
4.25 3573.850775 1618.371553 38 
4.35 2581.589246 1374.705714 36 
4.45 1847.896921 962.7403453 42 
4.55 81.05548706 20.92688358 42 
4.65 1125.101649 779.5664921 39 
4.75 3309.189516 1632.497877 30 
4.85 2008.267598 928.4555876 32 
4.95 714.1871978 391.9221444 37 
5.05 1405.345256 850.9417292 27 
5.15 2063.480423 971.2825458 35 
5.25 1531.242967 1157.750789 28 
5.35 1074.683418 721.1228771 17 
5.45 373.0837177 247.4551765 19 
5.55 969.7054716 907.4239492 12 
5.65 2006.098949 1176.825403 12 
5.75 216.7411869 159.6676654 16 
5.85 227.9988637 208.7541822 17 
5.95 297.1973363 259.1076913 18 
6.05 2294.642594 1410.28498 24 
6.15 1432.23571 871.063417 12 
6.25 143.7784307 142.5888728 5 
6.35 1527.217421 1169.090225 15 
6.45 330.709132 164.8884983 18 
6.55 16.70182075 11.2311136 4 
6.65 0 0 0 
6.75 0 0 0 
6.85 0 0 0 
6.95 0 0 0 
7.05 0 0 0 
7.15 0 0 0 
7.25 0 0 0 
7.35 0 0 0 
7.45 0 0 0 
7.55 0 0 0 
7.65 0 0 0 
7.75 0 0 0 
7.85 0 0 0 
7.95 0 0 0 
8.05 0 0 0 
8.15 0 0 0 
8.25 0 0 0 
8.35 0 0 0 
8.45 0 0 0 
8.55 0 0 0 
8.65 0 0 0 
8.75 0 0 0 
8.85 0 0 0 
8.95 0 0 0 
9.05 0 0 0 
9.15 0 0 0 
9.25 0 0 0 
9.35 0 0 0 
9.45 0 0 0 
9.55 0 0 0 
9.65 0 0 0 
9.75 0 0 0 
9.85 0 0 0 
9.95 0 0 0 
10.05 0 0 0 
10.15 0 0 0 
10.25 0 0 0 
10.35 0 0 0 
10.45 0 0 0 
10.55 0 0 0 
10.65 0 0 0 
10.75 0 0 0 
10.85 0 0 0 
10.95 0 0 0 
11.05 0 0 0 
11.15 0 0 0 
11.25 0 0 0 
11.35 0 0 0 
11.45 0 0 0 
11.55 0 0 0 
11.65 0 0 0 
11.75 0 0 0 
11.85 0 0 0 
11.95 0 0 0 
