# Format: McCode with text headers
# URL: http://www.mccode.org
# Creator:  3.8.5, git
# Instrument: eqsans_cylinder.instr
# Ncount: 5000000
# Trace: no
# Gravitation: no
# Seed: 1790192983512582
# Directory: /Users/georgeyumnam/WORK/PANRAID/PaNRAID-results/Group2/panraidproject/dataset_cylinder/cyl_000152
# Param: gx=0
# Param: gy=0
# Param: sample_on=1
# Param: bs_radius=0
# Param: samp_ap=0.01
# Param: sld=2.12871
# Param: sld_solvent=1
# Param: radius=197.251
# Param: length=502.385
# Param: pd_radius=0.064354
# Param: pd_length=0.181824
# Param: model_scale=1
# Param: model_abs=0
# Date: Wed Sep 23 21:50:01 2026 (1790193001)
# type: array_1d(100)
# Source: EQ_SANS_cylinder (eqsans_cylinder.instr)
# component: qmon
# position: 0 0 22.281
# title: QMonitor - Distribution in q (Radially averaged)
# Ncount: 5000000
# filename: qdet.dat
# statistics: X0=0.00664995; dX=0.00548169;
# signal: Min=1.53708e+11; Max=9.64799e+16; Mean=6.25618e+15;
# values: 6.25618e+17 2.55038e+16 261849
# xvar: q
# yvar: (I,I_err)
# xlabel: q [1 / AA]
# ylabel: I(q)
# xlimits: 0 0.151561
# variables: q I I_err N
0.0007578035702 8.573456857e+16 1.848964347e+16 36 
0.002273410711 9.647994557e+16 1.16289774e+16 121 
0.003789017851 8.487534295e+16 8.531124547e+15 201 
0.005304624991 7.496812128e+16 6.146192144e+15 302 
0.006820232132 6.907183999e+16 5.233707621e+15 393 
0.008335839272 5.268884512e+16 3.722145344e+15 466 
0.009851446413 3.989686591e+16 3.07510889e+15 536 
0.01136705355 3.334591338e+16 2.522903286e+15 632 
0.01288266069 2.631935863e+16 2.011868286e+15 741 
0.01439826783 1.809694753e+16 1.53099133e+15 799 
0.01591387497 1.430829949e+16 1.322084874e+15 913 
0.01742948211 1.062318286e+16 1.199519594e+15 1003 
0.01894508925 5.164917529e+15 5.004649184e+14 1057 
0.0204606964 4.777626071e+15 6.254728719e+14 1139 
0.02197630354 2.183331201e+15 2.218028865e+14 1223 
0.02349191068 1.800796884e+15 2.473318486e+14 1354 
0.02500751782 1.221147526e+15 1.234606204e+14 1403 
0.02652312496 7.568346383e+14 8.613983055e+13 1447 
0.0280387321 6.190258692e+14 3.109228259e+13 1633 
0.02955433924 4.286952877e+14 1.922315256e+13 1629 
0.03106994638 3.453518878e+14 1.310219623e+13 1722 
0.03258555352 2.93232685e+14 1.148723888e+13 1802 
0.03410116066 2.244557392e+14 8.538168339e+12 1867 
0.0356167678 1.795934258e+14 6.796676298e+12 1974 
0.03713237494 1.56635107e+14 6.195109075e+12 2060 
0.03864798208 1.209648696e+14 4.187719156e+12 2199 
0.04016358922 1.121105054e+14 3.968177568e+12 2230 
0.04167919636 9.58631954e+13 3.15016365e+12 2368 
0.0431948035 7.996856972e+13 2.533203032e+12 2422 
0.04471041064 7.097188741e+13 2.17690076e+12 2487 
0.04622601778 6.237707163e+13 1.739713278e+12 2574 
0.04774162492 5.376889015e+13 1.481346263e+12 2671 
0.04925723206 4.598913148e+13 1.257323402e+12 2711 
0.0507728392 3.999213862e+13 1.094137205e+12 2868 
0.05228844634 3.521219187e+13 9.390000441e+11 2982 
0.05380405348 3.111860668e+13 8.067745966e+11 3040 
0.05531966062 2.85034093e+13 7.178188917e+11 3134 
0.05683526776 2.486159998e+13 6.285574208e+11 3112 
0.05835087491 2.220522756e+13 5.348910714e+11 3185 
0.05986648205 2.052606516e+13 4.925734623e+11 3294 
0.06138208919 1.857675082e+13 4.412581532e+11 3336 
0.06289769633 1.634902354e+13 3.804117825e+11 3343 
0.06441330347 1.541373028e+13 3.442827246e+11 3586 
0.06592891061 1.432882657e+13 3.230945401e+11 3733 
0.06744451775 1.160977081e+13 2.618725833e+11 3580 
0.06896012489 1.079258506e+13 2.395457374e+11 3682 
0.07047573203 9.991345923e+12 2.195510946e+11 3735 
0.07199133917 8.986107113e+12 1.949406298e+11 3798 
0.07350694631 8.446117971e+12 1.8089458e+11 3792 
0.07502255345 8.081408576e+12 1.691598993e+11 3977 
0.07653816059 7.191977164e+12 1.51145216e+11 3895 
0.07805376773 6.695474381e+12 1.381576527e+11 3998 
0.07956937487 5.956575658e+12 1.242422714e+11 3921 
0.08108498201 5.663398536e+12 1.17260816e+11 3991 
0.08260058915 5.054973254e+12 1.036204931e+11 3999 
0.08411619629 4.493023259e+12 9.521421282e+10 3904 
0.08563180343 4.320957144e+12 8.867178156e+10 4055 
0.08714741057 3.907806244e+12 7.996066063e+10 4045 
0.08866301771 3.563182048e+12 7.359994858e+10 3942 
0.09017862485 3.384236947e+12 6.936124681e+10 4046 
0.09169423199 3.182514727e+12 6.401855484e+10 4076 
0.09320983913 2.892342209e+12 5.854220805e+10 3977 
0.09472544627 2.593319051e+12 5.367023931e+10 3802 
0.09624105341 2.407680331e+12 4.933772568e+10 3860 
0.09775666056 2.345213887e+12 4.755858961e+10 3918 
0.0992722677 2.059978367e+12 4.253686104e+10 3736 
0.1007878748 1.944381482e+12 3.975311755e+10 3802 
0.102303482 1.708266002e+12 3.594338491e+10 3622 
0.1038190891 1.660573421e+12 3.475557154e+10 3628 
0.1053346963 1.552616343e+12 3.272052174e+10 3579 
0.1068503034 1.447978968e+12 3.02493077e+10 3605 
0.1083659105 1.358085288e+12 2.820523066e+10 3575 
0.1098815177 1.229856884e+12 2.594809194e+10 3490 
0.1113971248 1.137990284e+12 2.439543084e+10 3375 
0.112912732 1.046698779e+12 2.245406652e+10 3351 
0.1144283391 1.000187379e+12 2.147844958e+10 3291 
0.1159439462 9.176129497e+11 1.97020211e+10 3287 
0.1174595534 8.310874572e+11 1.826688731e+10 3163 
0.1189751605 7.702519183e+11 1.695064889e+10 3099 
0.1204907677 7.1707296e+11 1.616098058e+10 3050 
0.1220063748 6.663369308e+11 1.530950498e+10 2937 
0.1235219819 6.230984694e+11 1.421607511e+10 2912 
0.1250375891 5.719568517e+11 1.322163408e+10 2818 
0.1265531962 5.317483714e+11 1.224287347e+10 2837 
0.1280688034 4.761255069e+11 1.125624363e+10 2677 
0.1295844105 4.346773148e+11 1.040550034e+10 2605 
0.1311000176 4.276258363e+11 1.021408978e+10 2562 
0.1326156248 3.903257427e+11 9436933354 2552 
0.1341312319 3.518435361e+11 8616497492 2453 
0.1356468391 3.348503569e+11 8241672624 2423 
0.1371624462 2.926931435e+11 7632679419 2225 
0.1386780533 2.779981864e+11 7253658933 2179 
0.1401936605 2.665610633e+11 6900099937 2179 
0.1417092676 2.340263776e+11 6272799218 2070 
0.1432248748 2.087265253e+11 5709368924 1938 
0.1447404819 1.972631969e+11 5407509984 1928 
0.146256089 1.883227605e+11 5218658021 1879 
0.1477716962 1.768035746e+11 5056545084 1799 
0.1492873033 1.656181233e+11 4707923026 1758 
0.1508029105 1.537075307e+11 4413624956 1744 
