# Format: McCode with text headers
# URL: http://www.mccode.org
# Creator:  3.8.5, git
# Instrument: eqsans_sans.instr
# Ncount: 10000000
# Trace: no
# Gravitation: no
# Seed: 1790184555209895
# Directory: /Users/georgeyumnam/WORK/PANRAID/PaNRAID-results/Group2/panraidproject/scan_sans_sample/x+13_y-19
# Param: gx=0.013
# Param: gy=-0.019
# Param: sample_on=1
# Param: R_sphere=100
# Param: Phi=0.01
# Param: bs_radius=0
# Param: samp_ap=0.01
# Date: Wed Sep 23 19:29:49 2026 (1790184589)
# type: array_1d(120)
# Source: EQ_SANS_sample (eqsans_sans.instr)
# component: lambda_det
# position: 0 0 22.28
# title: Wavelength monitor
# Ncount: 10000000
# filename: lambda_det.dat
# statistics: X0=4.39528; dX=1.05136;
# signal: Min=0; Max=4296; Mean=582.397;
# values: 69887.7 6320.35 2242
# xvar: L
# yvar: (I,I_err)
# xlabel: Wavelength [AA]
# ylabel: Intensity
# xlimits: 0 12
# variables: L I I_err N
0.05 0 0 0 
0.15 0 0 0 
0.25 0 0 0 
0.35 0 0 0 
0.45 0 0 0 
0.55 0 0 0 
0.65 0 0 0 
0.75 0 0 0 
0.85 0 0 0 
0.95 0 0 0 
1.05 0 0 0 
1.15 0 0 0 
1.25 0 0 0 
1.35 0 0 0 
1.45 0 0 0 
1.55 0 0 0 
1.65 0 0 0 
1.75 0 0 0 
1.85 0 0 0 
1.95 0 0 0 
2.05 0 0 0 
2.15 0 0 0 
2.25 0.009083768722 0.009083768722 1 
2.35 0.2418288616 0.2294813171 3 
2.45 0.02559268793 0.03121442001 2 
2.55 2.991626441 1.754787916 10 
2.65 283.4698973 273.0139772 20 
2.75 360.9149881 239.5642748 47 
2.85 3095.171921 1734.255605 80 
2.95 1546.098902 744.4782108 143 
3.05 1781.770784 731.147794 138 
3.15 3432.003302 1361.682228 126 
3.25 2982.744357 1215.571587 118 
3.35 1381.693657 780.5912641 99 
3.45 921.3991314 424.8015812 97 
3.55 1366.258025 1006.786795 100 
3.65 3627.023455 1508.330713 95 
3.75 2964.810127 1353.63372 87 
3.85 1668.980548 717.8129469 81 
3.95 3126.530869 1429.339011 79 
4.05 1751.03802 1028.936694 73 
4.15 3515.62115 1713.34417 72 
4.25 2551.768921 1478.793615 63 
4.35 1537.573935 920.9635215 67 
4.45 4295.996853 1544.020319 56 
4.55 2688.004949 1216.645494 44 
4.65 1258.467992 566.8637176 49 
4.75 1536.743188 831.9338368 44 
4.85 1004.44863 711.7371921 38 
4.95 2909.539442 1654.424346 46 
5.05 734.72118 458.5964307 31 
5.15 808.3362633 429.6151708 34 
5.25 412.41333 137.7464866 33 
5.35 440.196523 271.5152895 26 
5.45 1696.407218 970.5153708 27 
5.55 1101.399262 728.99771 22 
5.65 1458.927835 776.3768193 31 
5.75 1273.680612 724.0013214 24 
5.85 2048.130531 1217.31037 14 
5.95 863.9911006 642.0505766 22 
6.05 738.6456484 596.2869468 19 
6.15 1064.31094 692.0304079 25 
6.25 2629.137621 1562.12918 20 
6.35 1580.207632 888.6066106 14 
6.45 1050.608901 650.5210314 15 
6.55 8.851058598 7.977825587 5 
6.65 386.3436505 377.1914023 2 
6.75 0 0 0 
6.85 0 0 0 
6.95 0 0 0 
7.05 0 0 0 
7.15 0 0 0 
7.25 0 0 0 
7.35 0 0 0 
7.45 0 0 0 
7.55 0 0 0 
7.65 0 0 0 
7.75 0 0 0 
7.85 0 0 0 
7.95 0 0 0 
8.05 0 0 0 
8.15 0 0 0 
8.25 0 0 0 
8.35 0 0 0 
8.45 0 0 0 
8.55 0 0 0 
8.65 0 0 0 
8.75 0 0 0 
8.85 0 0 0 
8.95 0 0 0 
9.05 0 0 0 
9.15 0 0 0 
9.25 0 0 0 
9.35 0 0 0 
9.45 0 0 0 
9.55 0 0 0 
9.65 0 0 0 
9.75 0 0 0 
9.85 0 0 0 
9.95 0 0 0 
10.05 0 0 0 
10.15 0 0 0 
10.25 0 0 0 
10.35 0 0 0 
10.45 0 0 0 
10.55 0 0 0 
10.65 0 0 0 
10.75 0 0 0 
10.85 0 0 0 
10.95 0 0 0 
11.05 0 0 0 
11.15 0 0 0 
11.25 0 0 0 
11.35 0 0 0 
11.45 0 0 0 
11.55 0 0 0 
11.65 0 0 0 
11.75 0 0 0 
11.85 0 0 0 
11.95 0 0 0 
