# Format: McCode with text headers
# URL: http://www.mccode.org
# Creator:  3.8.5, git
# Instrument: eqsans_sans.instr
# Ncount: 10000000
# Trace: no
# Gravitation: no
# Seed: 1790182234813519
# Directory: /Users/georgeyumnam/WORK/PANRAID/PaNRAID-results/Group2/panraidproject/scan_sans_sample/x-04_y+14
# Param: gx=-0.004
# Param: gy=0.014
# Param: sample_on=1
# Param: R_sphere=100
# Param: Phi=0.01
# Param: bs_radius=0
# Param: samp_ap=0.01
# Date: Wed Sep 23 18:51:09 2026 (1790182269)
# type: array_1d(100)
# Source: EQ_SANS_sample (eqsans_sans.instr)
# component: qmon
# position: 0 0 22.281
# title: QMonitor - Distribution in q (Radially averaged)
# Ncount: 10000000
# filename: qdet.dat
# statistics: X0=0.0147335; dX=0.00988523;
# signal: Min=0; Max=2.89619e+08; Mean=2.52483e+07;
# values: 2.52483e+09 2.72388e+08 4220
# xvar: q
# yvar: (I,I_err)
# xlabel: q [1 / AA]
# ylabel: I(q)
# xlimits: 0 0.151561
# variables: q I I_err N
0.0007578035702 0 0 0 
0.002273410711 218482585.7 160041478.1 2 
0.003789017851 36723110 36723110 1 
0.005304624991 153494257.6 76470882.77 5 
0.006820232132 152505774.9 72670623.1 5 
0.008335839272 198309612.4 98606077.93 6 
0.009851446413 190741336.5 86198361.11 7 
0.01136705355 289619065.7 97023305.83 13 
0.01288266069 157355307.9 53955178.81 12 
0.01439826783 95710332.31 33503718.25 11 
0.01591387497 153827213.1 44440492.43 17 
0.01742948211 177868422.3 47001170.74 18 
0.01894508925 60921412.85 20875749.77 10 
0.0204606964 80358359.01 29395585.23 14 
0.02197630354 103545730.9 27904745.61 24 
0.02349191068 77504371 20621820.14 22 
0.02500751782 69072628.17 20272649.98 22 
0.02652312496 77216019.88 18768198.2 31 
0.0280387321 58044836.07 18315121.26 26 
0.02955433924 33666337.63 8980605.324 28 
0.03106994638 20779079.89 5840332.633 24 
0.03258555352 20215575.5 6536740.636 26 
0.03410116066 23611543.04 6488156.59 29 
0.0356167678 18129425.71 4313017.204 42 
0.03713237494 5470696.582 1706487.337 31 
0.03864798208 6946200.032 1995887.091 36 
0.04016358922 7959769.882 2453316.842 32 
0.04167919636 5480626.155 2122383.956 45 
0.0431948035 3023507.877 1270022.848 43 
0.04471041064 3709845.087 1266697.098 33 
0.04622601778 1673992.594 792948.7959 49 
0.04774162492 830480.6622 257623.4152 40 
0.04925723206 1075535.161 244985.7911 44 
0.0507728392 1547356.465 306774.2437 58 
0.05228844634 1061349.423 214536.9248 39 
0.05380405348 1203321.14 248984.7777 46 
0.05531966062 981121.4275 181426.8333 46 
0.05683526776 1473203.268 266276.841 43 
0.05835087491 1346307.722 247952.4776 46 
0.05986648205 1888325.148 264693.5695 68 
0.06138208919 1457936.84 249019.7713 44 
0.06289769633 1410181.781 213485.3805 62 
0.06441330347 1150038.886 183517.3791 59 
0.06592891061 840261.0108 142197.7393 61 
0.06744451775 763696.5811 132099.2238 59 
0.06896012489 653015.5515 123698.5427 59 
0.07047573203 559576.7429 105405.9964 64 
0.07199133917 274642.0733 71143.92559 42 
0.07350694631 306838.3076 66363.43479 57 
0.07502255345 231598.1903 49213.7428 79 
0.07653816059 191825.3671 45398.3762 68 
0.07805376773 119452.1911 26507.32275 57 
0.07956937487 85363.59184 22859.36384 58 
0.08108498201 137290.9583 28991.8046 59 
0.08260058915 178137.8208 31406.17166 73 
0.08411619629 174630.0087 29180.19812 68 
0.08563180343 164994.998 25807.63127 70 
0.08714741057 202596.5496 30444.7296 66 
0.08866301771 173495.386 27764.19239 60 
0.09017862485 207650.8429 29823.90694 63 
0.09169423199 250559.8326 35695.6727 65 
0.09320983913 153355.9967 25198.68996 50 
0.09472544627 187462.8776 28440.51726 60 
0.09624105341 169293.6833 24797.83784 66 
0.09775666056 151484.1354 25446.47371 59 
0.0992722677 177102.3413 26111.80023 70 
0.1007878748 108826.7016 19780.42884 56 
0.102303482 101141.4343 17444.24767 71 
0.1038190891 71477.45539 14204.75025 56 
0.1053346963 47508.08581 10747.48839 48 
0.1068503034 49924.47551 10964.20739 54 
0.1083659105 42705.50732 10171.11844 51 
0.1098815177 36371.60947 7354.970485 66 
0.1113971248 33517.81699 6430.847749 66 
0.112912732 40515.77938 7568.80302 56 
0.1144283391 25997.24017 4758.343849 47 
0.1159439462 37096.95402 6411.247332 60 
0.1174595534 31564.51278 6295.591544 47 
0.1189751605 52293.68054 8052.993806 62 
0.1204907677 47321.11582 7216.629357 58 
0.1220063748 47289.05055 7494.53178 52 
0.1235219819 33908.07475 6062.599255 41 
0.1250375891 30177.84906 5535.112423 39 
0.1265531962 36826.50724 6056.940206 46 
0.1280688034 34929.95028 6325.365484 42 
0.1295844105 22082.99711 4365.910936 37 
0.1311000176 24923.30986 5138.398757 36 
0.1326156248 19364.07976 4564.47332 36 
0.1341312319 16406.83261 3331.550437 39 
0.1356468391 13754.21637 3401.672402 36 
0.1371624462 10558.59387 2856.615647 43 
0.1386780533 7638.808571 2446.278617 34 
0.1401936605 6726.723836 1631.625883 37 
0.1417092676 4656.854837 1174.526874 33 
0.1432248748 5679.491299 1332.127844 33 
0.1447404819 6411.057633 1397.484974 34 
0.146256089 7267.057439 1690.489531 29 
0.1477716962 8851.835671 1929.78768 30 
0.1492873033 8291.036239 1918.040277 27 
0.1508029105 7459.169301 1713.840819 26 
