# Format: McCode with text headers
# URL: http://www.mccode.org
# Creator:  3.8.5, git
# Instrument: eqsans_sans.instr
# Ncount: 10000000
# Trace: no
# Gravitation: no
# Seed: 1790182142996534
# Directory: /Users/georgeyumnam/WORK/PANRAID/PaNRAID-results/Group2/panraidproject/scan_sans_sample/x-04_y-07
# Param: gx=-0.004
# Param: gy=-0.007
# Param: sample_on=1
# Param: R_sphere=100
# Param: Phi=0.01
# Param: bs_radius=0
# Param: samp_ap=0.01
# Date: Wed Sep 23 18:49:38 2026 (1790182178)
# type: array_1d(100)
# Source: EQ_SANS_sample (eqsans_sans.instr)
# component: qmon
# position: 0 0 22.281
# title: QMonitor - Radially averaged distribution
# Ncount: 10000000
# filename: rdet.dat
# statistics: X0=0.0681468; dX=0.057117;
# signal: Min=0; Max=2.17997e+08; Mean=1.44567e+07;
# values: 1.44567e+09 2.44513e+08 3607
# xvar: r
# yvar: (I,I_err)
# xlabel: Radius [m]
# ylabel: I(r)
# xlimits: 0 0.5
# variables: r I I_err N
0.0025 217996526.4 217996526.4 1 
0.0075 0 0 0 
0.0125 80611161.79 57140486.58 2 
0.0175 0 0 0 
0.0225 86993416.3 50829265.59 3 
0.0275 26289671.73 26289671.73 1 
0.0325 27682059.82 19876474.96 2 
0.0375 19209213.3 13666878.93 3 
0.0425 69744919.92 29178106.1 6 
0.0475 98967779.84 32881821.29 11 
0.0525 37757803.7 19163094.9 4 
0.0575 79720012.15 24126877.01 12 
0.0625 54788426.44 18900781.24 10 
0.0675 38826731.21 15145999.07 7 
0.0725 58130995.54 18371744.76 12 
0.0775 30471030.05 12310484.52 8 
0.0825 71444477.79 17614905.67 19 
0.0875 47905508.47 13325489.58 15 
0.0925 49833581.32 13840012.01 16 
0.0975 27467867.91 9583289.694 13 
0.1025 27760193.57 9437348.613 13 
0.1075 31471655.67 8854669.648 17 
0.1125 19990417.6 6631671.273 14 
0.1175 22620760.6 7213341.814 12 
0.1225 14056142.02 5489588.015 11 
0.1275 21500738.43 7012906.257 18 
0.1325 18177324.64 5172458.691 20 
0.1375 23308821.22 6189441.208 25 
0.1425 14258898.85 4205038.502 18 
0.1475 11295552.31 3829665.16 19 
0.1525 9064110.314 3035844.804 21 
0.1575 11095814.04 3516205.1 22 
0.1625 12766592.67 3980315.951 19 
0.1675 9524399.251 2659515.276 30 
0.1725 8058130.391 2648510.259 23 
0.1775 4672943.964 1533219.299 26 
0.1825 4184813.453 1414875.305 23 
0.1875 10400675.04 3305054.054 34 
0.1925 3652362.453 1168232.588 28 
0.1975 3386781.864 1107972.825 23 
0.2025 3076175.445 1205601.478 35 
0.2075 4211101.325 1455068.171 24 
0.2125 3972977.506 1454398.564 30 
0.2175 1164053.676 582975.636 20 
0.2225 3061497.215 1128068.045 29 
0.2275 1432816.631 518518.5503 27 
0.2325 2221261.737 951600.09 30 
0.2375 3621549.131 1048270.6 41 
0.2425 2058364.224 761742.1446 44 
0.2475 1340112.855 542802.8909 29 
0.2525 1098693.846 386062.6599 41 
0.2575 1049873.76 437095.457 40 
0.2625 849091.6913 286267.0656 34 
0.2675 1226418.482 449815.9516 44 
0.2725 647573.6572 335145.6832 34 
0.2775 926904.1786 252809.3229 56 
0.2825 674123.4166 185215.8652 45 
0.2875 343810.0361 80957.06888 37 
0.2925 364501.2769 69674.83392 42 
0.2975 285988.4731 58422.06903 37 
0.3025 432183.2006 108594.842 51 
0.3075 447901.6627 101799.5248 54 
0.3125 181110.4645 43850.24386 34 
0.3175 294191.6842 60059.95462 48 
0.3225 225990.2017 51203.34228 53 
0.3275 193334.985 40744.75059 45 
0.3325 316417.7558 62626.64596 55 
0.3375 276657.9839 64675.01758 45 
0.3425 262181.5656 50251.1772 56 
0.3475 212672.4842 42624.64844 52 
0.3525 364973.3686 82688.49726 59 
0.3575 165568.0689 35337.28639 51 
0.3625 147831.9633 34281.17731 45 
0.3675 157451.1149 32438.65373 49 
0.3725 201421.4572 41863.48439 57 
0.3775 205736.7357 39090.91788 61 
0.3825 159223.14 32655.59802 63 
0.3875 176382.1741 36017.85109 60 
0.3925 171747.3226 37201.10712 52 
0.3975 152606.398 31956.31722 65 
0.4025 146178.0885 32020.56115 53 
0.4075 159003.9525 34356.87018 51 
0.4125 161496.5715 31614.16385 66 
0.4175 145765.0464 31114.69352 61 
0.4225 110610.4059 24257.44321 61 
0.4275 172463.0123 34258.09219 66 
0.4325 153047.9295 33675.29303 61 
0.4375 128908.3807 28794.96072 68 
0.4425 122572.7342 28347.35958 57 
0.4475 100318.9079 23280.58225 55 
0.4525 86647.38159 21291.557 61 
0.4575 128994.6865 28240.45943 72 
0.4625 90275.30728 22489.65709 67 
0.4675 85286.95341 17529.10319 69 
0.4725 82258.09775 18742.83007 69 
0.4775 43501.04 10581.11568 63 
0.4825 77852.16373 18906.67498 68 
0.4875 83092.50798 20753.61039 69 
0.4925 64105.88063 15091.78541 68 
0.4975 65740.67814 17504.08002 67 
