# Format: McCode with text headers
# URL: http://www.mccode.org
# Creator:  3.8.5, git
# Instrument: eqsans_cylinder.instr
# Ncount: 5000000
# Trace: no
# Gravitation: no
# Seed: 1790195605516902
# Directory: /Users/georgeyumnam/WORK/PANRAID/PaNRAID-results/Group2/panraidproject/dataset_cylinder/cyl_001615
# Param: gx=0
# Param: gy=0
# Param: sample_on=1
# Param: bs_radius=0
# Param: samp_ap=0.01
# Param: sld=7.9402
# Param: sld_solvent=1
# Param: radius=23.3112
# Param: length=571.765
# Param: pd_radius=0.00982
# Param: pd_length=0.097927
# Param: model_scale=1
# Param: model_abs=0
# Date: Wed Sep 23 22:33:43 2026 (1790195623)
# type: array_1d(120)
# Source: EQ_SANS_cylinder (eqsans_cylinder.instr)
# component: lambda_det
# position: 0 0 22.28
# title: Wavelength monitor
# Ncount: 5000000
# filename: lambda_det.dat
# statistics: X0=4.31418; dX=1.02655;
# signal: Min=0; Max=5.58537e+10; Mean=1.15202e+10;
# values: 1.38242e+12 5.56183e+09 289885
# xvar: L
# yvar: (I,I_err)
# xlabel: Wavelength [AA]
# ylabel: Intensity
# xlimits: 0 12
# variables: L I I_err N
0.05 0 0 0 
0.15 0 0 0 
0.25 0 0 0 
0.35 0 0 0 
0.45 0 0 0 
0.55 0 0 0 
0.65 0 0 0 
0.75 0 0 0 
0.85 0 0 0 
0.95 0 0 0 
1.05 0 0 0 
1.15 0 0 0 
1.25 0 0 0 
1.35 0 0 0 
1.45 0 0 0 
1.55 0 0 0 
1.65 0 0 0 
1.75 0 0 0 
1.85 0 0 0 
1.95 0 0 0 
2.05 0 0 0 
2.15 0 0 0 
2.25 48284378.42 16391913.59 50 
2.35 605144219 97458615.09 350 
2.45 737505397.4 123925941.7 400 
2.55 2604983242 280912732.9 1300 
2.65 6760619313 397623526.2 2950 
2.75 1.830993584e+10 624268648.3 7800 
2.85 4.151185217e+10 964686077.6 15950 
2.95 5.304190069e+10 1075289513 18948 
3.05 4.729282251e+10 973262512.1 16349 
3.15 5.585373374e+10 1139907688 17948 
3.25 4.891417879e+10 1001492734 14700 
3.35 5.02129504e+10 1041243052 14499 
3.45 5.177799539e+10 1109572796 13500 
3.55 4.479840598e+10 955590307 11798 
3.65 4.665859701e+10 985168178.6 11699 
3.75 4.684273976e+10 1002612956 10798 
3.85 5.044773792e+10 1063233510 11199 
3.95 4.091956014e+10 931023255.6 8750 
4.05 5.056025123e+10 1051063568 10149 
4.15 3.394550265e+10 813720870.5 6849 
4.25 4.736265206e+10 1037768656 8600 
4.35 3.848370241e+10 948257804.2 6700 
4.45 3.845836917e+10 900495451.6 6700 
4.55 4.375629698e+10 1010070536 6950 
4.65 3.687940629e+10 895591751.5 5550 
4.75 4.443413405e+10 1016040244 6349 
4.85 3.150905764e+10 827471014.6 4650 
4.95 3.478222943e+10 849231286.4 5000 
5.05 2.785147275e+10 793153238.4 3850 
5.15 3.995671911e+10 1014414097 5150 
5.25 3.036298973e+10 845848489.1 3850 
5.35 2.825056409e+10 791916303.6 3550 
5.45 2.278663038e+10 714056170.9 2900 
5.55 2.502371369e+10 731818031 3150 
5.65 2.312572348e+10 757256260.4 2750 
5.75 2.300298771e+10 728341690.7 2550 
5.85 2.432783105e+10 805361986 2500 
5.95 2.497904081e+10 799463192.7 2550 
6.05 2.259338214e+10 757403318.1 2350 
6.15 2.35352263e+10 733455238.9 2450 
6.25 1.890570472e+10 643037867.5 1950 
6.35 1.974787024e+10 676906407.7 1950 
6.45 1.216817293e+10 571125091.5 1100 
6.55 5310038243 337676911.2 550 
6.65 2985748554 269008699.8 250 
6.75 0 0 0 
6.85 0 0 0 
6.95 0 0 0 
7.05 0 0 0 
7.15 0 0 0 
7.25 0 0 0 
7.35 0 0 0 
7.45 0 0 0 
7.55 0 0 0 
7.65 0 0 0 
7.75 0 0 0 
7.85 0 0 0 
7.95 0 0 0 
8.05 0 0 0 
8.15 0 0 0 
8.25 0 0 0 
8.35 0 0 0 
8.45 0 0 0 
8.55 0 0 0 
8.65 0 0 0 
8.75 0 0 0 
8.85 0 0 0 
8.95 0 0 0 
9.05 0 0 0 
9.15 0 0 0 
9.25 0 0 0 
9.35 0 0 0 
9.45 0 0 0 
9.55 0 0 0 
9.65 0 0 0 
9.75 0 0 0 
9.85 0 0 0 
9.95 0 0 0 
10.05 0 0 0 
10.15 0 0 0 
10.25 0 0 0 
10.35 0 0 0 
10.45 0 0 0 
10.55 0 0 0 
10.65 0 0 0 
10.75 0 0 0 
10.85 0 0 0 
10.95 0 0 0 
11.05 0 0 0 
11.15 0 0 0 
11.25 0 0 0 
11.35 0 0 0 
11.45 0 0 0 
11.55 0 0 0 
11.65 0 0 0 
11.75 0 0 0 
11.85 0 0 0 
11.95 0 0 0 
