# Format: McCode with text headers
# URL: http://www.mccode.org
# Creator:  3.8.5, git
# Instrument: eqsans_cylinder.instr
# Ncount: 5000000
# Trace: no
# Gravitation: no
# Seed: 1790194834250756
# Directory: /Users/georgeyumnam/WORK/PANRAID/PaNRAID-results/Group2/panraidproject/dataset_cylinder/cyl_001180
# Param: gx=0
# Param: gy=0
# Param: sample_on=1
# Param: bs_radius=0
# Param: samp_ap=0.01
# Param: sld=5.40894
# Param: sld_solvent=1
# Param: radius=194.911
# Param: length=702.12
# Param: pd_radius=0.076488
# Param: pd_length=0.019678
# Param: model_scale=1
# Param: model_abs=0
# Date: Wed Sep 23 22:20:51 2026 (1790194851)
# type: array_1d(100)
# Source: EQ_SANS_cylinder (eqsans_cylinder.instr)
# component: qmon
# position: 0 0 22.281
# title: QMonitor - Distribution in q (Radially averaged)
# Ncount: 5000000
# filename: qdet.dat
# statistics: X0=0.00630613; dX=0.00522801;
# signal: Min=2.72866e+12; Max=2.45123e+18; Mean=1.46254e+17;
# values: 1.46254e+19 6.21365e+17 254957
# xvar: q
# yvar: (I,I_err)
# xlabel: q [1 / AA]
# ylabel: I(q)
# xlimits: 0 0.151561
# variables: q I I_err N
0.0007578035702 2.451233464e+18 4.716669127e+17 48 
0.002273410711 2.000179724e+18 2.661553569e+17 111 
0.003789017851 2.13765884e+18 1.897812322e+17 225 
0.005304624991 1.670481377e+18 1.425270495e+17 305 
0.006820232132 1.573970622e+18 1.244052079e+17 372 
0.008335839272 1.255567818e+18 9.704679091e+16 470 
0.009851446413 1.055646316e+18 7.821987785e+16 565 
0.01136705355 6.645013672e+17 5.424171271e+16 623 
0.01288266069 5.794950939e+17 4.887081858e+16 738 
0.01439826783 4.019060861e+17 3.610910486e+16 783 
0.01591387497 2.924303456e+17 2.688230448e+16 840 
0.01742948211 1.784292656e+17 1.670218566e+16 1023 
0.01894508925 1.210572164e+17 1.451455555e+16 1004 
0.0204606964 7.213374539e+16 7.711779713e+15 1116 
0.02197630354 4.606494915e+16 4.617736055e+15 1213 
0.02349191068 2.526946084e+16 2.414594079e+15 1249 
0.02500751782 1.975621811e+16 1.63071642e+15 1376 
0.02652312496 1.579075316e+16 1.623103712e+15 1489 
0.0280387321 1.183829588e+16 1.071978005e+15 1504 
0.02955433924 8.607180806e+15 3.598835216e+14 1703 
0.03106994638 6.830772915e+15 3.738096156e+14 1682 
0.03258555352 5.924442658e+15 2.430937526e+14 1866 
0.03410116066 4.315613271e+15 1.556831949e+14 1920 
0.0356167678 3.562387833e+15 1.388308095e+14 1948 
0.03713237494 2.882769996e+15 1.117198005e+14 2013 
0.03864798208 2.423835783e+15 8.918321755e+13 2131 
0.04016358922 2.099813421e+15 7.746243781e+13 2252 
0.04167919636 1.745205372e+15 5.661731504e+13 2310 
0.0431948035 1.497467459e+15 4.678244928e+13 2378 
0.04471041064 1.314042494e+15 4.000859887e+13 2466 
0.04622601778 1.140527207e+15 3.256759352e+13 2522 
0.04774162492 1.029119116e+15 2.993080559e+13 2614 
0.04925723206 9.014673313e+14 2.477351165e+13 2765 
0.0507728392 7.586784904e+14 2.120006894e+13 2750 
0.05228844634 6.829100619e+14 1.899767283e+13 2866 
0.05380405348 5.544039502e+14 1.485756508e+13 2879 
0.05531966062 5.127284656e+14 1.344038734e+13 3058 
0.05683526776 4.675209431e+14 1.136239063e+13 3197 
0.05835087491 3.945287237e+14 9.704227508e+12 3142 
0.05986648205 3.80494853e+14 9.262134481e+12 3261 
0.06138208919 3.44049711e+14 8.279046346e+12 3364 
0.06289769633 3.086509232e+14 7.192317903e+12 3410 
0.06441330347 2.734107683e+14 6.341252152e+12 3388 
0.06592891061 2.511238859e+14 5.888381988e+12 3519 
0.06744451775 2.3142934e+14 5.330702672e+12 3548 
0.06896012489 2.07221023e+14 4.740662612e+12 3563 
0.07047573203 1.851012857e+14 4.192953937e+12 3667 
0.07199133917 1.69158687e+14 3.74720514e+12 3725 
0.07350694631 1.605856762e+14 3.567032474e+12 3720 
0.07502255345 1.469161669e+14 3.135916768e+12 3870 
0.07653816059 1.332921775e+14 2.872780077e+12 3829 
0.07805376773 1.171266125e+14 2.537701587e+12 3726 
0.07956937487 1.09381896e+14 2.352491491e+12 3807 
0.08108498201 1.054795914e+14 2.221863854e+12 3968 
0.08260058915 9.096739727e+13 1.92667437e+12 3832 
0.08411619629 8.48800273e+13 1.800345099e+12 3884 
0.08563180343 8.022005062e+13 1.672139576e+12 3944 
0.08714741057 7.148842996e+13 1.504873199e+12 3885 
0.08866301771 6.559972538e+13 1.385465974e+12 3832 
0.09017862485 6.219007053e+13 1.314467481e+12 3881 
0.09169423199 5.862023783e+13 1.211759365e+12 3920 
0.09320983913 5.161367366e+13 1.091374381e+12 3790 
0.09472544627 4.839804179e+13 1.026675506e+12 3762 
0.09624105341 4.49004674e+13 9.39067541e+11 3784 
0.09775666056 4.163111497e+13 8.840512153e+11 3733 
0.0992722677 3.966968421e+13 8.206318561e+11 3770 
0.1007878748 3.60853317e+13 7.607007755e+11 3700 
0.102303482 3.181812284e+13 6.848374946e+11 3460 
0.1038190891 3.161570061e+13 6.702371807e+11 3638 
0.1053346963 2.962171257e+13 6.255696532e+11 3627 
0.1068503034 2.577815014e+13 5.587953421e+11 3372 
0.1083659105 2.375642023e+13 5.190049714e+11 3340 
0.1098815177 2.199880377e+13 4.83794801e+11 3235 
0.1113971248 2.132522805e+13 4.63877656e+11 3340 
0.112912732 1.948495101e+13 4.278264621e+11 3262 
0.1144283391 1.85682331e+13 4.092766909e+11 3241 
0.1159439462 1.667828389e+13 3.720926929e+11 3147 
0.1174595534 1.558779805e+13 3.522092061e+11 3063 
0.1189751605 1.479667262e+13 3.306123574e+11 3053 
0.1204907677 1.308695876e+13 3.028750803e+11 2917 
0.1220063748 1.203254044e+13 2.82207088e+11 2818 
0.1235219819 1.139663513e+13 2.725876733e+11 2763 
0.1250375891 1.072366786e+13 2.548861553e+11 2729 
0.1265531962 9.895179385e+12 2.357431543e+11 2682 
0.1280688034 9.122799332e+12 2.188444153e+11 2624 
0.1295844105 8.428778338e+12 2.052364178e+11 2537 
0.1311000176 7.797650828e+12 1.951835041e+11 2431 
0.1326156248 7.33230306e+12 1.825487908e+11 2391 
0.1341312319 6.86935226e+12 1.732067064e+11 2382 
0.1356468391 6.234804884e+12 1.581241755e+11 2303 
0.1371624462 5.734989425e+12 1.479994956e+11 2226 
0.1386780533 5.330160162e+12 1.401941751e+11 2126 
0.1401936605 4.801714647e+12 1.29985251e+11 2058 
0.1417092676 4.446444987e+12 1.214231908e+11 1991 
0.1432248748 4.086475855e+12 1.144393135e+11 1907 
0.1447404819 3.852260832e+12 1.086503413e+11 1860 
0.146256089 3.528119504e+12 1.013055398e+11 1772 
0.1477716962 3.188994453e+12 9.191122544e+10 1779 
0.1492873033 3.025222452e+12 8.924993121e+10 1695 
0.1508029105 2.72866343e+12 8.26687334e+10 1590 
