# Format: McCode with text headers
# URL: http://www.mccode.org
# Creator:  3.8.5, git
# Instrument: eqsans_sans.instr
# Ncount: 10000000
# Trace: no
# Gravitation: no
# Seed: 1790173363844805
# Directory: /Users/georgeyumnam/WORK/PANRAID/PaNRAID-results/Group2/panraidproject/scan_sans_nosample/x-20_y-09
# Param: gx=-0.02
# Param: gy=-0.009
# Param: sample_on=0
# Param: R_sphere=100
# Param: Phi=0.01
# Param: bs_radius=0
# Param: samp_ap=0.01
# Date: Wed Sep 23 16:23:19 2026 (1790173399)
# type: array_1d(120)
# Source: EQ_SANS_sample (eqsans_sans.instr)
# component: lambda_det
# position: 0 0 22.28
# title: Wavelength monitor
# Ncount: 10000000
# filename: lambda_det.dat
# statistics: X0=3.84587; dX=0.946295;
# signal: Min=0; Max=143256; Mean=17633.8;
# values: 2.11605e+06 41087.1 2724
# xvar: L
# yvar: (I,I_err)
# xlabel: Wavelength [AA]
# ylabel: Intensity
# xlimits: 0 12
# variables: L I I_err N
0.05 0 0 0 
0.15 0 0 0 
0.25 0 0 0 
0.35 0 0 0 
0.45 0 0 0 
0.55 0 0 0 
0.65 0 0 0 
0.75 0 0 0 
0.85 0 0 0 
0.95 0 0 0 
1.05 0 0 0 
1.15 0 0 0 
1.25 0 0 0 
1.35 0 0 0 
1.45 0 0 0 
1.55 0 0 0 
1.65 0 0 0 
1.75 0 0 0 
1.85 0 0 0 
1.95 0 0 0 
2.05 0 0 0 
2.15 0 0 0 
2.25 1576.693735 1128.953368 2 
2.35 1734.050316 1226.354506 2 
2.45 4603.709092 1903.161375 6 
2.55 9616.303853 2794.95518 12 
2.65 36327.53852 5263.275897 49 
2.75 94412.63867 8467.595005 128 
2.85 132858.9322 10340.59679 169 
2.95 140808.5259 10623.34608 181 
3.05 143256.2151 10676.61927 185 
3.15 120856.9142 9745.224738 158 
3.25 104644.1761 9133.503203 135 
3.35 92927.5007 8606.168272 120 
3.45 88857.26323 8513.577954 112 
3.55 91734.53847 8509.395366 119 
3.65 79205.9267 7914.552264 103 
3.75 72498.83347 7618.564141 93 
3.85 73954.48605 7699.126136 95 
3.95 66973.91185 7324.071545 86 
4.05 64060.96459 7039.462777 85 
4.15 60995.26898 6957.854375 79 
4.25 56536.09812 6694.645071 73 
4.35 36014.89833 5324.742583 47 
4.45 42707.00361 5847.815419 55 
4.55 50911.2996 6441.972989 64 
4.65 38530.24985 5572.878742 49 
4.75 32319.07242 5171.974775 40 
4.85 35886.28009 5405.136863 45 
4.95 31052.85779 5046.118184 39 
5.05 33843.54987 5233.327982 43 
5.15 31542.74809 4988.353049 41 
5.25 26336.45563 4576.118903 34 
5.35 23110.57027 4345.05374 29 
5.45 21143.72145 4197.53411 26 
5.55 26547.22791 4744.211424 32 
5.65 22495.84379 4237.099532 29 
5.75 20958.8028 4028.190652 28 
5.85 20580.05427 4080.421055 26 
5.95 15366.05627 3554.974664 19 
6.05 18711.47032 3879.976734 24 
6.15 20922.15757 4137.965007 26 
6.25 8799.554157 2695.804278 11 
6.35 8558.563177 2601.82154 11 
6.45 7683.193051 2453.54426 10 
6.55 3588.884664 1795.337045 4 
6.65 0 0 0 
6.75 0 0 0 
6.85 0 0 0 
6.95 0 0 0 
7.05 0 0 0 
7.15 0 0 0 
7.25 0 0 0 
7.35 0 0 0 
7.45 0 0 0 
7.55 0 0 0 
7.65 0 0 0 
7.75 0 0 0 
7.85 0 0 0 
7.95 0 0 0 
8.05 0 0 0 
8.15 0 0 0 
8.25 0 0 0 
8.35 0 0 0 
8.45 0 0 0 
8.55 0 0 0 
8.65 0 0 0 
8.75 0 0 0 
8.85 0 0 0 
8.95 0 0 0 
9.05 0 0 0 
9.15 0 0 0 
9.25 0 0 0 
9.35 0 0 0 
9.45 0 0 0 
9.55 0 0 0 
9.65 0 0 0 
9.75 0 0 0 
9.85 0 0 0 
9.95 0 0 0 
10.05 0 0 0 
10.15 0 0 0 
10.25 0 0 0 
10.35 0 0 0 
10.45 0 0 0 
10.55 0 0 0 
10.65 0 0 0 
10.75 0 0 0 
10.85 0 0 0 
10.95 0 0 0 
11.05 0 0 0 
11.15 0 0 0 
11.25 0 0 0 
11.35 0 0 0 
11.45 0 0 0 
11.55 0 0 0 
11.65 0 0 0 
11.75 0 0 0 
11.85 0 0 0 
11.95 0 0 0 
