# Format: McCode with text headers
# URL: http://www.mccode.org
# Creator:  3.8.5, git
# Instrument: eqsans_sans.instr
# Ncount: 10000000
# Trace: no
# Gravitation: no
# Seed: 1790183123914033
# Directory: /Users/georgeyumnam/WORK/PANRAID/PaNRAID-results/Group2/panraidproject/scan_sans_sample/x+03_y-16
# Param: gx=0.003
# Param: gy=-0.016
# Param: sample_on=1
# Param: R_sphere=100
# Param: Phi=0.01
# Param: bs_radius=0
# Param: samp_ap=0.01
# Date: Wed Sep 23 19:05:59 2026 (1790183159)
# type: array_1d(100)
# Source: EQ_SANS_sample (eqsans_sans.instr)
# component: qmon
# position: 0 0 22.281
# title: QMonitor - Radially averaged distribution
# Ncount: 10000000
# filename: rdet.dat
# statistics: X0=0.0577494; dX=0.0541483;
# signal: Min=0; Max=2.25878e+08; Mean=1.29622e+07;
# values: 1.29622e+09 2.56134e+08 2484
# xvar: r
# yvar: (I,I_err)
# xlabel: Radius [m]
# ylabel: I(r)
# xlimits: 0 0.5
# variables: r I I_err N
0.0025 225877667.8 225877667.8 1 
0.0075 0 0 0 
0.0125 58687250.73 58687250.73 1 
0.0175 106235836.3 61593949.2 3 
0.0225 26835955.25 26835955.25 1 
0.0275 43708003.17 32356554.11 2 
0.0325 79005310.57 33234280.87 6 
0.0375 54114343.19 27416839.78 4 
0.0425 50448365.02 23295367.07 5 
0.0475 54680419.27 24514921.06 6 
0.0525 79590627.94 26611174.92 10 
0.0575 26633124.6 15067790.87 4 
0.0625 42741766.6 17843306.95 7 
0.0675 23403194.75 13157402.32 4 
0.0725 39165032.55 14263793.15 9 
0.0775 41436213.5 14563453.59 9 
0.0825 27161862.17 10767814.35 7 
0.0875 17839203.28 10370135.5 3 
0.0925 29210174.92 9835594.258 11 
0.0975 25429949.11 9650462.908 10 
0.1025 31146757.7 9146834.296 15 
0.1075 41956204.08 11164680.07 19 
0.1125 6205823.78 4808307.409 4 
0.1175 11175543.08 4425544.837 9 
0.1225 5010182.173 3375206.507 5 
0.1275 15268725.19 6023600.468 13 
0.1325 16026037.82 5297672.842 14 
0.1375 8236834.647 3451609.697 8 
0.1425 17258146.87 5915569.856 14 
0.1475 16564959.81 5630918.523 12 
0.1525 4588273.871 2053965.117 8 
0.1575 7049799.921 2802829.971 14 
0.1625 8754873.308 3224058.903 18 
0.1675 7210590.239 2342603.303 19 
0.1725 2882610.123 1320039.71 14 
0.1775 4840123.134 2435600.258 8 
0.1825 4961766.019 2003112.123 17 
0.1875 4222627.681 1464974.753 22 
0.1925 2694626.523 1285550.979 17 
0.1975 1826872.995 700724.4194 20 
0.2025 4660645.918 1976689.733 16 
0.2075 496474.7729 250795.4945 11 
0.2125 1256600.184 584178.0388 23 
0.2175 1663194.008 914874.3593 13 
0.2225 1782350.694 663735.5312 27 
0.2275 1799863.198 745543.9941 30 
0.2325 2204416.482 897139.549 23 
0.2375 703999.8258 402213.9726 22 
0.2425 1063701.004 492573.8478 26 
0.2475 1092797.442 494704.2285 26 
0.2525 790572.646 333025.4898 29 
0.2575 949401.205 426367.7939 21 
0.2625 251493.3252 61549.82598 27 
0.2675 257023.7529 71162.95262 27 
0.2725 178688.7554 46930.1679 22 
0.2775 266024.486 74154.07361 27 
0.2825 918928.8644 315995.7483 27 
0.2875 390458.5823 152480.517 22 
0.2925 287349.6308 122241.7332 35 
0.2975 195260.8487 52207.26193 23 
0.3025 271534.8081 92666.19827 29 
0.3075 235008.632 48966.89202 38 
0.3125 326796.4622 91385.94169 38 
0.3175 141576.3041 40248.46639 25 
0.3225 301789.9478 118199.153 30 
0.3275 92634.2349 31922.19758 21 
0.3325 169527.4356 54464.41329 26 
0.3375 156779.7793 39150.35568 30 
0.3425 118163.2553 37256.52499 27 
0.3475 122789.7716 31621.02587 34 
0.3525 173869.4263 39979.43534 36 
0.3575 141491.5041 32343.29205 40 
0.3625 146207.7746 34682.83955 36 
0.3675 129473.2504 28871.69827 36 
0.3725 135499.8992 29447.42623 48 
0.3775 141063.8565 34482.21998 39 
0.3825 136276.3168 30483.37303 43 
0.3875 127510.3628 30805.23955 45 
0.3925 119028.6301 27873.92404 51 
0.3975 170785.998 35075.04093 57 
0.4025 91713.69093 26356.43012 40 
0.4075 106765.7453 25816.09641 42 
0.4125 124958.473 28306.47613 42 
0.4175 103590.5129 28658.73408 35 
0.4225 116738.386 31084.2917 39 
0.4275 74064.79386 18409.37846 45 
0.4325 99285.77746 24765.43413 49 
0.4375 61149.85587 17840.01387 38 
0.4425 57034.1982 15829.17333 45 
0.4475 93214.53002 21235.95268 52 
0.4525 89046.35916 20992.34099 53 
0.4575 79623.80603 20719.25728 48 
0.4625 42403.7982 12332.69018 40 
0.4675 60506.72801 16779.25212 46 
0.4725 49377.82789 14549.59398 42 
0.4775 81355.04334 19262.8275 51 
0.4825 80963.68133 20592.84727 48 
0.4875 43133.98248 13111.5811 46 
0.4925 47255.67808 13094.91422 54 
0.4975 60882.23772 16756.5939 50 
