# Format: McCode with text headers
# URL: http://www.mccode.org
# Creator:  3.8.5, git
# Instrument: eqsans_cylinder.instr
# Ncount: 5000000
# Trace: no
# Gravitation: no
# Seed: 1790194764259636
# Directory: /Users/georgeyumnam/WORK/PANRAID/PaNRAID-results/Group2/panraidproject/dataset_cylinder/cyl_001143
# Param: gx=0
# Param: gy=0
# Param: sample_on=1
# Param: bs_radius=0
# Param: samp_ap=0.01
# Param: sld=1.16201
# Param: sld_solvent=1
# Param: radius=39.7564
# Param: length=397.117
# Param: pd_radius=0.165943
# Param: pd_length=0.293642
# Param: model_scale=1
# Param: model_abs=0
# Date: Wed Sep 23 22:19:42 2026 (1790194782)
# type: array_1d(100)
# Source: EQ_SANS_cylinder (eqsans_cylinder.instr)
# component: qmon
# position: 0 0 22.281
# title: QMonitor - Distribution in q (Radially averaged)
# Ncount: 5000000
# filename: qdet.dat
# statistics: X0=0.016005; dX=0.0146636;
# signal: Min=4.19628e+08; Max=3.44717e+12; Mean=4.42039e+11;
# values: 4.42039e+13 9.23165e+11 256106
# xvar: q
# yvar: (I,I_err)
# xlabel: q [1 / AA]
# ylabel: I(q)
# xlimits: 0 0.151561
# variables: q I I_err N
0.0007578035702 2.618703465e+12 5.193917443e+11 47 
0.002273410711 3.447166467e+12 4.789793924e+11 110 
0.003789017851 3.348888398e+12 3.345611268e+11 206 
0.005304624991 3.311129448e+12 2.70951151e+11 308 
0.006820232132 2.743947303e+12 2.210861221e+11 357 
0.008335839272 2.610654158e+12 1.784963417e+11 464 
0.009851446413 2.420992271e+12 1.551397855e+11 557 
0.01136705355 2.142052371e+12 1.24834317e+11 612 
0.01288266069 2.189091923e+12 1.207922587e+11 760 
0.01439826783 1.721255435e+12 8.892529886e+10 778 
0.01591387497 1.68550915e+12 8.482275229e+10 847 
0.01742948211 1.493616741e+12 7.151138025e+10 941 
0.01894508925 1.243167256e+12 5.933711102e+10 969 
0.0204606964 1.235582906e+12 5.30648429e+10 1133 
0.02197630354 1.205787614e+12 5.161834012e+10 1250 
0.02349191068 1.02291357e+12 4.072200645e+10 1258 
0.02500751782 9.573847057e+11 3.69828601e+10 1431 
0.02652312496 9.219212725e+11 3.458512709e+10 1446 
0.0280387321 7.873647405e+11 2.827620113e+10 1550 
0.02955433924 6.812460019e+11 2.443286315e+10 1577 
0.03106994638 6.040368722e+11 2.132611634e+10 1641 
0.03258555352 5.743039571e+11 1.950102824e+10 1727 
0.03410116066 5.347597934e+11 1.792299393e+10 1897 
0.0356167678 4.568668656e+11 1.440201538e+10 1888 
0.03713237494 4.360639609e+11 1.34434862e+10 1992 
0.03864798208 3.979727461e+11 1.218331648e+10 2082 
0.04016358922 3.570859246e+11 1.060651806e+10 2153 
0.04167919636 3.339674817e+11 9559572853 2288 
0.0431948035 2.976741611e+11 8395771169 2327 
0.04471041064 2.586625673e+11 7130151877 2416 
0.04622601778 2.420463247e+11 6488879183 2518 
0.04774162492 2.113242942e+11 5626314214 2541 
0.04925723206 1.862007491e+11 4844882040 2633 
0.0507728392 1.708305881e+11 4403471096 2728 
0.05228844634 1.535273628e+11 3861951659 2830 
0.05380405348 1.388491125e+11 3474219661 2939 
0.05531966062 1.203473808e+11 2877126169 3010 
0.05683526776 1.097315099e+11 2632158408 3083 
0.05835087491 1.0027078e+11 2398774066 3129 
0.05986648205 8.936165508e+10 2044523286 3337 
0.06138208919 7.706937595e+10 1809421726 3307 
0.06289769633 6.948430536e+10 1567391990 3430 
0.06441330347 5.849295211e+10 1346163462 3422 
0.06592891061 5.231081615e+10 1179128235 3499 
0.06744451775 4.549671313e+10 1040486631 3577 
0.06896012489 4.002654475e+10 912205263.9 3644 
0.07047573203 3.23942749e+10 746657882.1 3561 
0.07199133917 2.964922261e+10 680655932.6 3717 
0.07350694631 2.462342383e+10 577068701 3669 
0.07502255345 2.150071718e+10 492968826.7 3760 
0.07653816059 1.939567302e+10 444054191.3 3798 
0.07805376773 1.658629e+10 380829809.1 3938 
0.07956937487 1.444027494e+10 333224231.4 3909 
0.08108498201 1.20907204e+10 274546866.1 4031 
0.08260058915 1.075605775e+10 253042440.9 3949 
0.08411619629 9118366665 216463295.4 4003 
0.08563180343 7583254102 180335334.3 3894 
0.08714741057 6559416965 155976837.7 3828 
0.08866301771 6102413052 145830685.7 3906 
0.09017862485 5529210499 129893461.5 3947 
0.09169423199 4749270374 113155756.4 3807 
0.09320983913 4592839421 110237265.7 3828 
0.09472544627 4153313086 99308492.78 3841 
0.09624105341 4012167783 95834568.23 3857 
0.09775666056 3796493581 93772193.81 3766 
0.0992722677 3518780947 87125097.17 3784 
0.1007878748 3420858349 83152930.87 3748 
0.102303482 3162058193 79512928.58 3614 
0.1038190891 3048849436 78401083.92 3518 
0.1053346963 2951515492 73702311.58 3575 
0.1068503034 2785723931 70852824.41 3396 
0.1083659105 2739794179 69246042.64 3455 
0.1098815177 2641236131 66195189.52 3409 
0.1113971248 2580757949 64989511.63 3285 
0.112912732 2529136372 62161571.42 3363 
0.1144283391 2528636395 61068344.83 3368 
0.1159439462 2361383840 59097678.13 3158 
0.1174595534 2066338094 52133873.03 2981 
0.1189751605 2084715130 51277694.62 3027 
0.1204907677 2028908626 49519934.94 3009 
0.1220063748 1913482403 47133865.05 2923 
0.1235219819 1783975454 44736878.76 2819 
0.1250375891 1727239854 41710720.66 2896 
0.1265531962 1601749444 39805711.47 2758 
0.1280688034 1467959142 36937935.2 2674 
0.1295844105 1355990377 35011846.94 2519 
0.1311000176 1200107275 31116825.57 2417 
0.1326156248 1156768186 30421791.49 2393 
0.1341312319 1089547707 28574295.12 2375 
0.1356468391 1001430973 26338388.07 2333 
0.1371624462 884725319.7 23588023.85 2251 
0.1386780533 816669750.1 22242073.73 2158 
0.1401936605 767156019 21208537.83 2111 
0.1417092676 722348941.7 20059604.48 2044 
0.1432248748 653052878 18606759.22 1960 
0.1447404819 593872031.3 17135049.03 1890 
0.146256089 544729350.9 15995532.58 1894 
0.1477716962 506844151.1 14980526.31 1841 
0.1492873033 446216871.9 13523059.41 1741 
0.1508029105 419627918.5 12608745.08 1771 
