# Format: McCode with text headers
# URL: http://www.mccode.org
# Creator:  3.8.5, git
# Instrument: eqsans_cylinder.instr
# Ncount: 5000000
# Trace: no
# Gravitation: no
# Seed: 1790193251847752
# Directory: /Users/georgeyumnam/WORK/PANRAID/PaNRAID-results/Group2/panraidproject/dataset_cylinder/cyl_000304
# Param: gx=0
# Param: gy=0
# Param: sample_on=1
# Param: bs_radius=0
# Param: samp_ap=0.01
# Param: sld=4.718
# Param: sld_solvent=1
# Param: radius=101.564
# Param: length=389.265
# Param: pd_radius=0.114035
# Param: pd_length=0.040784
# Param: model_scale=1
# Param: model_abs=0
# Date: Wed Sep 23 21:54:29 2026 (1790193269)
# type: array_1d(100)
# Source: EQ_SANS_cylinder (eqsans_cylinder.instr)
# component: qmon
# position: 0 0 22.281
# title: QMonitor - Radially averaged distribution
# Ncount: 5000000
# filename: rdet.dat
# statistics: X0=0.051811; dX=0.0437032;
# signal: Min=3.89658e+12; Max=1.38372e+16; Mean=2.05484e+15;
# values: 2.05484e+17 5.80145e+15 163731
# xvar: r
# yvar: (I,I_err)
# xlabel: Radius [m]
# ylabel: I(r)
# xlimits: 0 0.5
# variables: r I I_err N
0.0025 1.004745905e+16 3.764260308e+15 11 
0.0075 1.27348827e+16 2.389465462e+15 42 
0.0125 1.364185258e+16 1.941505809e+15 77 
0.0175 1.36071416e+16 1.569814549e+15 109 
0.0225 1.383724235e+16 1.383513381e+15 145 
0.0275 1.159435251e+16 1.108992158e+15 163 
0.0325 1.225002405e+16 1.02583851e+15 213 
0.0375 1.139605609e+16 8.617726076e+14 256 
0.0425 1.136006607e+16 8.743677467e+14 301 
0.0475 9.330830685e+15 7.069585131e+14 284 
0.0525 8.535319598e+15 5.948913685e+14 332 
0.0575 9.085445861e+15 5.996652495e+14 388 
0.0625 8.208179797e+15 5.182242949e+14 422 
0.0675 7.172081272e+15 4.692673139e+14 422 
0.0725 6.646764267e+15 4.207147207e+14 466 
0.0775 5.353045305e+15 3.177902628e+14 516 
0.0825 5.26635808e+15 3.184310713e+14 545 
0.0875 4.309838623e+15 2.664007781e+14 547 
0.0925 3.822393997e+15 2.282722778e+14 584 
0.0975 3.274568661e+15 1.93960799e+14 643 
0.1025 2.8394527e+15 1.760339576e+14 598 
0.1075 2.488554712e+15 1.492768999e+14 649 
0.1125 2.257427498e+15 1.374681362e+14 714 
0.1175 2.083042257e+15 1.147994706e+14 781 
0.1225 1.731799008e+15 1.02381513e+14 793 
0.1275 1.520183107e+15 9.299970808e+13 804 
0.1325 1.505449425e+15 9.307309325e+13 871 
0.1375 1.28553203e+15 7.608728149e+13 909 
0.1425 1.078105565e+15 6.048713232e+13 905 
0.1475 8.909460698e+14 4.955897367e+13 1024 
0.1525 7.873025503e+14 4.525247605e+13 996 
0.1575 6.470855397e+14 3.775311267e+13 1045 
0.1625 5.892374089e+14 3.680572347e+13 1065 
0.1675 5.01754411e+14 3.031222851e+13 1054 
0.1725 4.181118502e+14 2.445913766e+13 1144 
0.1775 3.367938749e+14 1.960070166e+13 1182 
0.1825 3.008948787e+14 1.797845966e+13 1151 
0.1875 2.880398608e+14 1.717348994e+13 1192 
0.1925 2.393616279e+14 1.407141348e+13 1234 
0.1975 2.225560141e+14 1.362465501e+13 1299 
0.2025 1.847406553e+14 1.088027949e+13 1379 
0.2075 1.720792451e+14 1.025849756e+13 1329 
0.2125 1.453496243e+14 8.81839563e+12 1323 
0.2175 1.317749373e+14 7.858610604e+12 1423 
0.2225 1.134673531e+14 6.670145036e+12 1462 
0.2275 9.507844638e+13 5.081279062e+12 1477 
0.2325 9.489900678e+13 5.403490393e+12 1598 
0.2375 8.091517909e+13 4.104600115e+12 1646 
0.2425 6.903411501e+13 3.874712881e+12 1534 
0.2475 5.790887514e+13 2.991480238e+12 1629 
0.2525 5.475127971e+13 2.742626588e+12 1650 
0.2575 4.995637422e+13 2.381237895e+12 1679 
0.2625 4.923410521e+13 2.36877432e+12 1705 
0.2675 4.31631714e+13 1.93696508e+12 1764 
0.2725 3.634094519e+13 1.45942112e+12 1760 
0.2775 3.594815028e+13 1.562785412e+12 1779 
0.2825 3.162366705e+13 1.314718305e+12 1785 
0.2875 3.117016356e+13 1.162154742e+12 1931 
0.2925 2.804720137e+13 1.108944475e+12 1878 
0.2975 2.7294752e+13 9.745219466e+11 1959 
0.3025 2.527021981e+13 9.328625631e+11 1892 
0.3075 2.435310534e+13 8.181741518e+11 2031 
0.3125 2.325950875e+13 8.273607364e+11 2024 
0.3175 2.194124491e+13 7.663119043e+11 2035 
0.3225 2.185382848e+13 7.355135674e+11 2169 
0.3275 1.984987487e+13 6.988738013e+11 2138 
0.3325 1.856955404e+13 6.561188333e+11 2217 
0.3375 1.807397461e+13 6.340596982e+11 2216 
0.3425 1.813009327e+13 6.094583659e+11 2305 
0.3475 1.715611974e+13 5.986072404e+11 2281 
0.3525 1.644902667e+13 5.681696488e+11 2335 
0.3575 1.543227296e+13 5.340459999e+11 2384 
0.3625 1.4117374e+13 4.812956343e+11 2401 
0.3675 1.353289555e+13 4.755278067e+11 2346 
0.3725 1.317580546e+13 4.708823664e+11 2467 
0.3775 1.232289663e+13 4.570801016e+11 2427 
0.3825 1.207788945e+13 4.281258296e+11 2472 
0.3875 1.183546474e+13 4.222462592e+11 2531 
0.3925 1.102913954e+13 3.783399385e+11 2603 
0.3975 9.767652258e+12 3.450250026e+11 2503 
0.4025 1.007900292e+13 3.478947774e+11 2709 
0.4075 9.322329761e+12 3.376493779e+11 2644 
0.4125 9.114178655e+12 3.096734412e+11 2739 
0.4175 8.588128921e+12 3.00545736e+11 2783 
0.4225 7.941925445e+12 2.714898883e+11 2718 
0.4275 8.013630008e+12 2.727145199e+11 2807 
0.4325 7.238110647e+12 2.482367761e+11 2845 
0.4375 7.337588497e+12 2.418865673e+11 2940 
0.4425 6.642507255e+12 2.232581801e+11 2973 
0.4475 5.672722144e+12 1.926369199e+11 2909 
0.4525 5.726153274e+12 1.97312557e+11 2895 
0.4575 5.721334173e+12 1.880284168e+11 2957 
0.4625 5.369813639e+12 1.721003968e+11 3085 
0.4675 5.368063145e+12 1.711660666e+11 3135 
0.4725 4.848849263e+12 1.584299341e+11 3067 
0.4775 4.666479058e+12 1.484210325e+11 3219 
0.4825 4.361286659e+12 1.408595739e+11 3150 
0.4875 3.932798628e+12 1.212359494e+11 3252 
0.4925 4.132347056e+12 1.262345119e+11 3292 
0.4975 3.896577842e+12 1.183693359e+11 3269 
