# Format: McCode with text headers
# URL: http://www.mccode.org
# Creator:  3.8.5, git
# Instrument: eqsans_sans.instr
# Ncount: 10000000
# Trace: no
# Gravitation: no
# Seed: 1790185081327582
# Directory: /Users/georgeyumnam/WORK/PANRAID/PaNRAID-results/Group2/panraidproject/scan_sans_sample/x+16_y+10
# Param: gx=0.016
# Param: gy=0.01
# Param: sample_on=1
# Param: R_sphere=100
# Param: Phi=0.01
# Param: bs_radius=0
# Param: samp_ap=0.01
# Date: Wed Sep 23 19:38:36 2026 (1790185116)
# type: array_1d(100)
# Source: EQ_SANS_sample (eqsans_sans.instr)
# component: qmon
# position: 0 0 22.281
# title: QMonitor - Distribution in q (Radially averaged)
# Ncount: 10000000
# filename: qdet.dat
# statistics: X0=0.0116979; dX=0.00984142;
# signal: Min=0; Max=3.77614e+08; Mean=2.20439e+07;
# values: 2.20439e+09 4.3993e+08 2834
# xvar: q
# yvar: (I,I_err)
# xlabel: q [1 / AA]
# ylabel: I(q)
# xlimits: 0 0.151561
# variables: q I I_err N
0.0007578035702 377614032.9 377614032.9 1 
0.002273410711 0 0 0 
0.003789017851 166542446.3 111475415.4 3 
0.005304624991 177442315 112580736.8 4 
0.006820232132 155002812.7 65580258.91 6 
0.008335839272 219973991.8 100538662.1 7 
0.009851446413 76710016.6 44319605.23 4 
0.01136705355 135000727.7 59105865.48 6 
0.01288266069 98755167.43 38719077.21 9 
0.01439826783 141559439.7 49065073.88 11 
0.01591387497 58502949.04 27091720.32 6 
0.01742948211 72277064.87 28309421.43 8 
0.01894508925 110223382.5 38531208.91 11 
0.0204606964 93463292.12 27323356.27 17 
0.02197630354 70345533.05 24756265.97 14 
0.02349191068 49098178.32 17530842.52 16 
0.02500751782 35143429.77 13148274.82 14 
0.02652312496 29205980.36 10616821.79 12 
0.0280387321 41527972.69 11479357.31 21 
0.02955433924 12621101.87 4061371.704 13 
0.03106994638 17953419.6 5325583.889 20 
0.03258555352 15872336.61 5866082.643 17 
0.03410116066 8088191.203 3217148.171 12 
0.0356167678 7024797.37 1893158.914 28 
0.03713237494 6552939.113 1718324.004 35 
0.03864798208 5282900.377 1920096.491 24 
0.04016358922 2247580.203 778239.2149 23 
0.04167919636 1798046.402 642695.5705 25 
0.0431948035 1404375.691 680643.6624 24 
0.04471041064 1341298.973 885257.6776 27 
0.04622601778 851533.2784 332437.3297 31 
0.04774162492 555352.2767 172107.6263 24 
0.04925723206 221333.9457 74604.86759 23 
0.0507728392 805109.3615 192856.4575 25 
0.05228844634 868582.4838 188503.0612 31 
0.05380405348 867356.2849 169896.1438 40 
0.05531966062 1174066.355 218295.6658 42 
0.05683526776 1148152.11 232743.7146 35 
0.05835087491 960988.1684 191910.5354 37 
0.05986648205 890851.0956 160143.0252 39 
0.06138208919 1136186.779 205854.301 43 
0.06289769633 587996.3392 137840.4764 30 
0.06441330347 600583.7698 134814.5545 37 
0.06592891061 518827.0265 112018.8113 32 
0.06744451775 582087.3112 133438.9288 34 
0.06896012489 600506.9713 112429.3968 56 
0.07047573203 312322.434 88248.43248 36 
0.07199133917 174291.1792 42640.34988 40 
0.07350694631 176743.9521 53895.33225 35 
0.07502255345 97625.68188 23400.99679 41 
0.07653816059 103778.1356 35387.02283 46 
0.07805376773 97439.19608 31205.60976 44 
0.07956937487 133375.178 46075.06511 39 
0.08108498201 71854.52824 16342.82952 41 
0.08260058915 154896.5034 26536.09583 56 
0.08411619629 87599.34323 17314.95145 47 
0.08563180343 139462.9097 26267.51307 45 
0.08714741057 162664.2234 27500.64981 47 
0.08866301771 149075.686 26508.06809 45 
0.09017862485 131982.9611 25165.91693 37 
0.09169423199 168183.679 27646.75701 47 
0.09320983913 112958.4737 23550.97801 31 
0.09472544627 121665.8504 23268.80497 41 
0.09624105341 129141.5869 23343.87338 45 
0.09775666056 146089.2914 23666.11915 55 
0.0992722677 97025.40754 18394.23833 41 
0.1007878748 81271.84904 17214.04065 48 
0.102303482 57818.5381 12588.60792 50 
0.1038190891 44405.39672 10902.0101 39 
0.1053346963 41980.77865 9363.175735 48 
0.1068503034 20847.26092 5963.992893 38 
0.1083659105 21416.89785 5763.306909 38 
0.1098815177 19578.57596 5718.935938 40 
0.1113971248 13497.0355 3317.679897 30 
0.112912732 18136.20068 4189.356722 36 
0.1144283391 20727.95336 4392.291986 37 
0.1159439462 23373.56229 4955.637818 35 
0.1174595534 16628.87443 4551.761873 22 
0.1189751605 25736.80591 5347.645272 32 
0.1204907677 25393.91972 5493.518712 29 
0.1220063748 28754.62253 5650.691978 32 
0.1235219819 32114.13645 6062.123326 35 
0.1250375891 36125.68885 6862.800643 37 
0.1265531962 21215.41355 4895.089782 25 
0.1280688034 15081.70842 3762.189508 22 
0.1295844105 17236.41332 3981.52127 25 
0.1311000176 16571.79568 3935.198975 26 
0.1326156248 14256.54916 3935.571255 23 
0.1341312319 10364.6089 3075.564172 22 
0.1356468391 8919.103808 2917.882484 22 
0.1371624462 8096.963456 2292.938516 23 
0.1386780533 6384.874523 2149.100283 21 
0.1401936605 2268.77986 792.8102785 14 
0.1417092676 3478.299037 1215.979468 19 
0.1432248748 4989.295442 1563.239507 30 
0.1447404819 3210.516156 909.3120902 20 
0.146256089 3519.750161 1159.186007 17 
0.1477716962 2732.528692 976.0184709 15 
0.1492873033 5996.309331 1616.111786 23 
0.1508029105 9145.421772 2075.222792 25 
