# Format: McCode with text headers
# URL: http://www.mccode.org
# Creator:  3.8.5, git
# Instrument: eqsans_sans.instr
# Ncount: 10000000
# Trace: no
# Gravitation: no
# Seed: 1790182729717175
# Directory: /Users/georgeyumnam/WORK/PANRAID/PaNRAID-results/Group2/panraidproject/scan_sans_sample/x+00_y-09
# Param: gx=0
# Param: gy=-0.009
# Param: sample_on=1
# Param: R_sphere=100
# Param: Phi=0.01
# Param: bs_radius=0
# Param: samp_ap=0.01
# Date: Wed Sep 23 18:59:24 2026 (1790182764)
# type: array_1d(100)
# Source: EQ_SANS_sample (eqsans_sans.instr)
# component: qmon
# position: 0 0 22.281
# title: QMonitor - Radially averaged distribution
# Ncount: 10000000
# filename: rdet.dat
# statistics: X0=0.067891; dX=0.0523714;
# signal: Min=0; Max=1.49548e+08; Mean=1.91746e+07;
# values: 1.91746e+09 1.7466e+08 4044
# xvar: r
# yvar: (I,I_err)
# xlabel: Radius [m]
# ylabel: I(r)
# xlimits: 0 0.5
# variables: r I I_err N
0.0025 0 0 0 
0.0075 102063334 102063334 1 
0.0125 108227145.2 65106842.76 3 
0.0175 58734470.31 42757980.69 2 
0.0225 55887742.41 39776114.42 2 
0.0275 149547505.6 54812739.27 8 
0.0325 104176631.9 40483801.66 7 
0.0375 98559973.83 39298028.82 7 
0.0425 113066364 35179900.95 11 
0.0475 93867647.95 31966587.47 10 
0.0525 91286207.02 26978542.94 13 
0.0575 112543743.1 29750203.96 18 
0.0625 48200916 16342433.13 10 
0.0675 44110893.23 14677651.04 11 
0.0725 65210674.73 18311640.84 15 
0.0775 40497484.56 15254335.73 9 
0.0825 50002400.32 14513739.96 15 
0.0875 48337669.65 13803077.01 15 
0.0925 64526006.82 16282351.31 18 
0.0975 42657326.1 12582542.73 18 
0.1025 47146294.59 11711783.66 21 
0.1075 58504369.89 13662287.07 23 
0.1125 13166008.29 5503271.663 9 
0.1175 33710973.5 8945536.012 18 
0.1225 31596655.88 8935161.371 22 
0.1275 35405538.73 8661769.483 26 
0.1325 20810628.13 5816136.521 22 
0.1375 20943525.82 6145880.265 22 
0.1425 14827681.55 4688876.81 21 
0.1475 11417215.96 4343142.203 18 
0.1525 15163716.62 4640264.053 24 
0.1575 14662300.59 4243374.184 28 
0.1625 13516352.35 4085388.425 26 
0.1675 4420380.169 1531015.378 21 
0.1725 11413664.43 3263360.77 35 
0.1775 10400973.03 2994031.023 34 
0.1825 6386424.658 2201624.438 36 
0.1875 6404159.213 2112123.969 28 
0.1925 6564420.146 1806206.111 43 
0.1975 6201471.422 2085830.577 32 
0.2025 5986190.432 1966824.542 29 
0.2075 4986285.94 1527054.034 35 
0.2125 2678894.885 839558.5014 30 
0.2175 3571041.305 1235806.383 38 
0.2225 3117070.614 1352106.095 49 
0.2275 727496.032 283021.1117 25 
0.2325 2678113.331 877602.9412 40 
0.2375 1346260.103 436038.1807 38 
0.2425 1113385.118 344074.661 44 
0.2475 1046824.755 272404.7631 43 
0.2525 810053.0949 213663.6014 41 
0.2575 1394362.35 386124.8433 42 
0.2625 728527.2658 279508.0023 36 
0.2675 632705.6967 185473.6238 45 
0.2725 1379014.218 379249.8647 57 
0.2775 1121541.514 366437.8332 60 
0.2825 655267.468 203513.7396 39 
0.2875 484664.6094 142726.0496 49 
0.2925 278804.2318 54656.36613 52 
0.2975 508792.7283 153073.3873 37 
0.3025 603008.4657 156576.2749 48 
0.3075 268404.9571 56149.2889 53 
0.3125 416748.8385 95022.5029 62 
0.3175 330478.77 74644.63013 54 
0.3225 331653.8345 67452.25176 47 
0.3275 342943.8495 87156.80804 51 
0.3325 255139.6239 50424.85773 48 
0.3375 209108.8042 46189.71739 45 
0.3425 339055.507 77804.57469 53 
0.3475 221400.8176 45046.38623 54 
0.3525 185803.2521 40772.24224 48 
0.3575 299235.4457 75660.50936 51 
0.3625 225870.1684 46388.4504 50 
0.3675 250245.3985 46085.53666 59 
0.3725 202197.016 38424.50609 61 
0.3775 238664.8947 44711.77551 67 
0.3825 226691.4753 43289.45166 64 
0.3875 179951.2989 38263.89807 61 
0.3925 180884.1241 34918.05313 68 
0.3975 268892.6075 43655.67327 79 
0.4025 166729.4905 34561.3121 64 
0.4075 167871.4543 33167.24311 69 
0.4125 168469.6201 34513.17323 60 
0.4175 168366.1856 35042.30544 62 
0.4225 140731.0748 28997.44782 69 
0.4275 145552.654 29473.69722 63 
0.4325 106518.5931 24149.65413 56 
0.4375 152332.8697 30294.72896 70 
0.4425 127707.6548 27962.44626 72 
0.4475 146087.2197 31541.55433 57 
0.4525 113580.5281 23832.45742 80 
0.4575 128298.7098 28655.35047 65 
0.4625 117466.531 25924.29759 79 
0.4675 92651.15746 22948.85198 61 
0.4725 105168.8797 22667.53655 78 
0.4775 107069.6941 20369.97939 89 
0.4825 91894.15545 21260.71607 72 
0.4875 108333.5911 21762.59669 87 
0.4925 45399.55687 11028.61713 61 
0.4975 75177.54203 16808.78639 76 
