# Format: McCode with text headers
# URL: http://www.mccode.org
# Creator:  3.8.5, git
# Instrument: eqsans_cylinder.instr
# Ncount: 5000000
# Trace: no
# Gravitation: no
# Seed: 1790195123678300
# Directory: /Users/georgeyumnam/WORK/PANRAID/PaNRAID-results/Group2/panraidproject/dataset_cylinder/cyl_001346
# Param: gx=0
# Param: gy=0
# Param: sample_on=1
# Param: bs_radius=0
# Param: samp_ap=0.01
# Param: sld=4.36004
# Param: sld_solvent=1
# Param: radius=164.519
# Param: length=254.584
# Param: pd_radius=0.298828
# Param: pd_length=0.069733
# Param: model_scale=1
# Param: model_abs=0
# Date: Wed Sep 23 22:25:41 2026 (1790195141)
# type: array_1d(120)
# Source: EQ_SANS_cylinder (eqsans_cylinder.instr)
# component: lambda_det
# position: 0 0 22.28
# title: Wavelength monitor
# Ncount: 5000000
# filename: lambda_det.dat
# statistics: X0=4.38602; dX=1.05579;
# signal: Min=0; Max=1.8555e+12; Mean=3.43153e+11;
# values: 4.11783e+13 8.41717e+11 292034
# xvar: L
# yvar: (I,I_err)
# xlabel: Wavelength [AA]
# ylabel: Intensity
# xlimits: 0 12
# variables: L I I_err N
0.05 0 0 0 
0.15 0 0 0 
0.25 0 0 0 
0.35 0 0 0 
0.45 0 0 0 
0.55 0 0 0 
0.65 0 0 0 
0.75 0 0 0 
0.85 0 0 0 
0.95 0 0 0 
1.05 0 0 0 
1.15 0 0 0 
1.25 0 0 0 
1.35 0 0 0 
1.45 0 0 0 
1.55 0 0 0 
1.65 0 0 0 
1.75 0 0 0 
1.85 0 0 0 
1.95 0 0 0 
2.05 0 0 0 
2.15 136221410.8 112395196.5 50 
2.25 7723465748 7126725682 100 
2.35 1.484138317e+10 9639040243 250 
2.45 1.653363716e+10 7607773178 550 
2.55 2.932438304e+10 8824151325 1150 
2.65 2.584603368e+11 8.504665513e+10 2400 
2.75 3.0142107e+11 4.666086159e+10 7849 
2.85 8.570330005e+11 1.111444908e+11 13750 
2.95 1.855501371e+12 1.938262134e+11 20399 
3.05 1.487297097e+12 1.4947902e+11 18549 
3.15 1.53328497e+12 1.80539238e+11 15848 
3.25 1.397958445e+12 1.532861451e+11 13950 
3.35 1.388736351e+12 1.460966897e+11 13447 
3.45 1.486040566e+12 1.675771565e+11 14349 
3.55 1.108997956e+12 1.117040891e+11 12200 
3.65 1.320904078e+12 1.507960025e+11 12249 
3.75 1.461852242e+12 1.417192251e+11 12700 
3.85 1.404197807e+12 1.48946688e+11 10299 
3.95 1.453682537e+12 1.669352648e+11 10199 
4.05 1.385076446e+12 1.432763462e+11 9400 
4.15 1.183572633e+12 1.589566698e+11 7650 
4.25 1.023355071e+12 1.103470521e+11 7000 
4.35 1.043413613e+12 1.172320258e+11 7500 
4.45 1.283850155e+12 1.542834268e+11 7150 
4.55 1.535368541e+12 1.709224778e+11 7250 
4.65 1.161192958e+12 1.40919948e+11 6250 
4.75 9.919652743e+11 1.172744608e+11 5450 
4.85 1.060956437e+12 1.291323484e+11 5248 
4.95 9.500475367e+11 1.356653413e+11 4799 
5.05 1.267854369e+12 1.677803649e+11 4900 
5.15 8.606422138e+11 1.088798037e+11 4000 
5.25 7.117723997e+11 9.603287761e+10 3950 
5.35 6.527662312e+11 8.559392126e+10 3450 
5.45 6.726831098e+11 1.087518304e+11 2900 
5.55 8.861729765e+11 1.196130676e+11 3250 
5.65 7.375890519e+11 8.972961381e+10 3050 
5.75 8.260521705e+11 1.050580056e+11 2650 
5.85 8.481100391e+11 1.053152531e+11 3200 
5.95 7.437270802e+11 1.103428976e+11 2350 
6.05 7.036438067e+11 1.190433606e+11 2300 
6.15 6.777019684e+11 1.247596433e+11 1850 
6.25 7.515411485e+11 1.221297943e+11 1899 
6.35 8.880887598e+11 1.853712224e+11 1850 
6.45 5.518316443e+11 1.009797258e+11 1400 
6.55 3.691270968e+11 8.893463972e+10 950 
6.65 2.629516696e+10 1.475426721e+10 100 
6.75 0 0 0 
6.85 0 0 0 
6.95 0 0 0 
7.05 0 0 0 
7.15 0 0 0 
7.25 0 0 0 
7.35 0 0 0 
7.45 0 0 0 
7.55 0 0 0 
7.65 0 0 0 
7.75 0 0 0 
7.85 0 0 0 
7.95 0 0 0 
8.05 0 0 0 
8.15 0 0 0 
8.25 0 0 0 
8.35 0 0 0 
8.45 0 0 0 
8.55 0 0 0 
8.65 0 0 0 
8.75 0 0 0 
8.85 0 0 0 
8.95 0 0 0 
9.05 0 0 0 
9.15 0 0 0 
9.25 0 0 0 
9.35 0 0 0 
9.45 0 0 0 
9.55 0 0 0 
9.65 0 0 0 
9.75 0 0 0 
9.85 0 0 0 
9.95 0 0 0 
10.05 0 0 0 
10.15 0 0 0 
10.25 0 0 0 
10.35 0 0 0 
10.45 0 0 0 
10.55 0 0 0 
10.65 0 0 0 
10.75 0 0 0 
10.85 0 0 0 
10.95 0 0 0 
11.05 0 0 0 
11.15 0 0 0 
11.25 0 0 0 
11.35 0 0 0 
11.45 0 0 0 
11.55 0 0 0 
11.65 0 0 0 
11.75 0 0 0 
11.85 0 0 0 
11.95 0 0 0 
