# Format: McCode with text headers
# URL: http://www.mccode.org
# Creator:  3.8.5, git
# Instrument: eqsans_cylinder.instr
# Ncount: 5000000
# Trace: no
# Gravitation: no
# Seed: 1790196206291314
# Directory: /Users/georgeyumnam/WORK/PANRAID/PaNRAID-results/Group2/panraidproject/dataset_cylinder/cyl_001949
# Param: gx=0
# Param: gy=0
# Param: sample_on=1
# Param: bs_radius=0
# Param: samp_ap=0.01
# Param: sld=3.61219
# Param: sld_solvent=1
# Param: radius=91.6449
# Param: length=830.159
# Param: pd_radius=0.128412
# Param: pd_length=0.29413
# Param: model_scale=1
# Param: model_abs=0
# Date: Wed Sep 23 22:43:44 2026 (1790196224)
# type: array_1d(100)
# Source: EQ_SANS_cylinder (eqsans_cylinder.instr)
# component: qmon
# position: 0 0 22.281
# title: QMonitor - Distribution in q (Radially averaged)
# Ncount: 5000000
# filename: qdet.dat
# statistics: X0=0.00852701; dX=0.00781376;
# signal: Min=4.77727e+11; Max=8.79024e+16; Mean=5.35725e+15;
# values: 5.35725e+17 2.48743e+16 255621
# xvar: q
# yvar: (I,I_err)
# xlabel: q [1 / AA]
# ylabel: I(q)
# xlimits: 0 0.151561
# variables: q I I_err N
0.0007578035702 8.79023781e+16 2.19588327e+16 37 
0.002273410711 5.731725287e+16 7.478167501e+15 125 
0.003789017851 5.514792139e+16 5.511440249e+15 210 
0.005304624991 4.856297922e+16 3.859079901e+15 293 
0.006820232132 4.158619167e+16 3.229463972e+15 350 
0.008335839272 4.344343298e+16 3.200900515e+15 439 
0.009851446413 3.856818917e+16 2.706346403e+15 555 
0.01136705355 3.350077352e+16 2.986036816e+15 651 
0.01288266069 2.472055881e+16 1.475483096e+15 700 
0.01439826783 1.812554299e+16 1.209745083e+15 756 
0.01591387497 1.695506515e+16 8.88262466e+14 884 
0.01742948211 1.358379843e+16 8.471364265e+14 892 
0.01894508925 1.232120802e+16 6.630275435e+14 1087 
0.0204606964 8.820964342e+15 4.466612653e+14 1131 
0.02197630354 7.442619521e+15 3.902840068e+14 1163 
0.02349191068 6.251353151e+15 3.719657695e+14 1291 
0.02500751782 4.729107604e+15 2.314661699e+14 1319 
0.02652312496 3.654087172e+15 1.766134745e+14 1462 
0.0280387321 2.98791381e+15 1.437839205e+14 1542 
0.02955433924 2.22237658e+15 1.045181996e+14 1671 
0.03106994638 1.638567839e+15 7.677946887e+13 1704 
0.03258555352 1.200346987e+15 5.927867998e+13 1799 
0.03410116066 8.827001411e+14 4.25044688e+13 1811 
0.0356167678 6.690751188e+14 3.189180028e+13 1954 
0.03713237494 4.92505353e+14 2.481983482e+13 2091 
0.03864798208 3.873626265e+14 2.061034454e+13 2148 
0.04016358922 2.648535876e+14 1.256747109e+13 2081 
0.04167919636 2.292269484e+14 1.031440495e+13 2257 
0.0431948035 1.823666095e+14 8.614009803e+12 2376 
0.04471041064 1.453850911e+14 5.178478435e+12 2429 
0.04622601778 1.438574675e+14 5.346512257e+12 2630 
0.04774162492 1.199419091e+14 3.74442619e+12 2557 
0.04925723206 1.274088866e+14 3.690929592e+12 2721 
0.0507728392 1.14392461e+14 3.131549917e+12 2796 
0.05228844634 1.081105858e+14 3.005363889e+12 2765 
0.05380405348 1.061850366e+14 2.746925888e+12 2938 
0.05531966062 1.015313049e+14 2.643462506e+12 3010 
0.05683526776 9.555413658e+13 2.431485309e+12 3126 
0.05835087491 9.093521234e+13 2.176913603e+12 3381 
0.05986648205 7.880079932e+13 1.95750366e+12 3283 
0.06138208919 6.882662132e+13 1.701750247e+12 3310 
0.06289769633 6.215688345e+13 1.540603373e+12 3399 
0.06441330347 5.587136258e+13 1.361141057e+12 3475 
0.06592891061 4.889611786e+13 1.193825192e+12 3600 
0.06744451775 4.17627904e+13 1.045383625e+12 3546 
0.06896012489 3.85343674e+13 9.384793996e+11 3719 
0.07047573203 3.059275283e+13 7.694950317e+11 3629 
0.07199133917 2.844211137e+13 6.960998231e+11 3709 
0.07350694631 2.440762286e+13 6.261521986e+11 3670 
0.07502255345 2.286144546e+13 5.494386474e+11 3807 
0.07653816059 2.021691248e+13 4.84061719e+11 3805 
0.07805376773 1.836733767e+13 4.37969549e+11 3832 
0.07956937487 1.757210114e+13 4.113041716e+11 3930 
0.08108498201 1.626997522e+13 3.783433597e+11 3928 
0.08260058915 1.558600723e+13 3.61230738e+11 3946 
0.08411619629 1.452052445e+13 3.315644894e+11 3969 
0.08563180343 1.335698761e+13 3.04967547e+11 3885 
0.08714741057 1.251787308e+13 2.844930192e+11 3849 
0.08866301771 1.237515445e+13 2.771511456e+11 3985 
0.09017862485 1.086868134e+13 2.461671654e+11 3795 
0.09169423199 1.017217692e+13 2.257668221e+11 3812 
0.09320983913 9.702285613e+12 2.169283748e+11 3876 
0.09472544627 8.703232761e+12 1.981620095e+11 3737 
0.09624105341 7.90002092e+12 1.798580895e+11 3683 
0.09775666056 7.685394003e+12 1.712522827e+11 3757 
0.0992722677 6.957075184e+12 1.564111832e+11 3711 
0.1007878748 6.35219741e+12 1.449158384e+11 3656 
0.102303482 5.525461324e+12 1.257863914e+11 3617 
0.1038190891 5.154706688e+12 1.215841016e+11 3443 
0.1053346963 5.097498165e+12 1.144648261e+11 3646 
0.1068503034 4.455583349e+12 1.036265703e+11 3460 
0.1083659105 4.229676492e+12 9.775126759e+10 3431 
0.1098815177 3.738999766e+12 8.863439176e+10 3340 
0.1113971248 3.637992377e+12 8.419402391e+10 3408 
0.112912732 3.398316035e+12 7.847402415e+10 3383 
0.1144283391 2.968637981e+12 7.094343944e+10 3169 
0.1159439462 2.75551668e+12 6.781198693e+10 3070 
0.1174595534 2.738762061e+12 6.550542046e+10 3141 
0.1189751605 2.402069293e+12 5.926994824e+10 3020 
0.1204907677 2.187865512e+12 5.462717475e+10 2857 
0.1220063748 2.089457377e+12 5.287632082e+10 2832 
0.1235219819 1.942031505e+12 4.953576576e+10 2767 
0.1250375891 1.858741674e+12 4.698713064e+10 2771 
0.1265531962 1.6799002e+12 4.314107505e+10 2660 
0.1280688034 1.63092085e+12 4.183945705e+10 2668 
0.1295844105 1.495471206e+12 3.864352181e+10 2636 
0.1311000176 1.346895312e+12 3.559292569e+10 2478 
0.1326156248 1.277002467e+12 3.429378782e+10 2445 
0.1341312319 1.154309563e+12 3.13253113e+10 2374 
0.1356468391 1.037733986e+12 2.899852416e+10 2242 
0.1371624462 9.794725907e+11 2.733554509e+10 2222 
0.1386780533 9.142860043e+11 2.594582932e+10 2144 
0.1401936605 8.439275956e+11 2.404632679e+10 2092 
0.1417092676 7.684806698e+11 2.233150049e+10 1977 
0.1432248748 6.797375761e+11 2.023597744e+10 1942 
0.1447404819 6.317342172e+11 1.930404075e+10 1864 
0.146256089 6.16809305e+11 1.863995007e+10 1834 
0.1477716962 5.574905118e+11 1.74321443e+10 1775 
0.1492873033 5.564324567e+11 1.704425274e+10 1776 
0.1508029105 4.777274996e+11 1.520651771e+10 1702 
