# Format: McCode with text headers
# URL: http://www.mccode.org
# Creator:  3.8.5, git
# Instrument: eqsans_sans.instr
# Ncount: 10000000
# Trace: no
# Gravitation: no
# Seed: 1790181823956120
# Directory: /Users/georgeyumnam/WORK/PANRAID/PaNRAID-results/Group2/panraidproject/scan_sans_sample/x-06_y-19
# Param: gx=-0.006
# Param: gy=-0.019
# Param: sample_on=1
# Param: R_sphere=100
# Param: Phi=0.01
# Param: bs_radius=0
# Param: samp_ap=0.01
# Date: Wed Sep 23 18:44:17 2026 (1790181857)
# type: array_1d(100)
# Source: EQ_SANS_sample (eqsans_sans.instr)
# component: qmon
# position: 0 0 22.281
# title: QMonitor - Distribution in q (Radially averaged)
# Ncount: 10000000
# filename: qdet.dat
# statistics: X0=0.0147385; dX=0.00936193;
# signal: Min=0; Max=3.22239e+08; Mean=1.99271e+07;
# values: 1.99271e+09 2.35549e+08 2795
# xvar: q
# yvar: (I,I_err)
# xlabel: q [1 / AA]
# ylabel: I(q)
# xlimits: 0 0.151561
# variables: q I I_err N
0.0007578035702 0 0 0 
0.002273410711 0 0 0 
0.003789017851 15687028.02 15687028.02 1 
0.005304624991 237169381.7 127344972.6 4 
0.006820232132 322239273.1 124274551.5 9 
0.008335839272 140861401.3 61108443.88 7 
0.009851446413 97788270.83 65019715.76 4 
0.01136705355 157176039.5 72004772.26 6 
0.01288266069 43239652.56 28950788.4 3 
0.01439826783 169970756.8 69283196.88 11 
0.01591387497 159659737.4 49828864.8 16 
0.01742948211 64398034.68 25706107.88 10 
0.01894508925 117484817.4 35194239.91 18 
0.0204606964 35136583.03 11550450.07 10 
0.02197630354 97817318.47 33705622.79 15 
0.02349191068 81411302.32 23079348.41 18 
0.02500751782 21308669.03 9451456.655 10 
0.02652312496 33078302.62 10328166.2 16 
0.0280387321 24977322.03 9569158.119 15 
0.02955433924 48388951.53 13223249.64 29 
0.03106994638 32678130.53 10036173.12 27 
0.03258555352 33628244.84 12156295.07 26 
0.03410116066 9500690.106 3318316.592 18 
0.0356167678 11884420.15 3955256.88 22 
0.03713237494 8804829.304 4676620.336 18 
0.03864798208 2808019.816 1052527.34 22 
0.04016358922 4633840.948 1627862.573 28 
0.04167919636 2721013.995 1425333.558 27 
0.0431948035 726481.8686 302213.5645 22 
0.04471041064 1965269.333 878658.3744 30 
0.04622601778 706757.1282 265341.4187 25 
0.04774162492 841240.5714 301847.9431 27 
0.04925723206 405078.5706 103614.5274 32 
0.0507728392 831642.336 190929.7099 28 
0.05228844634 821497.7368 215488.1297 30 
0.05380405348 731221.518 185934.1633 25 
0.05531966062 793096.3737 186373.8326 27 
0.05683526776 880253.1185 189549.7748 28 
0.05835087491 965919.2192 215403.5861 31 
0.05986648205 1185963.405 196333.9967 45 
0.06138208919 1189787.965 207661.2654 46 
0.06289769633 894030.252 191583.0156 36 
0.06441330347 617303.5112 143812.6532 33 
0.06592891061 495347.3787 110373.7588 41 
0.06744451775 366745.007 90649.85614 32 
0.06896012489 288917.9132 64513.2515 44 
0.07047573203 379641.2391 101108.35 36 
0.07199133917 260450.8917 75481.4382 39 
0.07350694631 80446.16623 26626.1261 33 
0.07502255345 178613.4018 46640.18374 54 
0.07653816059 173881.8941 51013.83382 42 
0.07805376773 75801.71737 19745.09949 40 
0.07956937487 69206.47093 16533.59052 35 
0.08108498201 112546.8663 31309.88882 35 
0.08260058915 112649.9342 23399.07908 47 
0.08411619629 131584.0793 24178.79836 51 
0.08563180343 146567.4978 26361.09812 57 
0.08714741057 164008.6187 26921.56615 53 
0.08866301771 140552.79 26206.02961 38 
0.09017862485 147661.0817 27038.1018 42 
0.09169423199 123585.0699 22279.32634 39 
0.09320983913 148194.796 24446.92495 48 
0.09472544627 133111.1342 25123.41097 42 
0.09624105341 111061.9526 21258.29125 37 
0.09775666056 73817.13059 15807.79054 33 
0.0992722677 72649.94496 16034.74007 35 
0.1007878748 101368.9533 21447.86513 49 
0.102303482 61225.56102 13850.44085 41 
0.1038190891 36309.61331 9593.136472 34 
0.1053346963 22723.00319 8065.620911 32 
0.1068503034 33177.05717 9652.622452 38 
0.1083659105 24507.80855 6413.306015 43 
0.1098815177 7869.366843 2578.999774 28 
0.1113971248 16382.31875 4747.185759 31 
0.112912732 18576.40557 5139.766919 34 
0.1144283391 14492.25134 3464.629289 28 
0.1159439462 24115.21156 5014.27168 33 
0.1174595534 25155.89215 4827.528566 39 
0.1189751605 36457.88758 6882.315251 37 
0.1204907677 34426.87097 6704.07346 36 
0.1220063748 22630.97939 5009.237327 29 
0.1235219819 38644.03843 7066.230738 36 
0.1250375891 24583.36151 5360.672407 28 
0.1265531962 22117.55309 5326.585102 23 
0.1280688034 23538.562 4929.738167 34 
0.1295844105 29587.35635 5596.190698 42 
0.1311000176 15733.2835 4007.526247 31 
0.1326156248 15257.04301 3871.55439 31 
0.1341312319 11047.07329 3312.049458 21 
0.1356468391 8202.824881 2787.22387 19 
0.1371624462 6105.45587 2117.580034 22 
0.1386780533 2894.68659 1037.806591 15 
0.1401936605 4920.25543 1495.81572 17 
0.1417092676 3767.496262 1056.770465 27 
0.1432248748 2292.126123 807.6787398 15 
0.1447404819 3096.596863 1178.151605 15 
0.146256089 4615.099534 1405.139325 21 
0.1477716962 3577.069082 1238.226532 14 
0.1492873033 7797.765328 1790.968666 26 
0.1508029105 5142.3431 1472.591165 18 
