# Format: McCode with text headers
# URL: http://www.mccode.org
# Creator:  3.8.5, git
# Instrument: eqsans_cylinder.instr
# Ncount: 5000000
# Trace: no
# Gravitation: no
# Seed: 1790193090844656
# Directory: /Users/georgeyumnam/WORK/PANRAID/PaNRAID-results/Group2/panraidproject/dataset_cylinder/cyl_000214
# Param: gx=0
# Param: gy=0
# Param: sample_on=1
# Param: bs_radius=0
# Param: samp_ap=0.01
# Param: sld=1.13192
# Param: sld_solvent=1
# Param: radius=27.6054
# Param: length=339.737
# Param: pd_radius=0.036624
# Param: pd_length=0.032744
# Param: model_scale=1
# Param: model_abs=0
# Date: Wed Sep 23 21:51:48 2026 (1790193108)
# type: array_1d(100)
# Source: EQ_SANS_cylinder (eqsans_cylinder.instr)
# component: qmon
# position: 0 0 22.281
# title: QMonitor - Radially averaged distribution
# Ncount: 5000000
# filename: rdet.dat
# statistics: X0=0.110795; dX=0.10329;
# signal: Min=1.65556e+09; Max=1.13346e+11; Mean=2.28372e+10;
# values: 2.28372e+12 3.35381e+10 161458
# xvar: r
# yvar: (I,I_err)
# xlabel: Radius [m]
# ylabel: I(r)
# xlimits: 0 0.5
# variables: r I I_err N
0.0025 7.03526433e+10 2.11323971e+10 12 
0.0075 1.133461439e+11 1.450473654e+10 69 
0.0125 1.020659148e+11 1.09490363e+10 98 
0.0175 8.188996091e+10 8230629338 111 
0.0225 7.306237762e+10 6687140881 136 
0.0275 8.465278317e+10 6529174365 189 
0.0325 7.830629483e+10 5642111705 221 
0.0375 7.62847024e+10 5146965617 246 
0.0425 6.8699872e+10 4536248805 262 
0.0475 6.754393789e+10 4131305517 313 
0.0525 6.368411066e+10 3700666577 345 
0.0575 6.45217969e+10 3573317238 381 
0.0625 6.117117307e+10 3274157916 413 
0.0675 5.499899215e+10 2869428687 432 
0.0725 5.107244413e+10 2591447735 460 
0.0775 5.366032541e+10 2574315048 522 
0.0825 5.151456787e+10 2334404999 577 
0.0875 4.758264267e+10 2153686796 577 
0.0925 4.430280261e+10 1972473446 603 
0.0975 4.061292689e+10 1769283482 626 
0.1025 3.863350136e+10 1660537311 657 
0.1075 3.929171737e+10 1582803335 737 
0.1125 3.537932662e+10 1440928789 728 
0.1175 3.553665884e+10 1401848003 769 
0.1225 3.3660494e+10 1287154270 826 
0.1275 3.180482668e+10 1213084790 824 
0.1325 3.017593946e+10 1134426866 862 
0.1375 2.772386486e+10 1022927373 880 
0.1425 2.800272155e+10 984601423.5 968 
0.1475 2.574057201e+10 924746920.2 934 
0.1525 2.670813831e+10 898523352.7 1063 
0.1575 2.343663901e+10 817124743 995 
0.1625 2.319909672e+10 777619516.5 1071 
0.1675 2.195843813e+10 724497767.5 1100 
0.1725 2.137896818e+10 708156329 1116 
0.1775 2.159539194e+10 687770078.8 1204 
0.1825 2.000705196e+10 631616435.9 1210 
0.1875 1.738321032e+10 569212739.1 1146 
0.1925 1.697677049e+10 550908710.1 1174 
0.1975 1.660135195e+10 525303954.8 1234 
0.2025 1.621664969e+10 505485788.6 1264 
0.2075 1.681547507e+10 503427819.5 1395 
0.2125 1.561233754e+10 472671018.1 1376 
0.2175 1.504126836e+10 452805394.7 1410 
0.2225 1.353448152e+10 416220318.2 1337 
0.2275 1.360008008e+10 402791931.5 1441 
0.2325 1.360159063e+10 393422628.5 1517 
0.2375 1.201027572e+10 359869510.2 1442 
0.2425 1.233551649e+10 358647900.2 1546 
0.2475 1.131806974e+10 325866621 1561 
0.2525 1.122619603e+10 318407224.4 1628 
0.2575 1.139519559e+10 321212895.4 1693 
0.2625 1.020082018e+10 291629592 1650 
0.2675 1.000545437e+10 283027356.3 1669 
0.2725 9564321769 270908178.4 1711 
0.2775 9523146671 261108645.6 1819 
0.2825 9455178053 256952898.2 1881 
0.2875 8492084641 232955064.9 1848 
0.2925 8771910157 232729454.8 1957 
0.2975 8048788455 216601122.2 1961 
0.3025 8074397889 217067951 1980 
0.3075 7570045891 206736255.6 1970 
0.3125 7356589486 196758768.5 2039 
0.3175 6891061417 187529422.1 2007 
0.3225 6820986421 180975197.1 2106 
0.3275 6566790001 175625511.4 2076 
0.3325 6322962668 168962659.9 2104 
0.3375 6414433339 165312666.9 2294 
0.3425 5520406442 148845034.3 2110 
0.3475 5492365646 146512313.5 2241 
0.3525 5167431800 135710788 2276 
0.3575 5135651367 135267664.9 2303 
0.3625 4974288079 130902455.2 2339 
0.3675 4628471362 124672664.4 2283 
0.3725 4627551663 123164447.7 2416 
0.3775 4474707969 118540698.4 2471 
0.3825 4193166828 111137345.2 2462 
0.3875 4111569847 108443532.1 2515 
0.3925 3929837021 104290701.8 2589 
0.3975 3620858755 97891186.02 2469 
0.4025 3563253683 95088118.97 2628 
0.4075 3325920130 89853374.67 2610 
0.4125 3243224492 87830992.39 2626 
0.4175 3343394561 88397904.59 2769 
0.4225 3113972754 82851450.36 2777 
0.4275 2936340433 79360595.05 2733 
0.4325 2797517858 75864623.87 2777 
0.4375 2936992897 76914943.03 2950 
0.4425 2539507633 70116705.71 2834 
0.4475 2480877107 67876146.38 2873 
0.4525 2360697973 64727173.02 2904 
0.4575 2429240437 65852656.89 2965 
0.4625 2106595840 58775553.53 2953 
0.4675 2152792959 58933312.5 3009 
0.4725 2031377325 56121752.08 3107 
0.4775 2061639327 57267549.63 3122 
0.4825 1920675117 53475243 3105 
0.4875 1801259027 50397666.24 3175 
0.4925 1730742542 48640990.18 3106 
0.4975 1655557238 46652025.79 3188 
