# Format: McCode with text headers
# URL: http://www.mccode.org
# Creator:  3.8.5, git
# Instrument: eqsans_sans.instr
# Ncount: 10000000
# Trace: no
# Gravitation: no
# Seed: 1790185563259200
# Directory: /Users/georgeyumnam/WORK/PANRAID/PaNRAID-results/Group2/panraidproject/scan_sans_sample/x+20_y-14
# Param: gx=0.02
# Param: gy=-0.014
# Param: sample_on=1
# Param: R_sphere=100
# Param: Phi=0.01
# Param: bs_radius=0
# Param: samp_ap=0.01
# Date: Wed Sep 23 19:46:37 2026 (1790185597)
# type: array_1d(100)
# Source: EQ_SANS_sample (eqsans_sans.instr)
# component: qmon
# position: 0 0 22.281
# title: QMonitor - Distribution in q (Radially averaged)
# Ncount: 10000000
# filename: qdet.dat
# statistics: X0=0.0127357; dX=0.00963692;
# signal: Min=0; Max=2.37968e+08; Mean=1.14193e+07;
# values: 1.14193e+09 2.02671e+08 1784
# xvar: q
# yvar: (I,I_err)
# xlabel: q [1 / AA]
# ylabel: I(q)
# xlimits: 0 0.151561
# variables: q I I_err N
0.0007578035702 0 0 0 
0.002273410711 195374129.9 139215506.5 2 
0.003789017851 26169701.63 26169701.63 1 
0.005304624991 26429119.19 26429119.19 1 
0.006820232132 85911879.09 71145396.39 2 
0.008335839272 25512244 25512244 1 
0.009851446413 237968092.7 97802669.91 8 
0.01136705355 81728957.88 43658493.18 4 
0.01288266069 117529232.2 46915048.03 8 
0.01439826783 14445068.36 10812471.55 2 
0.01591387497 47685266.98 21905256.1 6 
0.01742948211 30811614.59 18233434.58 5 
0.01894508925 32968265.25 16142110.79 6 
0.0204606964 41431538.9 18017239.43 7 
0.02197630354 18139909.73 15921423.26 3 
0.02349191068 20493764.5 10250298.24 5 
0.02500751782 39297580.58 14538914.61 12 
0.02652312496 15401409.67 5646228.86 10 
0.0280387321 12093750.65 4117220.857 10 
0.02955433924 21606916.87 10630617.16 15 
0.03106994638 10054857.19 4291249.33 11 
0.03258555352 12493559.66 5579118.576 12 
0.03410116066 4733394.363 2086761.995 9 
0.0356167678 5504361.808 2554161.908 17 
0.03713237494 1048607.085 745715.1142 7 
0.03864798208 3234850.616 1441960.195 24 
0.04016358922 808848.4383 462168.7157 10 
0.04167919636 1674385.018 1018188.678 13 
0.0431948035 731912.3341 391046.9055 15 
0.04471041064 282547.4988 146697.6162 17 
0.04622601778 424034.0683 122250.119 25 
0.04774162492 212470.1281 71622.47922 17 
0.04925723206 497216.8975 153725.7196 22 
0.0507728392 612159.2127 196179.4658 18 
0.05228844634 465599.2248 125892.8631 20 
0.05380405348 706488.7187 174055.2737 21 
0.05531966062 673277.9218 158862.2291 28 
0.05683526776 761311.522 180193.248 26 
0.05835087491 694729.035 167993.6065 22 
0.05986648205 664312.8292 170224.0573 23 
0.06138208919 425150.8982 100535.8461 24 
0.06289769633 535706.5503 124961.5636 24 
0.06441330347 455614.2294 109487.3594 28 
0.06592891061 615936.4814 133824.2539 38 
0.06744451775 426574.5583 103331.3728 27 
0.06896012489 347502.3672 92633.57645 30 
0.07047573203 98581.57448 33262.18343 18 
0.07199133917 98789.66503 34392.67181 23 
0.07350694631 100171.1368 25787.34354 32 
0.07502255345 78849.00611 24571.84244 25 
0.07653816059 43698.68104 21132.02779 26 
0.07805376773 35750.32452 15570.88953 22 
0.07956937487 25820.25161 8124.51603 16 
0.08108498201 26443.28406 7159.136056 26 
0.08260058915 56665.52061 16064.42283 25 
0.08411619629 63788.85126 15691.1713 29 
0.08563180343 65378.99319 16960.44553 23 
0.08714741057 109673.7699 23215.79581 31 
0.08866301771 78141.0701 16515.42395 29 
0.09017862485 90973.06609 21309.0687 25 
0.09169423199 94901.11478 21428.26107 26 
0.09320983913 100058.0026 20560.58238 31 
0.09472544627 64150.78904 15257.9609 22 
0.09624105341 78603.51618 19334.77432 24 
0.09775666056 50358.24302 14040.43686 21 
0.0992722677 42339.12231 13026.23765 19 
0.1007878748 41809.81112 11179.71809 25 
0.102303482 52584.07294 12931.58688 36 
0.1038190891 17027.07122 5158.524517 22 
0.1053346963 16812.0951 5552.674501 24 
0.1068503034 16034.10694 6500.048243 21 
0.1083659105 11219.92243 3756.598808 19 
0.1098815177 16140.80701 4460.763508 30 
0.1113971248 9364.54666 2670.901977 31 
0.112912732 10206.58888 3002.81087 26 
0.1144283391 16575.03273 4819.443769 20 
0.1159439462 13569.91805 3385.705785 24 
0.1174595534 16949.38997 4281.858049 22 
0.1189751605 20366.32931 4896.07767 24 
0.1204907677 26529.81718 6134.246913 25 
0.1220063748 13695.19791 3947.853188 15 
0.1235219819 22471.35949 5099.800293 25 
0.1250375891 22520.46469 4885.244848 25 
0.1265531962 9195.268335 3053.461908 14 
0.1280688034 14381.96585 4028.618865 16 
0.1295844105 14998.87403 3846.626618 22 
0.1311000176 6576.48956 2264.066929 14 
0.1326156248 8267.947327 2451.392265 19 
0.1341312319 6147.440499 2198.104222 17 
0.1356468391 5412.73777 2093.109855 13 
0.1371624462 3757.465803 1492.126143 13 
0.1386780533 3529.286367 1340.233775 11 
0.1401936605 2478.618395 1124.667095 13 
0.1417092676 2462.305276 933.2307801 14 
0.1432248748 1076.184273 540.518617 7 
0.1447404819 3465.624848 1179.46662 15 
0.146256089 4899.17224 1415.831906 17 
0.1477716962 2502.304072 927.1672365 12 
0.1492873033 3235.634838 1191.150402 13 
0.1508029105 3215.22102 1089.204062 11 
