# Format: McCode with text headers
# URL: http://www.mccode.org
# Creator:  3.8.5, git
# Instrument: eqsans_sans.instr
# Ncount: 10000000
# Trace: no
# Gravitation: no
# Seed: 1790185213759319
# Directory: /Users/georgeyumnam/WORK/PANRAID/PaNRAID-results/Group2/panraidproject/scan_sans_sample/x+17_y+07
# Param: gx=0.017
# Param: gy=0.007
# Param: sample_on=1
# Param: R_sphere=100
# Param: Phi=0.01
# Param: bs_radius=0
# Param: samp_ap=0.01
# Date: Wed Sep 23 19:40:48 2026 (1790185248)
# type: array_1d(120)
# Source: EQ_SANS_sample (eqsans_sans.instr)
# component: lambda_det
# position: 0 0 22.28
# title: Wavelength monitor
# Ncount: 10000000
# filename: lambda_det.dat
# statistics: X0=4.32956; dX=0.977999;
# signal: Min=0; Max=7252.92; Mean=958.042;
# values: 114965 8558.04 3298
# xvar: L
# yvar: (I,I_err)
# xlabel: Wavelength [AA]
# ylabel: Intensity
# xlimits: 0 12
# variables: L I I_err N
0.05 0 0 0 
0.15 0 0 0 
0.25 0 0 0 
0.35 0 0 0 
0.45 0 0 0 
0.55 0 0 0 
0.65 0 0 0 
0.75 0 0 0 
0.85 0 0 0 
0.95 0 0 0 
1.05 0 0 0 
1.15 0 0 0 
1.25 0 0 0 
1.35 0 0 0 
1.45 0 0 0 
1.55 0 0 0 
1.65 0 0 0 
1.75 0 0 0 
1.85 0 0 0 
1.95 0 0 0 
2.05 0 0 0 
2.15 0 0 0 
2.25 0 0 0 
2.35 3.672603003 2.245581736 6 
2.45 1.596375915 1.428584399 6 
2.55 314.8806607 327.927275 9 
2.65 4.571788064 1.737739108 16 
2.75 280.6618972 198.0796172 56 
2.85 1728.701491 713.6289485 130 
2.95 2070.828928 926.2276992 207 
3.05 4647.271378 1674.953802 213 
3.15 6242.277939 1755.818673 174 
3.25 7252.924486 2438.605681 181 
3.35 1438.013389 917.452741 164 
3.45 2109.569499 1315.97383 153 
3.55 4652.785632 1904.279463 152 
3.65 2089.291404 1238.327374 123 
3.75 7218.692781 2362.146239 136 
3.85 4400.930022 1609.613703 139 
3.95 6620.570312 2415.231236 107 
4.05 4730.755562 1810.34264 112 
4.15 2573.336669 1260.759015 95 
4.25 5107.27517 1799.223557 83 
4.35 5492.285931 2195.432467 96 
4.45 2410.233296 1071.609313 86 
4.55 2140.492034 945.3138017 75 
4.65 2624.533723 1461.838315 63 
4.75 2552.184606 1056.121513 69 
4.85 4076.061868 1640.495693 60 
4.95 3321.728972 1486.456116 55 
5.05 1212.506659 474.3927876 47 
5.15 1091.213253 583.3305022 49 
5.25 4254.070327 1874.455178 46 
5.35 2123.756223 1406.890023 39 
5.45 2755.297584 1181.120904 35 
5.55 2403.306721 1066.367766 46 
5.65 1408.278982 570.1943789 38 
5.75 3066.721237 1254.340919 31 
5.85 1719.857384 1179.854705 45 
5.95 957.0486796 790.1429557 24 
6.05 1494.509884 836.6791843 28 
6.15 1024.278416 502.1040449 32 
6.25 1681.55233 857.9625069 21 
6.35 722.9754241 540.4831767 16 
6.45 374.2035182 225.9691006 19 
6.55 2209.381311 1135.014761 14 
6.65 359.9505541 433.3872336 2 
6.75 0 0 0 
6.85 0 0 0 
6.95 0 0 0 
7.05 0 0 0 
7.15 0 0 0 
7.25 0 0 0 
7.35 0 0 0 
7.45 0 0 0 
7.55 0 0 0 
7.65 0 0 0 
7.75 0 0 0 
7.85 0 0 0 
7.95 0 0 0 
8.05 0 0 0 
8.15 0 0 0 
8.25 0 0 0 
8.35 0 0 0 
8.45 0 0 0 
8.55 0 0 0 
8.65 0 0 0 
8.75 0 0 0 
8.85 0 0 0 
8.95 0 0 0 
9.05 0 0 0 
9.15 0 0 0 
9.25 0 0 0 
9.35 0 0 0 
9.45 0 0 0 
9.55 0 0 0 
9.65 0 0 0 
9.75 0 0 0 
9.85 0 0 0 
9.95 0 0 0 
10.05 0 0 0 
10.15 0 0 0 
10.25 0 0 0 
10.35 0 0 0 
10.45 0 0 0 
10.55 0 0 0 
10.65 0 0 0 
10.75 0 0 0 
10.85 0 0 0 
10.95 0 0 0 
11.05 0 0 0 
11.15 0 0 0 
11.25 0 0 0 
11.35 0 0 0 
11.45 0 0 0 
11.55 0 0 0 
11.65 0 0 0 
11.75 0 0 0 
11.85 0 0 0 
11.95 0 0 0 
