# Format: McCode with text headers
# URL: http://www.mccode.org
# Creator:  3.8.5, git
# Instrument: eqsans_sans.instr
# Ncount: 10000000
# Trace: no
# Gravitation: no
# Seed: 1790181856704862
# Directory: /Users/georgeyumnam/WORK/PANRAID/PaNRAID-results/Group2/panraidproject/scan_sans_sample/x-06_y-12
# Param: gx=-0.006
# Param: gy=-0.012
# Param: sample_on=1
# Param: R_sphere=100
# Param: Phi=0.01
# Param: bs_radius=0
# Param: samp_ap=0.01
# Date: Wed Sep 23 18:44:51 2026 (1790181891)
# type: array_1d(100)
# Source: EQ_SANS_sample (eqsans_sans.instr)
# component: qmon
# position: 0 0 22.281
# title: QMonitor - Distribution in q (Radially averaged)
# Ncount: 10000000
# filename: qdet.dat
# statistics: X0=0.0113534; dX=0.0106647;
# signal: Min=4226.51; Max=4.45404e+08; Mean=3.00855e+07;
# values: 3.00855e+09 5.00223e+08 4171
# xvar: q
# yvar: (I,I_err)
# xlabel: q [1 / AA]
# ylabel: I(q)
# xlimits: 0 0.151561
# variables: q I I_err N
0.0007578035702 328502400.8 328502400.8 1 
0.002273410711 322219700.3 283879288.3 2 
0.003789017851 445403972.5 201272102.9 7 
0.005304624991 159581050.7 71726015.98 5 
0.006820232132 131565766.2 70087466 4 
0.008335839272 292743728.9 114818104 11 
0.009851446413 163570124 60045366.58 9 
0.01136705355 74860649.07 32004298.6 6 
0.01288266069 107145481.4 46748765.71 8 
0.01439826783 68123233.24 28875076.9 7 
0.01591387497 117473391.7 46512272.54 10 
0.01742948211 87480606.07 23768466.12 18 
0.01894508925 110098725.5 40797208.17 12 
0.0204606964 84900013.98 24490691.39 15 
0.02197630354 69020289.92 24189980.25 14 
0.02349191068 75583843.48 24473248.17 20 
0.02500751782 34723263.31 12329732.91 14 
0.02652312496 72647283.58 16981244.09 29 
0.0280387321 84143850.16 21817772.48 37 
0.02955433924 16629392.08 6182727.423 17 
0.03106994638 33341542.61 11221607.21 24 
0.03258555352 33836994.35 7044816.361 41 
0.03410116066 19381554.49 5243645.665 30 
0.0356167678 20070676.35 5156043.524 37 
0.03713237494 13561199.63 4932470.359 32 
0.03864798208 4365794.627 1479084.978 24 
0.04016358922 3401806.06 1266984.913 30 
0.04167919636 2544658.762 1041047.93 30 
0.0431948035 3252717.64 1225470.919 44 
0.04471041064 2429257.507 902345.8938 44 
0.04622601778 1996864.423 842900.188 43 
0.04774162492 467012.3477 135166.6084 28 
0.04925723206 975048.5606 221260.22 43 
0.0507728392 1342102.862 255782.9764 53 
0.05228844634 1445166.157 259163.4784 51 
0.05380405348 1703292.444 274907.9366 55 
0.05531966062 1346470.36 233849.3268 52 
0.05683526776 1741206.306 270090.9568 55 
0.05835087491 1793647.751 288686.7215 57 
0.05986648205 1345810.462 214190.9623 55 
0.06138208919 1759238.612 264314.5232 60 
0.06289769633 1145532.027 190187.7146 58 
0.06441330347 1328090.529 214400.0794 57 
0.06592891061 824767.4167 147200.9428 58 
0.06744451775 864039.9909 165148.9235 59 
0.06896012489 802177.0043 164105.7329 69 
0.07047573203 389379.2203 88290.84613 56 
0.07199133917 387862.7274 89690.64346 54 
0.07350694631 383539.9583 82299.1318 65 
0.07502255345 124510.573 42458.72351 51 
0.07653816059 113132.2187 25540.3897 56 
0.07805376773 127851.9076 29533.16739 63 
0.07956937487 129028.5654 35070.54184 56 
0.08108498201 138930.039 34423.78563 53 
0.08260058915 130538.7198 24154.43798 70 
0.08411619629 160750.6833 25399.14266 61 
0.08563180343 185261.6095 28725.76479 69 
0.08714741057 194292.6001 29157.00136 61 
0.08866301771 253371.7231 33104.93825 80 
0.09017862485 203855.5786 30154.7058 58 
0.09169423199 170825.9511 27585.41131 58 
0.09320983913 245293.6883 34518.18899 70 
0.09472544627 215037.7088 31245.49639 67 
0.09624105341 190626.6127 28198.75012 65 
0.09775666056 156832.8381 25942.02721 59 
0.0992722677 120872.4734 21024.24717 61 
0.1007878748 137253.6118 20875.18354 70 
0.102303482 89431.84429 16531.99316 59 
0.1038190891 85263.45298 15594.39863 67 
0.1053346963 45431.44081 10193.17845 64 
0.1068503034 34524.23356 8074.161406 55 
0.1083659105 27145.76857 6528.640202 56 
0.1098815177 39195.87748 8698.081811 58 
0.1113971248 24200.92827 4333.388331 54 
0.112912732 29923.17944 6299.516522 51 
0.1144283391 37722.5731 5786.600873 62 
0.1159439462 32660.86932 5919.926458 50 
0.1174595534 23209.74457 4987.211618 40 
0.1189751605 39939.17425 6970.214478 50 
0.1204907677 40185.75386 6721.873654 47 
0.1220063748 32791.36397 6325.430511 34 
0.1235219819 44896.81346 7297.43771 48 
0.1250375891 41952.96153 7142.136301 49 
0.1265531962 33164.06143 6123.55754 40 
0.1280688034 33483.15867 5890.11667 41 
0.1295844105 16661.58842 3807.105232 31 
0.1311000176 34341.36823 6153.871266 48 
0.1326156248 24252.64058 4849.643837 46 
0.1341312319 11214.9499 3127.796147 34 
0.1356468391 9093.514751 2490.907713 26 
0.1371624462 6645.769817 1882.695341 26 
0.1386780533 10356.49477 2431.746347 37 
0.1401936605 9680.589008 2261.488761 33 
0.1417092676 7932.630397 1782.419048 38 
0.1432248748 4226.509832 1237.474735 27 
0.1447404819 6024.971009 1421.848765 36 
0.146256089 8459.304589 1806.704938 36 
0.1477716962 5964.60973 1395.519423 30 
0.1492873033 7439.938181 1734.721737 28 
0.1508029105 8806.765412 1851.221541 32 
