# Format: McCode with text headers
# URL: http://www.mccode.org
# Creator:  3.8.5, git
# Instrument: eqsans_cylinder.instr
# Ncount: 5000000
# Trace: no
# Gravitation: no
# Seed: 1790195212947170
# Directory: /Users/georgeyumnam/WORK/PANRAID/PaNRAID-results/Group2/panraidproject/dataset_cylinder/cyl_001397
# Param: gx=0
# Param: gy=0
# Param: sample_on=1
# Param: bs_radius=0
# Param: samp_ap=0.01
# Param: sld=5.66411
# Param: sld_solvent=1
# Param: radius=147.72
# Param: length=811.889
# Param: pd_radius=0.249582
# Param: pd_length=0.169716
# Param: model_scale=1
# Param: model_abs=0
# Date: Wed Sep 23 22:27:10 2026 (1790195230)
# type: array_1d(120)
# Source: EQ_SANS_cylinder (eqsans_cylinder.instr)
# component: lambda_det
# position: 0 0 22.28
# title: Wavelength monitor
# Ncount: 5000000
# filename: lambda_det.dat
# statistics: X0=4.35269; dX=1.0259;
# signal: Min=0; Max=1.03611e+13; Mean=1.94928e+12;
# values: 2.33914e+14 6.51655e+12 284538
# xvar: L
# yvar: (I,I_err)
# xlabel: Wavelength [AA]
# ylabel: Intensity
# xlimits: 0 12
# variables: L I I_err N
0.05 0 0 0 
0.15 0 0 0 
0.25 0 0 0 
0.35 0 0 0 
0.45 0 0 0 
0.55 0 0 0 
0.65 0 0 0 
0.75 0 0 0 
0.85 0 0 0 
0.95 0 0 0 
1.05 0 0 0 
1.15 0 0 0 
1.25 0 0 0 
1.35 0 0 0 
1.45 0 0 0 
1.55 0 0 0 
1.65 0 0 0 
1.75 0 0 0 
1.85 0 0 0 
1.95 0 0 0 
2.05 0 0 0 
2.15 608168268.2 352433762.3 50 
2.25 197745470.9 89950368.86 49 
2.35 2.145660778e+11 1.169921993e+11 250 
2.45 7.967648252e+10 6.19441963e+10 400 
2.55 3.609407692e+11 2.380586687e+11 1000 
2.65 1.015286596e+12 4.369972564e+11 2700 
2.75 2.155126051e+12 6.463126015e+11 8400 
2.85 5.346824034e+12 7.925156223e+11 14250 
2.95 8.090840569e+12 9.892260213e+11 18699 
3.05 7.639177114e+12 8.781255793e+11 17397 
3.15 8.505462418e+12 1.158846653e+12 17799 
3.25 9.908347645e+12 1.797635731e+12 14100 
3.35 7.40168965e+12 1.00702424e+12 14100 
3.45 8.146031528e+12 9.283227254e+11 14600 
3.55 9.112358822e+12 1.213854665e+12 13149 
3.65 1.036109125e+13 1.527568409e+12 13150 
3.75 9.128662347e+12 1.688693783e+12 11299 
3.85 6.374408719e+12 9.490872089e+11 9700 
3.95 7.769087645e+12 9.767961333e+11 9500 
4.05 8.260010297e+12 1.136955712e+12 8349 
4.15 6.20846334e+12 8.073032817e+11 7350 
4.25 5.265205498e+12 8.388445145e+11 6949 
4.35 8.639125304e+12 1.447069772e+12 8050 
4.45 8.016078086e+12 9.904170875e+11 6899 
4.55 4.822278058e+12 8.144912143e+11 5700 
4.65 6.907995095e+12 1.364699966e+12 5450 
4.75 5.499889435e+12 7.31763688e+11 5450 
4.85 4.537258396e+12 7.89205454e+11 4000 
4.95 5.807531046e+12 9.361910648e+11 4700 
5.05 6.422201978e+12 1.237933992e+12 4200 
5.15 4.743158531e+12 6.439038482e+11 3900 
5.25 3.274332004e+12 5.138470541e+11 3250 
5.35 6.009656598e+12 8.876609119e+11 4100 
5.45 5.287689539e+12 9.933318572e+11 3199 
5.55 6.134575828e+12 1.615977673e+12 3000 
5.65 6.536776684e+12 1.624943503e+12 3450 
5.75 4.657501847e+12 7.536812606e+11 2750 
5.85 3.37173107e+12 6.667680139e+11 1950 
5.95 5.507390026e+12 1.347515616e+12 2250 
6.05 2.426160658e+12 3.873177659e+11 2400 
6.15 3.511174801e+12 7.151753056e+11 1800 
6.25 4.179807303e+12 8.059493272e+11 1700 
6.35 1.851175151e+12 5.631255633e+11 1050 
6.45 2.454617727e+12 5.353712218e+11 1100 
6.55 1.702743252e+12 4.066028317e+11 800 
6.65 2.69257469e+11 1.406204194e+11 150 
6.75 0 0 0 
6.85 0 0 0 
6.95 0 0 0 
7.05 0 0 0 
7.15 0 0 0 
7.25 0 0 0 
7.35 0 0 0 
7.45 0 0 0 
7.55 0 0 0 
7.65 0 0 0 
7.75 0 0 0 
7.85 0 0 0 
7.95 0 0 0 
8.05 0 0 0 
8.15 0 0 0 
8.25 0 0 0 
8.35 0 0 0 
8.45 0 0 0 
8.55 0 0 0 
8.65 0 0 0 
8.75 0 0 0 
8.85 0 0 0 
8.95 0 0 0 
9.05 0 0 0 
9.15 0 0 0 
9.25 0 0 0 
9.35 0 0 0 
9.45 0 0 0 
9.55 0 0 0 
9.65 0 0 0 
9.75 0 0 0 
9.85 0 0 0 
9.95 0 0 0 
10.05 0 0 0 
10.15 0 0 0 
10.25 0 0 0 
10.35 0 0 0 
10.45 0 0 0 
10.55 0 0 0 
10.65 0 0 0 
10.75 0 0 0 
10.85 0 0 0 
10.95 0 0 0 
11.05 0 0 0 
11.15 0 0 0 
11.25 0 0 0 
11.35 0 0 0 
11.45 0 0 0 
11.55 0 0 0 
11.65 0 0 0 
11.75 0 0 0 
11.85 0 0 0 
11.95 0 0 0 
