# Format: McCode with text headers
# URL: http://www.mccode.org
# Creator:  3.8.5, git
# Instrument: eqsans_cylinder.instr
# Ncount: 5000000
# Trace: no
# Gravitation: no
# Seed: 1790195103814402
# Directory: /Users/georgeyumnam/WORK/PANRAID/PaNRAID-results/Group2/panraidproject/dataset_cylinder/cyl_001334
# Param: gx=0
# Param: gy=0
# Param: sample_on=1
# Param: bs_radius=0
# Param: samp_ap=0.01
# Param: sld=3.11536
# Param: sld_solvent=1
# Param: radius=49.692
# Param: length=216.616
# Param: pd_radius=0.113554
# Param: pd_length=0.185831
# Param: model_scale=1
# Param: model_abs=0
# Date: Wed Sep 23 22:25:21 2026 (1790195121)
# type: array_1d(120)
# Source: EQ_SANS_cylinder (eqsans_cylinder.instr)
# component: lambda_det
# position: 0 0 22.28
# title: Wavelength monitor
# Ncount: 5000000
# filename: lambda_det.dat
# statistics: X0=4.37457; dX=1.04659;
# signal: Min=0; Max=1.64289e+10; Mean=3.5961e+09;
# values: 4.31533e+11 2.86418e+09 289181
# xvar: L
# yvar: (I,I_err)
# xlabel: Wavelength [AA]
# ylabel: Intensity
# xlimits: 0 12
# variables: L I I_err N
0.05 0 0 0 
0.15 0 0 0 
0.25 0 0 0 
0.35 0 0 0 
0.45 0 0 0 
0.55 0 0 0 
0.65 0 0 0 
0.75 0 0 0 
0.85 0 0 0 
0.95 0 0 0 
1.05 0 0 0 
1.15 0 0 0 
1.25 0 0 0 
1.35 0 0 0 
1.45 0 0 0 
1.55 0 0 0 
1.65 0 0 0 
1.75 0 0 0 
1.85 0 0 0 
1.95 0 0 0 
2.05 0 0 0 
2.15 0 0 0 
2.25 5692841.995 4031416.364 50 
2.35 121764099.8 41942692.44 350 
2.45 300492734 74763405.09 550 
2.55 865706122.3 120395128.5 1749 
2.65 1920818157 217561890.8 2800 
2.75 5543571606 319241589.6 7950 
2.85 1.119641725e+10 457930696.7 14549 
2.95 1.486159633e+10 526342024.3 18100 
3.05 1.642887475e+10 578783269.4 18897 
3.15 1.544450465e+10 538691971.2 17200 
3.25 1.461909011e+10 513403453.3 14998 
3.35 1.589210058e+10 556585118.4 14700 
3.45 1.510257887e+10 525693181.1 13748 
3.55 1.641105643e+10 557990115.2 13649 
3.65 1.334873365e+10 477924163 10800 
3.75 1.467848448e+10 557190683.7 10700 
3.85 1.393868329e+10 500471381.2 10399 
3.95 1.237307093e+10 491036710 8849 
4.05 1.219493542e+10 480317941.8 8149 
4.15 1.190476906e+10 470850743.3 7499 
4.25 1.294681702e+10 512621587.8 7900 
4.35 1.27311423e+10 506807239.4 7200 
4.45 1.092138768e+10 437841701.3 6149 
4.55 1.276245771e+10 497740505.9 6599 
4.65 1.132698517e+10 465363169.2 5598 
4.75 1.23268465e+10 473734956.1 5900 
4.85 1.037203372e+10 435637487.5 4550 
4.95 8659597419 385130771 4050 
5.05 1.138791322e+10 469230338.2 4550 
5.15 9900351720 409613817.4 4250 
5.25 1.077782478e+10 439557700.5 4500 
5.35 9744304627 440072119.1 3699 
5.45 1.049109282e+10 443087843.4 3850 
5.55 9473976958 435861928.8 3250 
5.65 1.038104077e+10 450284104.7 3600 
5.75 8977149830 420176008.4 2950 
5.85 9870557423 451217145.3 3000 
5.95 6054363630 346610624.7 1900 
6.05 7153212718 372690476.2 2100 
6.15 6052915099 350989883.6 1750 
6.25 7055613050 374338787.5 1950 
6.35 7482785393 369707239.2 2100 
6.45 5033154998 313459835 1400 
6.55 1824703027 169360322.5 500 
6.65 671346681.3 98804789.35 200 
6.75 0 0 0 
6.85 0 0 0 
6.95 0 0 0 
7.05 0 0 0 
7.15 0 0 0 
7.25 0 0 0 
7.35 0 0 0 
7.45 0 0 0 
7.55 0 0 0 
7.65 0 0 0 
7.75 0 0 0 
7.85 0 0 0 
7.95 0 0 0 
8.05 0 0 0 
8.15 0 0 0 
8.25 0 0 0 
8.35 0 0 0 
8.45 0 0 0 
8.55 0 0 0 
8.65 0 0 0 
8.75 0 0 0 
8.85 0 0 0 
8.95 0 0 0 
9.05 0 0 0 
9.15 0 0 0 
9.25 0 0 0 
9.35 0 0 0 
9.45 0 0 0 
9.55 0 0 0 
9.65 0 0 0 
9.75 0 0 0 
9.85 0 0 0 
9.95 0 0 0 
10.05 0 0 0 
10.15 0 0 0 
10.25 0 0 0 
10.35 0 0 0 
10.45 0 0 0 
10.55 0 0 0 
10.65 0 0 0 
10.75 0 0 0 
10.85 0 0 0 
10.95 0 0 0 
11.05 0 0 0 
11.15 0 0 0 
11.25 0 0 0 
11.35 0 0 0 
11.45 0 0 0 
11.55 0 0 0 
11.65 0 0 0 
11.75 0 0 0 
11.85 0 0 0 
11.95 0 0 0 
