# Format: McCode with text headers
# URL: http://www.mccode.org
# Creator:  3.8.5, git
# Instrument: eqsans_sans.instr
# Ncount: 10000000
# Trace: no
# Gravitation: no
# Seed: 1790180645639753
# Directory: /Users/georgeyumnam/WORK/PANRAID/PaNRAID-results/Group2/panraidproject/scan_sans_sample/x-15_y+13
# Param: gx=-0.015
# Param: gy=0.013
# Param: sample_on=1
# Param: R_sphere=100
# Param: Phi=0.01
# Param: bs_radius=0
# Param: samp_ap=0.01
# Date: Wed Sep 23 18:24:39 2026 (1790180679)
# type: array_1d(100)
# Source: EQ_SANS_sample (eqsans_sans.instr)
# component: qmon
# position: 0 0 22.281
# title: QMonitor - Radially averaged distribution
# Ncount: 10000000
# filename: rdet.dat
# statistics: X0=0.0598551; dX=0.0476918;
# signal: Min=0; Max=1.15e+08; Mean=9.67172e+06;
# values: 9.67172e+08 1.24671e+08 1690
# xvar: r
# yvar: (I,I_err)
# xlabel: Radius [m]
# ylabel: I(r)
# xlimits: 0 0.5
# variables: r I I_err N
0.0025 0 0 0 
0.0075 0 0 0 
0.0125 57751661.41 57751661.41 1 
0.0175 105548405 61485872.37 3 
0.0225 21635661.98 21635661.98 1 
0.0275 89083126.15 45128800.62 4 
0.0325 115000388.4 44492008.8 7 
0.0375 100004886.2 38865432.54 7 
0.0425 37111089.5 22362680.54 3 
0.0475 28895448.48 17217694.3 3 
0.0525 26966296.3 14359766.32 4 
0.0575 18317209.86 10602450.61 3 
0.0625 19631123.26 11302358.84 4 
0.0675 37552432.62 16579534.38 6 
0.0725 15918664.24 11559288.72 2 
0.0775 37066312.91 14551500.04 7 
0.0825 12763071.85 7429474.245 3 
0.0875 17371141.07 9180603.224 5 
0.0925 50271495.28 14351831.95 15 
0.0975 24176355.38 8042047.016 10 
0.1025 13793852.94 6717911.121 5 
0.1075 23092231.13 7658885.928 12 
0.1125 6897075.717 4253901.735 4 
0.1175 4590288.508 2754322.086 4 
0.1225 7887086.776 4715001.636 5 
0.1275 13022900.56 4967975.333 11 
0.1325 15907006.48 5755985.697 14 
0.1375 6025494.619 3164681.973 7 
0.1425 5554165.427 2881421.648 8 
0.1475 7353606.331 3050153.8 10 
0.1525 5940239.013 2878784.325 10 
0.1575 5733140.578 2622522.403 15 
0.1625 3733409.961 2229408.405 11 
0.1675 2195795.841 1187374.451 16 
0.1725 5800910.124 2825148.006 12 
0.1775 1597855.662 930989.0244 11 
0.1825 4580669.118 1962957.716 14 
0.1875 3074453.206 1545435.82 13 
0.1925 471526.7523 252831.7974 9 
0.1975 442549.43 284877.7105 14 
0.2025 604043.8686 622862.9417 5 
0.2075 962240.8291 489260.4657 14 
0.2125 1027830.907 708667.5365 16 
0.2175 1451770.642 693525.2848 18 
0.2225 796166.1299 453081.1559 14 
0.2275 776281.727 518003.9095 17 
0.2325 1265728.35 598301.3898 18 
0.2375 720165.784 374465.164 14 
0.2425 392664.022 246299.5276 10 
0.2475 351870.4552 135237.1945 20 
0.2525 850679.4006 482539.1017 16 
0.2575 440382.4676 213246.8568 22 
0.2625 125327.0171 43606.19781 15 
0.2675 158961.7096 51022.00817 18 
0.2725 270595.9561 95020.3408 23 
0.2775 405658.3329 186056.3461 16 
0.2825 573020.1188 241178.4974 20 
0.2875 90851.75362 28897.7915 18 
0.2925 229362.4572 65612.21537 26 
0.2975 92537.90249 31022.21084 16 
0.3025 113990.4536 44133.30416 18 
0.3075 152541.2516 48122.38318 21 
0.3125 109549.726 29140.85854 22 
0.3175 133968.3447 36621.67188 26 
0.3225 113140.5903 45356.89016 17 
0.3275 67044.09796 26889.32964 18 
0.3325 130600.6849 39436.05305 23 
0.3375 64779.85753 23607.6134 19 
0.3425 77731.73263 27430.27829 15 
0.3475 121014.1842 35323.54989 27 
0.3525 77787.17695 24153.94599 24 
0.3575 92127.32515 29489.95971 24 
0.3625 67737.67447 22921.25146 22 
0.3675 113476.8122 27834.15677 35 
0.3725 85665.83732 28118.18343 23 
0.3775 55186.077 19439.13592 21 
0.3825 99205.86102 29247.7464 26 
0.3875 53139.22306 18938.77377 24 
0.3925 47557.42497 15549.19989 23 
0.3975 89789.84457 24214.13344 29 
0.4025 74741.23303 20837.65857 29 
0.4075 68305.03944 20171.24433 28 
0.4125 78713.22999 25929.5509 25 
0.4175 60166.39114 20848.04508 32 
0.4225 20721.55428 6150.158177 21 
0.4275 38526.56745 12196.5282 26 
0.4325 44881.0007 12143.54525 33 
0.4375 63992.5391 22463.07505 29 
0.4425 60775.10173 19585.8246 31 
0.4475 43099.42495 13919.40232 33 
0.4525 23926.3083 8567.161756 27 
0.4575 51269.19428 17010.16679 31 
0.4625 32364.46835 13557.44515 26 
0.4675 40389.19254 15616.37043 32 
0.4725 71126.41706 18732.35517 35 
0.4775 39615.86119 13759.63274 28 
0.4825 28522.69687 8480.985111 29 
0.4875 41071.5238 13343.10376 39 
0.4925 41192.52291 11981.3129 41 
0.4975 37885.32256 12555.1418 29 
