# Format: McCode with text headers
# URL: http://www.mccode.org
# Creator:  3.8.5, git
# Instrument: eqsans_sans.instr
# Ncount: 10000000
# Trace: no
# Gravitation: no
# Seed: 1790183500865572
# Directory: /Users/georgeyumnam/WORK/PANRAID/PaNRAID-results/Group2/panraidproject/scan_sans_sample/x+05_y+06
# Param: gx=0.005
# Param: gy=0.006
# Param: sample_on=1
# Param: R_sphere=100
# Param: Phi=0.01
# Param: bs_radius=0
# Param: samp_ap=0.01
# Date: Wed Sep 23 19:12:16 2026 (1790183536)
# type: array_1d(100)
# Source: EQ_SANS_sample (eqsans_sans.instr)
# component: qmon
# position: 0 0 22.281
# title: QMonitor - Distribution in q (Radially averaged)
# Ncount: 10000000
# filename: qdet.dat
# statistics: X0=0.0112868; dX=0.00954547;
# signal: Min=4344.51; Max=6.44564e+08; Mean=4.96244e+07;
# values: 4.96244e+09 5.49651e+08 5751
# xvar: q
# yvar: (I,I_err)
# xlabel: q [1 / AA]
# ylabel: I(q)
# xlimits: 0 0.151561
# variables: q I I_err N
0.0007578035702 174586261.5 174586261.5 1 
0.002273410711 593529110.3 362143707 4 
0.003789017851 604591191.6 234368621.9 8 
0.005304624991 644564119.5 211825572.5 12 
0.006820232132 194859832.1 84786624.11 7 
0.008335839272 262213183.3 96026891.8 11 
0.009851446413 321332891.1 99621147.81 14 
0.01136705355 332316344.9 88723718.78 21 
0.01288266069 242830008.9 66816991.31 17 
0.01439826783 253223630.5 69692916.04 20 
0.01591387497 209473847.6 53988023.69 24 
0.01742948211 218718194.9 58865929.91 24 
0.01894508925 96705920.18 31914372.41 14 
0.0204606964 125396437 28439932.62 24 
0.02197630354 127608070.3 26835413.07 29 
0.02349191068 140711963.4 31824684.88 37 
0.02500751782 64797152.5 15035636.22 29 
0.02652312496 69114789.26 20189603.7 30 
0.0280387321 36959401.61 9439771.357 28 
0.02955433924 25622538.47 6618732.375 33 
0.03106994638 52381455.91 10342518.84 45 
0.03258555352 43513229.59 9000863.927 51 
0.03410116066 25545406.12 7370305.513 40 
0.0356167678 17571823.79 5587204.464 36 
0.03713237494 19476803.11 4729190.955 54 
0.03864798208 12100971.98 3556255.226 43 
0.04016358922 5938735.367 1997794.766 49 
0.04167919636 5989607.99 2746591.877 49 
0.0431948035 3010553.105 1091650.262 62 
0.04471041064 2924798.768 1065521.444 56 
0.04622601778 2095271.697 754055.0127 64 
0.04774162492 2251034.608 672459.2744 58 
0.04925723206 1503534.071 257939.8444 71 
0.0507728392 1617618.746 305285.65 67 
0.05228844634 1843901.258 308436.8953 66 
0.05380405348 1466954.218 258481.151 49 
0.05531966062 1900260.65 284635.6995 63 
0.05683526776 2200000.822 304888.8625 72 
0.05835087491 1709981.646 249707.2939 62 
0.05986648205 2225878.657 296471.2055 83 
0.06138208919 2028416.914 271326.411 75 
0.06289769633 1834648.835 245433.1847 82 
0.06441330347 1742969.873 253324.7353 89 
0.06592891061 1073215.15 166564.4362 66 
0.06744451775 1392428.411 206151.9957 84 
0.06896012489 802855.1982 129002.8989 62 
0.07047573203 767559.2135 136275.3314 82 
0.07199133917 448277.3485 85436.50599 91 
0.07350694631 564655.7974 99157.89408 102 
0.07502255345 412449.8822 82916.52501 87 
0.07653816059 351097.1101 82321.53019 87 
0.07805376773 183015.3432 37992.79752 95 
0.07956937487 162456.216 25141.41789 108 
0.08108498201 198855.6711 36587.20423 98 
0.08260058915 166988.5052 25622.54143 86 
0.08411619629 204763.3463 30114.58449 91 
0.08563180343 237388.3696 32467.29741 81 
0.08714741057 236158.8006 30379.19579 85 
0.08866301771 257261.7583 36146.30843 73 
0.09017862485 318659.2896 39246.87318 95 
0.09169423199 252378.6055 33978.95334 73 
0.09320983913 249219.1406 33173.69527 78 
0.09472544627 224623.4157 31176.43211 77 
0.09624105341 191501.0709 27521.76723 71 
0.09775666056 228544.6968 28545.42202 92 
0.0992722677 144156.0178 22340.31938 67 
0.1007878748 119841.0439 20280.60378 70 
0.102303482 100400.3148 18253.97673 67 
0.1038190891 60736.67338 12735.63299 70 
0.1053346963 63109.57684 11815.73587 84 
0.1068503034 71941.90251 12130.41565 101 
0.1083659105 46151.53928 8432.140064 80 
0.1098815177 45769.77814 7344.173791 80 
0.1113971248 35515.88857 6082.067541 79 
0.112912732 39819.26088 6484.17211 74 
0.1144283391 47330.96544 7598.106477 66 
0.1159439462 59305.8673 8535.518012 82 
0.1174595534 48340.36548 7477.870275 67 
0.1189751605 52570.33838 7604.018601 72 
0.1204907677 65842.25481 8731.4704 80 
0.1220063748 57739.08741 8117.883953 64 
0.1235219819 34768.16163 6254.826051 40 
0.1250375891 55988.12034 8188.188746 63 
0.1265531962 48905.57032 7496.512546 59 
0.1280688034 43358.72454 6814.61227 56 
0.1295844105 29512.54518 5272.646556 49 
0.1311000176 45974.15397 6532.008986 71 
0.1326156248 27216.42475 4973.346955 54 
0.1341312319 26124.96249 4685.623642 53 
0.1356468391 15551.56587 3304.205595 47 
0.1371624462 13201.08247 2668.987887 50 
0.1386780533 16918.59529 3612.052406 53 
0.1401936605 7244.463306 1892.636305 41 
0.1417092676 11049.76866 2262.960172 44 
0.1432248748 4344.514638 1044.466964 33 
0.1447404819 9529.55141 1873.644009 48 
0.146256089 9501.945328 1810.98551 46 
0.1477716962 5663.981772 1353.743235 26 
0.1492873033 10589.16696 2026.836059 40 
0.1508029105 12217.59651 2313.644119 38 
