# Format: McCode with text headers
# URL: http://www.mccode.org
# Creator:  3.8.5, git
# Instrument: eqsans_sans.instr
# Ncount: 10000000
# Trace: no
# Gravitation: no
# Seed: 1790179957010265
# Directory: /Users/georgeyumnam/WORK/PANRAID/PaNRAID-results/Group2/panraidproject/scan_sans_sample/x-20_y+17
# Param: gx=-0.02
# Param: gy=0.017
# Param: sample_on=1
# Param: R_sphere=100
# Param: Phi=0.01
# Param: bs_radius=0
# Param: samp_ap=0.01
# Date: Wed Sep 23 18:13:10 2026 (1790179990)
# type: array_1d(100)
# Source: EQ_SANS_sample (eqsans_sans.instr)
# component: qmon
# position: 0 0 22.281
# title: QMonitor - Distribution in q (Radially averaged)
# Ncount: 10000000
# filename: qdet.dat
# statistics: X0=0.0137048; dX=0.0107678;
# signal: Min=0; Max=2.02873e+08; Mean=9.82045e+06;
# values: 9.82045e+08 2.29549e+08 1610
# xvar: q
# yvar: (I,I_err)
# xlabel: q [1 / AA]
# ylabel: I(q)
# xlimits: 0 0.151561
# variables: q I I_err N
0.0007578035702 0 0 0 
0.002273410711 202872666.1 202872666.1 1 
0.003789017851 0 0 0 
0.005304624991 101822966.6 56184932.31 4 
0.006820232132 50812911.5 31668890.72 3 
0.008335839272 52086787.68 32646462.88 3 
0.009851446413 26165151.26 26165151.26 1 
0.01136705355 66682319.02 29405029.96 6 
0.01288266069 52820212.52 31594908.32 3 
0.01439826783 36967164.03 23110749.33 3 
0.01591387497 45368627.09 21115863.89 5 
0.01742948211 58837477.24 33898245.63 7 
0.01894508925 39714348.29 23768556.55 6 
0.0204606964 37949647.23 22104661.33 6 
0.02197630354 30047742.17 22039020.97 5 
0.02349191068 25799212.98 11702586.15 6 
0.02500751782 24031172.28 11864466.84 9 
0.02652312496 28283763.5 10488892.92 12 
0.0280387321 27163638 12122822.09 13 
0.02955433924 18205633.8 6692564.8 10 
0.03106994638 8901878.369 3118695.152 11 
0.03258555352 15276034.75 6111543.992 15 
0.03410116066 6683120.831 3341339.605 8 
0.0356167678 3167055.327 1556645.036 14 
0.03713237494 1267910.179 500908.6109 8 
0.03864798208 4485692.495 2257997.899 13 
0.04016358922 4220628.285 2855246.722 15 
0.04167919636 677785.2095 243520.7122 13 
0.0431948035 539945.3999 201771.3604 20 
0.04471041064 888560.753 376087.6787 22 
0.04622601778 74705.84961 63756.04514 6 
0.04774162492 278642.7331 87300.38604 15 
0.04925723206 912662.9088 542942.2731 20 
0.0507728392 348951.2523 115813.3496 21 
0.05228844634 361734.7363 114956.749 15 
0.05380405348 646970.0481 180904.5675 20 
0.05531966062 501848.5339 138347.9005 16 
0.05683526776 657500.0552 165587.053 20 
0.05835087491 1070672.292 224265.5627 31 
0.05986648205 799270.594 182311.6794 25 
0.06138208919 649456.1189 163497.9958 20 
0.06289769633 621332.3335 142324.673 25 
0.06441330347 370762.9907 105939.0967 20 
0.06592891061 622628.5314 150524.2193 30 
0.06744451775 280453.2944 79689.46893 23 
0.06896012489 204387.4414 62759.29306 25 
0.07047573203 162750.9981 57976.81254 17 
0.07199133917 69505.10516 28692.00875 12 
0.07350694631 138055.723 50093.03027 25 
0.07502255345 55656.85248 21962.36208 23 
0.07653816059 51565.10602 20701.3985 29 
0.07805376773 75439.77451 21745.76842 33 
0.07956937487 38185.61679 11253.10464 21 
0.08108498201 50781.92657 16423.68505 24 
0.08260058915 50928.72216 12967.10442 22 
0.08411619629 77906.68387 18622.19328 29 
0.08563180343 77212.30931 19295.67454 23 
0.08714741057 70756.81645 18006.50508 23 
0.08866301771 117720.4504 25220.21113 30 
0.09017862485 82890.50541 20373.42023 25 
0.09169423199 87180.369 21707.27413 22 
0.09320983913 75330.05582 18754.42775 22 
0.09472544627 72610.38316 16335.1511 27 
0.09624105341 36359.22652 13085.63872 14 
0.09775666056 52127.14598 13157.54126 23 
0.0992722677 45445.59686 11892.27128 19 
0.1007878748 42599.16882 12678.88779 20 
0.102303482 17491.62434 7071.708109 16 
0.1038190891 34408.31753 9783.134556 25 
0.1053346963 22798.28456 7867.120966 24 
0.1068503034 28364.49889 9877.888949 27 
0.1083659105 9528.15537 2889.678177 25 
0.1098815177 8187.949236 2654.229092 17 
0.1113971248 16316.3224 5083.186809 22 
0.112912732 6933.825701 3158.643801 15 
0.1144283391 9285.39748 3163.838641 18 
0.1159439462 11229.41414 3463.290433 16 
0.1174595534 13748.79459 4084.99647 13 
0.1189751605 21078.1918 4773.592003 23 
0.1204907677 15270.16526 4084.139332 16 
0.1220063748 20539.17303 5217.308968 19 
0.1235219819 20681.10874 5075.195125 20 
0.1250375891 12067.48457 3591.283377 13 
0.1265531962 11390.17871 3513.449692 16 
0.1280688034 9967.213382 3501.368834 12 
0.1295844105 15816.85003 4407.076286 19 
0.1311000176 8694.048201 3099.91909 11 
0.1326156248 7903.330171 2646.797408 15 
0.1341312319 10556.2287 3030.972454 22 
0.1356468391 5693.866907 2566.780397 15 
0.1371624462 5262.03516 1951.480329 16 
0.1386780533 4081.381118 1667.259391 17 
0.1401936605 2872.158041 1007.652484 16 
0.1417092676 1325.823875 591.1198651 13 
0.1432248748 4061.290982 1810.459016 15 
0.1447404819 1715.580784 679.2515465 12 
0.146256089 4935.40161 1410.689933 16 
0.1477716962 2099.267727 1057.190262 7 
0.1492873033 2148.136018 983.0299404 8 
0.1508029105 5024.274199 1546.606302 14 
