# Format: McCode with text headers
# URL: http://www.mccode.org
# Creator:  3.8.5, git
# Instrument: eqsans_cylinder.instr
# Ncount: 5000000
# Trace: no
# Gravitation: no
# Seed: 1790195627398092
# Directory: /Users/georgeyumnam/WORK/PANRAID/PaNRAID-results/Group2/panraidproject/dataset_cylinder/cyl_001628
# Param: gx=0
# Param: gy=0
# Param: sample_on=1
# Param: bs_radius=0
# Param: samp_ap=0.01
# Param: sld=7.76598
# Param: sld_solvent=1
# Param: radius=95.6443
# Param: length=268.739
# Param: pd_radius=0.058765
# Param: pd_length=0.213268
# Param: model_scale=1
# Param: model_abs=0
# Date: Wed Sep 23 22:34:05 2026 (1790195645)
# type: array_1d(120)
# Source: EQ_SANS_cylinder (eqsans_cylinder.instr)
# component: lambda_det
# position: 0 0 22.28
# title: Wavelength monitor
# Ncount: 5000000
# filename: lambda_det.dat
# statistics: X0=4.36471; dX=1.05935;
# signal: Min=0; Max=1.27303e+12; Mean=2.80592e+11;
# values: 3.36711e+13 3.65388e+11 285683
# xvar: L
# yvar: (I,I_err)
# xlabel: Wavelength [AA]
# ylabel: Intensity
# xlimits: 0 12
# variables: L I I_err N
0.05 0 0 0 
0.15 0 0 0 
0.25 0 0 0 
0.35 0 0 0 
0.45 0 0 0 
0.55 0 0 0 
0.65 0 0 0 
0.75 0 0 0 
0.85 0 0 0 
0.95 0 0 0 
1.05 0 0 0 
1.15 0 0 0 
1.25 0 0 0 
1.35 0 0 0 
1.45 0 0 0 
1.55 0 0 0 
1.65 0 0 0 
1.75 0 0 0 
1.85 0 0 0 
1.95 0 0 0 
2.05 0 0 0 
2.15 0 0 0 
2.25 6489184819 4332347288 50 
2.35 1.006787025e+10 5231291974 200 
2.45 1.658535954e+10 6309565118 700 
2.55 3.624147453e+10 1.022193336e+10 1000 
2.65 1.436651209e+11 2.125764856e+10 2999 
2.75 4.643032778e+11 4.238529714e+10 7950 
2.85 9.034474868e+11 5.765368457e+10 15049 
2.95 1.175087591e+12 6.391123599e+10 18099 
3.05 1.272942721e+12 6.969592928e+10 18849 
3.15 1.273033414e+12 7.430526156e+10 16897 
3.25 1.255156905e+12 7.121380617e+10 16200 
3.35 1.125997876e+12 6.247163693e+10 14399 
3.45 1.18642199e+12 7.205000935e+10 13199 
3.55 1.208126641e+12 6.8929434e+10 12249 
3.65 1.165386806e+12 6.829027189e+10 11750 
3.75 1.138238543e+12 6.58018256e+10 10800 
3.85 1.200562025e+12 6.892911125e+10 10400 
3.95 1.238442025e+12 7.327249019e+10 10449 
4.05 1.024402183e+12 7.309404744e+10 7350 
4.15 8.989746988e+11 5.723755603e+10 7749 
4.25 8.520896085e+11 5.765657034e+10 6598 
4.35 8.511139738e+11 5.436558196e+10 6949 
4.45 1.111216985e+12 6.83483131e+10 7450 
4.55 8.772592689e+11 6.194720918e+10 5800 
4.65 7.06379669e+11 5.012846451e+10 5150 
4.75 8.454473892e+11 5.639163054e+10 5100 
4.85 8.413914972e+11 5.788281497e+10 4800 
4.95 8.778125526e+11 5.552522338e+10 5150 
5.05 7.742587385e+11 5.331031801e+10 4400 
5.15 7.604145615e+11 5.497982026e+10 3600 
5.25 6.723931336e+11 5.371558691e+10 3250 
5.35 7.531421122e+11 5.412415001e+10 3550 
5.45 7.169578047e+11 5.075337337e+10 3150 
5.55 7.423783917e+11 5.423116655e+10 3350 
5.65 6.005364501e+11 4.622790543e+10 2900 
5.75 5.583373453e+11 5.007998692e+10 2500 
5.85 4.887689858e+11 4.403974274e+10 1899 
5.95 5.191250728e+11 4.679312043e+10 1850 
6.05 6.61497336e+11 5.11418284e+10 2750 
6.15 8.989943011e+11 6.409294952e+10 2899 
6.25 5.497673141e+11 4.815625049e+10 2050 
6.35 6.17369502e+11 4.679102098e+10 2200 
6.45 5.16391807e+11 4.59125468e+10 1400 
6.55 1.06823454e+11 1.887659555e+10 450 
6.65 2.765844476e+10 8758350956 150 
6.75 0 0 0 
6.85 0 0 0 
6.95 0 0 0 
7.05 0 0 0 
7.15 0 0 0 
7.25 0 0 0 
7.35 0 0 0 
7.45 0 0 0 
7.55 0 0 0 
7.65 0 0 0 
7.75 0 0 0 
7.85 0 0 0 
7.95 0 0 0 
8.05 0 0 0 
8.15 0 0 0 
8.25 0 0 0 
8.35 0 0 0 
8.45 0 0 0 
8.55 0 0 0 
8.65 0 0 0 
8.75 0 0 0 
8.85 0 0 0 
8.95 0 0 0 
9.05 0 0 0 
9.15 0 0 0 
9.25 0 0 0 
9.35 0 0 0 
9.45 0 0 0 
9.55 0 0 0 
9.65 0 0 0 
9.75 0 0 0 
9.85 0 0 0 
9.95 0 0 0 
10.05 0 0 0 
10.15 0 0 0 
10.25 0 0 0 
10.35 0 0 0 
10.45 0 0 0 
10.55 0 0 0 
10.65 0 0 0 
10.75 0 0 0 
10.85 0 0 0 
10.95 0 0 0 
11.05 0 0 0 
11.15 0 0 0 
11.25 0 0 0 
11.35 0 0 0 
11.45 0 0 0 
11.55 0 0 0 
11.65 0 0 0 
11.75 0 0 0 
11.85 0 0 0 
11.95 0 0 0 
