# Format: McCode with text headers
# URL: http://www.mccode.org
# Creator:  3.8.5, git
# Instrument: eqsans_sans.instr
# Ncount: 10000000
# Trace: no
# Gravitation: no
# Seed: 1790184699644658
# Directory: /Users/georgeyumnam/WORK/PANRAID/PaNRAID-results/Group2/panraidproject/scan_sans_sample/x+14_y-17
# Param: gx=0.014
# Param: gy=-0.017
# Param: sample_on=1
# Param: R_sphere=100
# Param: Phi=0.01
# Param: bs_radius=0
# Param: samp_ap=0.01
# Date: Wed Sep 23 19:32:14 2026 (1790184734)
# type: array_1d(100)
# Source: EQ_SANS_sample (eqsans_sans.instr)
# component: qmon
# position: 0 0 22.281
# title: QMonitor - Distribution in q (Radially averaged)
# Ncount: 10000000
# filename: qdet.dat
# statistics: X0=0.0122901; dX=0.0101445;
# signal: Min=0; Max=3.00725e+08; Mean=1.51169e+07;
# values: 1.51169e+09 2.90942e+08 2047
# xvar: q
# yvar: (I,I_err)
# xlabel: q [1 / AA]
# ylabel: I(q)
# xlimits: 0 0.151561
# variables: q I I_err N
0.0007578035702 0 0 0 
0.002273410711 300724521.7 237704306.3 2 
0.003789017851 138292465.8 119577110.1 2 
0.005304624991 172972220.7 91845988.91 4 
0.006820232132 33208680.91 33208680.91 1 
0.008335839272 42477902.59 32918563.45 2 
0.009851446413 109405399.7 62300920.49 4 
0.01136705355 56821755.25 38720069.07 3 
0.01288266069 57971759.44 38520050.87 4 
0.01439826783 39247576.53 18274584.05 5 
0.01591387497 117276677.9 42965297.72 10 
0.01742948211 42797087.51 20973560.88 6 
0.01894508925 58395841.41 28543535.47 8 
0.0204606964 91013585.01 29642648.33 14 
0.02197630354 34943734.49 15415658.51 7 
0.02349191068 52359605.94 17962830.94 12 
0.02500751782 38857211.32 15088777.68 10 
0.02652312496 12088292.16 6784468.071 5 
0.0280387321 22372429.01 7951392.796 14 
0.02955433924 25106769.71 8552145.215 14 
0.03106994638 17552329.52 6242823.096 14 
0.03258555352 8218776.078 3281311.644 11 
0.03410116066 6430646.255 2818983.141 12 
0.0356167678 7389106.278 2884909.939 14 
0.03713237494 4376107.302 1822928.109 17 
0.03864798208 6232089.022 2616649.279 22 
0.04016358922 1124804.081 680031.1258 14 
0.04167919636 1192672.737 604394.0292 17 
0.0431948035 383492.8864 164073.4548 9 
0.04471041064 614775.4928 220334.5631 21 
0.04622601778 456988.6643 199821.7058 19 
0.04774162492 483665.3371 136254.1557 24 
0.04925723206 552610.1872 158313.8288 28 
0.0507728392 358439.2114 102208.3166 17 
0.05228844634 690821.2598 162782.7316 26 
0.05380405348 568088.4368 134101.3377 25 
0.05531966062 809200.9729 172489.8854 29 
0.05683526776 817023.979 173161.6376 32 
0.05835087491 701645.7097 157107.9316 27 
0.05986648205 789770.9826 177951.9567 29 
0.06138208919 778660.3494 165465.7245 34 
0.06289769633 712374.0691 145073.1311 32 
0.06441330347 408353.4357 119325.7624 24 
0.06592891061 477523.2195 120168.2058 30 
0.06744451775 423195.4228 101738.431 34 
0.06896012489 329759.2424 87310.18956 30 
0.07047573203 174151.8129 48634.30377 24 
0.07199133917 294039.4606 85344.65845 31 
0.07350694631 116007.4694 29214.49938 35 
0.07502255345 70144.22139 26936.20494 26 
0.07653816059 57134.57376 21713.38267 24 
0.07805376773 70615.44975 18909.45306 36 
0.07956937487 46451.67252 13483.64536 30 
0.08108498201 75750.49664 17326.5766 45 
0.08260058915 89397.6635 20894.97414 36 
0.08411619629 85191.31826 19267.30829 33 
0.08563180343 83717.96275 20329.44517 30 
0.08714741057 121257.2522 24422.77118 35 
0.08866301771 108425.2422 20829.39578 36 
0.09017862485 140847.3384 26376.94011 38 
0.09169423199 110699.8274 25276.56729 25 
0.09320983913 84252.60326 20009.64164 23 
0.09472544627 83341.12954 18758.37345 25 
0.09624105341 76125.34792 15723.21717 29 
0.09775666056 79189.09353 19213.04638 26 
0.0992722677 46707.11879 12337.14668 24 
0.1007878748 56167.31108 13297.13964 33 
0.102303482 28915.68634 10505.48035 22 
0.1038190891 16688.75699 4862.312376 23 
0.1053346963 20347.51198 6624.451467 24 
0.1068503034 28101.09084 8490.906347 34 
0.1083659105 13969.08948 4632.154364 24 
0.1098815177 11505.13369 4189.992293 22 
0.1113971248 8102.353399 2286.847637 24 
0.112912732 17611.07127 3987.454429 38 
0.1144283391 15539.71702 3941.085095 29 
0.1159439462 11707.16869 3909.210208 15 
0.1174595534 14767.33522 4003.675412 24 
0.1189751605 17641.48438 4376.937766 22 
0.1204907677 25402.41418 5643.319284 27 
0.1220063748 26278.86191 5799.437681 27 
0.1235219819 15582.6205 4163.962776 18 
0.1250375891 17715.83442 4208.317659 24 
0.1265531962 14963.9054 4273.680559 19 
0.1280688034 20310.37988 4526.351875 25 
0.1295844105 16209.41801 4087.071174 22 
0.1311000176 14670.95153 3990.905982 25 
0.1326156248 6215.913332 2352.155413 14 
0.1341312319 4738.477358 2315.764451 12 
0.1356468391 8384.502485 2844.771698 19 
0.1371624462 5933.861733 2274.650574 19 
0.1386780533 3416.196489 1453.679367 12 
0.1401936605 4171.645076 1190.785463 28 
0.1417092676 3240.025858 1226.30395 13 
0.1432248748 1463.875412 544.029608 12 
0.1447404819 2034.177022 639.6637401 18 
0.146256089 2657.762861 1033.145928 11 
0.1477716962 3782.88971 1116.892372 14 
0.1492873033 3952.98109 1312.085941 16 
0.1508029105 3061.495846 1295.448316 9 
