# Format: McCode with text headers
# URL: http://www.mccode.org
# Creator:  3.8.5, git
# Instrument: eqsans_1_fixed.instr
# Ncount: 1000000
# Trace: no
# Gravitation: no
# Seed: 1790169573734624
# Directory: /Users/georgeyumnam/WORK/PANRAID/PaNRAID-results/Group2/panraidproject/scan_guide_xy/x-14_y+13
# Param: gx=-0.014
# Param: gy=0.013
# Date: Wed Sep 23 15:19:37 2026 (1790169577)
# type: array_1d(120)
# Source: EQ_SANS (eqsans_1_fixed.instr)
# component: lambda_det
# position: 0 0 22.28
# title: Wavelength monitor
# Ncount: 1000000
# filename: lambda_det.dat
# statistics: X0=4.02807; dX=0.966599;
# signal: Min=0; Max=1.85798e+06; Mean=301740;
# values: 3.62088e+07 474696 10863
# xvar: L
# yvar: (I,I_err)
# xlabel: Wavelength [AA]
# ylabel: Intensity
# xlimits: 0 12
# variables: L I I_err N
0.05 0 0 0 
0.15 0 0 0 
0.25 0 0 0 
0.35 0 0 0 
0.45 0 0 0 
0.55 0 0 0 
0.65 0 0 0 
0.75 0 0 0 
0.85 0 0 0 
0.95 0 0 0 
1.05 0 0 0 
1.15 0 0 0 
1.25 0 0 0 
1.35 0 0 0 
1.45 0 0 0 
1.55 0 0 0 
1.65 0 0 0 
1.75 0 0 0 
1.85 0 0 0 
1.95 0 0 0 
2.05 0 0 0 
2.15 0 0 0 
2.25 8777.535683 7479.945684 3 
2.35 20447.83744 12709.69693 7 
2.45 47289.61198 17625.12973 16 
2.55 137479.6108 30039.33352 35 
2.65 293960.2449 43715.49405 93 
2.75 1043737.879 81437.95575 307 
2.85 1857981.924 109874.0631 534 
2.95 1794064.206 107597.7207 551 
3.05 1636730.007 101299.3586 556 
3.15 1795495.745 105889.4997 572 
3.25 1731896.136 106176.4185 504 
3.35 1624109.198 99948.19443 522 
3.45 1479236.093 95853.91254 450 
3.55 1353727.411 92658.96312 435 
3.65 1415910.345 91059.66186 433 
3.75 1430537.954 95103.52568 389 
3.85 1466267.368 95452.4144 427 
3.95 1191975.316 86630.19305 341 
4.05 1151028.346 85279.03272 315 
4.15 1111054.471 82867.04787 322 
4.25 1033564.504 77619.2957 306 
4.35 860744.7146 70984.85615 275 
4.45 881998.3669 72436.00044 276 
4.55 912996.9762 74852.82706 264 
4.65 926439.6396 77504.83447 249 
4.75 827609.4088 69780.33918 258 
4.85 745277.2633 67908.38382 230 
4.95 675233.8511 62548.39366 215 
5.05 773410.979 70054.54627 223 
5.15 651153.0374 62898.82636 186 
5.25 618314.3193 64072.28623 165 
5.35 483510.9722 52802.97455 167 
5.45 540122.3835 58902.38461 148 
5.55 483707.8206 54752.30133 140 
5.65 479009.0262 54560.94389 139 
5.75 525142.3645 57177.75062 147 
5.85 408494.8161 50957.53033 117 
5.95 406718.7513 50632.00509 116 
6.05 329761.5022 43966.20271 110 
6.15 318942.7448 43214.07028 97 
6.25 248727.2092 38835.49149 78 
6.35 249699.1088 41312.88496 73 
6.45 185333.9307 34616.08801 50 
6.55 51152.72123 19319.05511 22 
6.65 0 0 0 
6.75 0 0 0 
6.85 0 0 0 
6.95 0 0 0 
7.05 0 0 0 
7.15 0 0 0 
7.25 0 0 0 
7.35 0 0 0 
7.45 0 0 0 
7.55 0 0 0 
7.65 0 0 0 
7.75 0 0 0 
7.85 0 0 0 
7.95 0 0 0 
8.05 0 0 0 
8.15 0 0 0 
8.25 0 0 0 
8.35 0 0 0 
8.45 0 0 0 
8.55 0 0 0 
8.65 0 0 0 
8.75 0 0 0 
8.85 0 0 0 
8.95 0 0 0 
9.05 0 0 0 
9.15 0 0 0 
9.25 0 0 0 
9.35 0 0 0 
9.45 0 0 0 
9.55 0 0 0 
9.65 0 0 0 
9.75 0 0 0 
9.85 0 0 0 
9.95 0 0 0 
10.05 0 0 0 
10.15 0 0 0 
10.25 0 0 0 
10.35 0 0 0 
10.45 0 0 0 
10.55 0 0 0 
10.65 0 0 0 
10.75 0 0 0 
10.85 0 0 0 
10.95 0 0 0 
11.05 0 0 0 
11.15 0 0 0 
11.25 0 0 0 
11.35 0 0 0 
11.45 0 0 0 
11.55 0 0 0 
11.65 0 0 0 
11.75 0 0 0 
11.85 0 0 0 
11.95 0 0 0 
