# Format: McCode with text headers
# URL: http://www.mccode.org
# Creator:  3.8.5, git
# Instrument: eqsans_sans.instr
# Ncount: 10000000
# Trace: no
# Gravitation: no
# Seed: 1790181476720946
# Directory: /Users/georgeyumnam/WORK/PANRAID/PaNRAID-results/Group2/panraidproject/scan_sans_sample/x-09_y+05
# Param: gx=-0.009
# Param: gy=0.005
# Param: sample_on=1
# Param: R_sphere=100
# Param: Phi=0.01
# Param: bs_radius=0
# Param: samp_ap=0.01
# Date: Wed Sep 23 18:38:32 2026 (1790181512)
# type: array_1d(100)
# Source: EQ_SANS_sample (eqsans_sans.instr)
# component: qmon
# position: 0 0 22.281
# title: QMonitor - Distribution in q (Radially averaged)
# Ncount: 10000000
# filename: qdet.dat
# statistics: X0=0.0119389; dX=0.00974595;
# signal: Min=5850.77; Max=4.76099e+08; Mean=4.12771e+07;
# values: 4.12771e+09 5.06972e+08 5161
# xvar: q
# yvar: (I,I_err)
# xlabel: q [1 / AA]
# ylabel: I(q)
# xlimits: 0 0.151561
# variables: q I I_err N
0.0007578035702 367897515.9 367897515.9 1 
0.002273410711 261745791.7 172901959.7 3 
0.003789017851 355611518.7 168523334.7 5 
0.005304624991 284123516.3 113778859.1 8 
0.006820232132 476098634.7 137127074.2 14 
0.008335839272 154137863.6 58631312.53 8 
0.009851446413 274914852.7 87787594.19 14 
0.01136705355 227117807.7 65066021.21 14 
0.01288266069 339479722.4 81494212.75 23 
0.01439826783 175435499.9 62540248.55 12 
0.01591387497 143728781.3 47284536.19 15 
0.01742948211 146948913.7 45034559.92 21 
0.01894508925 144992228.7 40507757.33 20 
0.0204606964 126754092.9 30916054.44 23 
0.02197630354 106052712.1 27936572.82 21 
0.02349191068 128535980.5 29004882.47 35 
0.02500751782 79512117.58 21356702.85 24 
0.02652312496 76879322.35 19165587.63 33 
0.0280387321 43781840.14 11213827.78 23 
0.02955433924 54798824.09 11347720.9 39 
0.03106994638 35088607.81 8155979.938 37 
0.03258555352 27057129.38 10017713.62 28 
0.03410116066 13904407.74 3962698.134 30 
0.0356167678 18754495.87 5459026.344 34 
0.03713237494 12830324.7 4109338.064 36 
0.03864798208 5517464.729 1739998.609 39 
0.04016358922 6189716.263 2023910.554 53 
0.04167919636 3419429.381 1109272.752 51 
0.0431948035 2185687.608 781686.5929 40 
0.04471041064 1703253.586 849351.6862 37 
0.04622601778 1914343.229 700758.2749 55 
0.04774162492 1020750.864 255780.9192 42 
0.04925723206 2248829.144 813432.2749 67 
0.0507728392 1174004.056 216611.6234 44 
0.05228844634 1697445.965 298553.317 55 
0.05380405348 2055487.113 313711.0688 69 
0.05531966062 2450702.978 318191.6344 77 
0.05683526776 2049815.621 312408.2066 63 
0.05835087491 1717505.909 274195.0531 61 
0.05986648205 2416712.556 315143.0792 86 
0.06138208919 1736035.243 246354.0126 71 
0.06289769633 1245933.947 211672.2183 59 
0.06441330347 1502920.252 201080.2868 86 
0.06592891061 1022077.135 184380.8157 63 
0.06744451775 1140014.56 189229.4833 74 
0.06896012489 936929.3799 166310.3469 74 
0.07047573203 622860.6396 117405.7311 67 
0.07199133917 375290.7386 66593.80894 72 
0.07350694631 370651.9828 79413.68269 80 
0.07502255345 243930.8002 56496.48794 75 
0.07653816059 148905.5117 29848.00649 78 
0.07805376773 153269.7381 33820.09301 69 
0.07956937487 160556.4294 33677.41365 63 
0.08108498201 168280.0834 31223.78217 80 
0.08260058915 159693.5674 27388.04313 68 
0.08411619629 209868.5381 30941.6398 81 
0.08563180343 244101.8377 33023.80042 81 
0.08714741057 275110.2767 38341.48257 70 
0.08866301771 218776.911 32143.79108 69 
0.09017862485 234887.6419 31959.98366 71 
0.09169423199 282250.5814 35559.43719 80 
0.09320983913 245912.234 31378.56189 83 
0.09472544627 204695.8379 30362.70335 69 
0.09624105341 227516.1679 30803.10402 84 
0.09775666056 148998.4898 23987.07063 61 
0.0992722677 182911.8156 24295.01778 88 
0.1007878748 135871.8403 21632.77367 77 
0.102303482 131309.4657 19361.27529 81 
0.1038190891 95328.56691 17925.38192 63 
0.1053346963 40350.9621 9870.045968 64 
0.1068503034 37714.72667 8850.068955 58 
0.1083659105 53207.32043 10571.64699 84 
0.1098815177 36849.34595 7534.847746 69 
0.1113971248 28649.07553 5427.340728 70 
0.112912732 44125.17099 7706.843471 71 
0.1144283391 31702.13073 5752.357906 60 
0.1159439462 47300.95015 7879.473508 62 
0.1174595534 48477.29788 7052.252732 69 
0.1189751605 49662.67871 7293.968864 64 
0.1204907677 50688.37433 7426.490491 62 
0.1220063748 56415.97828 8202.541886 63 
0.1235219819 56945.51114 8585.303648 61 
0.1250375891 52056.13609 7403.028218 67 
0.1265531962 40576.92431 6591.000564 51 
0.1280688034 52666.90371 7934.290826 65 
0.1295844105 39641.21936 6399.494756 56 
0.1311000176 27283.85312 5294.876329 45 
0.1326156248 16563.51046 3642.507031 37 
0.1341312319 22814.21066 4560.844069 54 
0.1356468391 10347.15836 2600.895027 36 
0.1371624462 13663.67581 3045.316817 51 
0.1386780533 10065.40277 2379.363031 40 
0.1401936605 9261.312739 2253.894299 47 
0.1417092676 10170.74434 2308.602286 44 
0.1432248748 9234.277494 2016.429956 34 
0.1447404819 7994.412887 1741.888865 39 
0.146256089 11542.79044 2168.894187 41 
0.1477716962 9290.94386 1816.192975 40 
0.1492873033 5850.768364 1455.478774 29 
0.1508029105 8891.974026 1978.797468 31 
