# Format: McCode with text headers
# URL: http://www.mccode.org
# Creator:  3.8.5, git
# Instrument: eqsans_cylinder.instr
# Ncount: 5000000
# Trace: no
# Gravitation: no
# Seed: 1790195795026545
# Directory: /Users/georgeyumnam/WORK/PANRAID/PaNRAID-results/Group2/panraidproject/dataset_cylinder/cyl_001719
# Param: gx=0
# Param: gy=0
# Param: sample_on=1
# Param: bs_radius=0
# Param: samp_ap=0.01
# Param: sld=3.35963
# Param: sld_solvent=1
# Param: radius=102.703
# Param: length=379.062
# Param: pd_radius=0.229121
# Param: pd_length=0.181289
# Param: model_scale=1
# Param: model_abs=0
# Date: Wed Sep 23 22:36:53 2026 (1790195813)
# type: array_1d(120)
# Source: EQ_SANS_cylinder (eqsans_cylinder.instr)
# component: lambda_det
# position: 0 0 22.28
# title: Wavelength monitor
# Ncount: 5000000
# filename: lambda_det.dat
# statistics: X0=4.36761; dX=1.0168;
# signal: Min=0; Max=3.37286e+11; Mean=7.27366e+10;
# values: 8.72839e+12 1.43988e+11 287083
# xvar: L
# yvar: (I,I_err)
# xlabel: Wavelength [AA]
# ylabel: Intensity
# xlimits: 0 12
# variables: L I I_err N
0.05 0 0 0 
0.15 0 0 0 
0.25 0 0 0 
0.35 0 0 0 
0.45 0 0 0 
0.55 0 0 0 
0.65 0 0 0 
0.75 0 0 0 
0.85 0 0 0 
0.95 0 0 0 
1.05 0 0 0 
1.15 0 0 0 
1.25 0 0 0 
1.35 0 0 0 
1.45 0 0 0 
1.55 0 0 0 
1.65 0 0 0 
1.75 0 0 0 
1.85 0 0 0 
1.95 0 0 0 
2.05 0 0 0 
2.15 0 0 0 
2.25 286920878.1 145396461.3 100 
2.35 1618458076 704179927.5 200 
2.45 7270313457 3124687116 650 
2.55 1.618016172e+10 5940216979 850 
2.65 4.313067976e+10 1.092217865e+10 2800 
2.75 1.194850369e+11 1.848928662e+10 7600 
2.85 1.668561088e+11 1.458701461e+10 13699 
2.95 2.676305159e+11 2.168255728e+10 18248 
3.05 3.065696961e+11 3.062104489e+10 16899 
3.15 3.172071218e+11 2.818175862e+10 17147 
3.25 2.958121338e+11 3.225532089e+10 15450 
3.35 2.697608162e+11 2.320886774e+10 13698 
3.45 3.156931233e+11 2.753573026e+10 14050 
3.55 2.556270293e+11 2.880145055e+10 11800 
3.65 2.906801342e+11 2.996499521e+10 11050 
3.75 2.931228606e+11 2.90935092e+10 10600 
3.85 2.995930232e+11 2.342324609e+10 10598 
3.95 3.289133453e+11 3.082649216e+10 10500 
4.05 3.372858082e+11 2.830112868e+10 9849 
4.15 3.036292934e+11 2.751406782e+10 8850 
4.25 2.296265721e+11 2.12351991e+10 7099 
4.35 3.015436628e+11 2.748706468e+10 7298 
4.45 2.847891867e+11 2.621805263e+10 7200 
4.55 3.006519212e+11 2.556865447e+10 7200 
4.65 2.726082877e+11 3.083329167e+10 6500 
4.75 2.452218283e+11 2.12993594e+10 5700 
4.85 2.249114689e+11 2.138529055e+10 5050 
4.95 2.521681602e+11 2.458922168e+10 4800 
5.05 1.644505406e+11 1.864866034e+10 3950 
5.15 1.909783102e+11 1.787052772e+10 3850 
5.25 1.979513467e+11 2.052450209e+10 3850 
5.35 1.600354974e+11 1.476088413e+10 3600 
5.45 1.523181064e+11 1.811520664e+10 2750 
5.55 1.372118585e+11 1.382411176e+10 2950 
5.65 1.816455153e+11 1.82543681e+10 2950 
5.75 1.757208472e+11 1.683704824e+10 2750 
5.85 1.311251642e+11 1.884730559e+10 2249 
5.95 1.393972184e+11 1.615226431e+10 2549 
6.05 1.762913468e+11 2.223058666e+10 2450 
6.15 1.547354974e+11 1.852477061e+10 2000 
6.25 1.336122924e+11 1.594797157e+10 1850 
6.35 1.3894933e+11 1.512504456e+10 1950 
6.45 7.942442981e+10 1.404680392e+10 1250 
6.55 4.034309684e+10 9451627580 450 
6.65 2.632675607e+10 1.296808998e+10 200 
6.75 0 0 0 
6.85 0 0 0 
6.95 0 0 0 
7.05 0 0 0 
7.15 0 0 0 
7.25 0 0 0 
7.35 0 0 0 
7.45 0 0 0 
7.55 0 0 0 
7.65 0 0 0 
7.75 0 0 0 
7.85 0 0 0 
7.95 0 0 0 
8.05 0 0 0 
8.15 0 0 0 
8.25 0 0 0 
8.35 0 0 0 
8.45 0 0 0 
8.55 0 0 0 
8.65 0 0 0 
8.75 0 0 0 
8.85 0 0 0 
8.95 0 0 0 
9.05 0 0 0 
9.15 0 0 0 
9.25 0 0 0 
9.35 0 0 0 
9.45 0 0 0 
9.55 0 0 0 
9.65 0 0 0 
9.75 0 0 0 
9.85 0 0 0 
9.95 0 0 0 
10.05 0 0 0 
10.15 0 0 0 
10.25 0 0 0 
10.35 0 0 0 
10.45 0 0 0 
10.55 0 0 0 
10.65 0 0 0 
10.75 0 0 0 
10.85 0 0 0 
10.95 0 0 0 
11.05 0 0 0 
11.15 0 0 0 
11.25 0 0 0 
11.35 0 0 0 
11.45 0 0 0 
11.55 0 0 0 
11.65 0 0 0 
11.75 0 0 0 
11.85 0 0 0 
11.95 0 0 0 
