# Format: McCode with text headers
# URL: http://www.mccode.org
# Creator:  3.8.5, git
# Instrument: eqsans_cylinder.instr
# Ncount: 5000000
# Trace: no
# Gravitation: no
# Seed: 1790195920790323
# Directory: /Users/georgeyumnam/WORK/PANRAID/PaNRAID-results/Group2/panraidproject/dataset_cylinder/cyl_001789
# Param: gx=0
# Param: gy=0
# Param: sample_on=1
# Param: bs_radius=0
# Param: samp_ap=0.01
# Param: sld=1.55514
# Param: sld_solvent=1
# Param: radius=118.749
# Param: length=904.424
# Param: pd_radius=0.213158
# Param: pd_length=0.052603
# Param: model_scale=1
# Param: model_abs=0
# Date: Wed Sep 23 22:38:58 2026 (1790195938)
# type: array_1d(100)
# Source: EQ_SANS_cylinder (eqsans_cylinder.instr)
# component: qmon
# position: 0 0 22.281
# title: QMonitor - Radially averaged distribution
# Ncount: 5000000
# filename: rdet.dat
# statistics: X0=0.0381335; dX=0.0344177;
# signal: Min=2.12262e+11; Max=2.87691e+15; Mean=2.85464e+14;
# values: 2.85464e+16 1.31598e+15 162299
# xvar: r
# yvar: (I,I_err)
# xlabel: Radius [m]
# ylabel: I(r)
# xlimits: 0 0.5
# variables: r I I_err N
0.0025 2.61416534e+15 9.212248339e+14 18 
0.0075 2.876910864e+15 6.270540881e+14 57 
0.0125 1.995449245e+15 3.48654695e+14 81 
0.0175 2.209442478e+15 2.98584162e+14 114 
0.0225 2.706090002e+15 3.234038022e+14 168 
0.0275 2.318337993e+15 2.706590266e+14 204 
0.0325 1.873255607e+15 1.981436451e+14 214 
0.0375 1.635892585e+15 1.644292798e+14 246 
0.0425 1.406487694e+15 1.309864879e+14 288 
0.0475 1.149778935e+15 1.099756186e+14 285 
0.0525 1.054461208e+15 1.052048214e+14 329 
0.0575 9.704901333e+14 8.671567645e+13 377 
0.0625 7.583441237e+14 7.032784764e+13 378 
0.0675 8.709228111e+14 7.557739862e+13 464 
0.0725 6.221435979e+14 4.916412051e+13 462 
0.0775 5.022475648e+14 4.368669091e+13 494 
0.0825 5.249124148e+14 4.45293041e+13 523 
0.0875 3.716771076e+14 2.825984386e+13 573 
0.0925 3.425487922e+14 2.716125221e+13 637 
0.0975 2.637613321e+14 2.043262553e+13 648 
0.1025 2.214312727e+14 1.622323733e+13 657 
0.1075 1.972921288e+14 1.43308673e+13 708 
0.1125 1.668453035e+14 1.190460954e+13 715 
0.1175 1.286707165e+14 9.446019887e+12 738 
0.1225 1.11336754e+14 8.665757252e+12 780 
0.1275 9.628112249e+13 7.122984262e+12 862 
0.1325 7.255892333e+13 5.523693786e+12 804 
0.1375 6.638942697e+13 4.68051894e+12 926 
0.1425 5.929002612e+13 4.398576983e+12 970 
0.1475 4.121980501e+13 3.287430616e+12 952 
0.1525 3.84187459e+13 2.654594165e+12 990 
0.1575 3.13054775e+13 2.010017083e+12 1064 
0.1625 2.951623353e+13 1.994852043e+12 1141 
0.1675 2.057504589e+13 1.925909518e+12 978 
0.1725 2.477150982e+13 1.752590172e+12 1153 
0.1775 1.883986881e+13 1.355203616e+12 1179 
0.1825 1.649210124e+13 1.155386662e+12 1204 
0.1875 1.304808867e+13 8.265425953e+11 1241 
0.1925 1.107031929e+13 7.605540599e+11 1232 
0.1975 9.823201201e+12 5.932418406e+11 1278 
0.2025 8.129956397e+12 4.897469737e+11 1319 
0.2075 8.113826157e+12 4.696943498e+11 1351 
0.2125 6.469724852e+12 3.662456852e+11 1390 
0.2175 6.223272564e+12 3.71484261e+11 1385 
0.2225 5.885821043e+12 3.093864763e+11 1513 
0.2275 5.218187537e+12 2.72794808e+11 1514 
0.2325 4.207266041e+12 2.143476396e+11 1488 
0.2375 3.929930272e+12 1.995316416e+11 1535 
0.2425 3.853173938e+12 1.756120386e+11 1595 
0.2475 3.332135057e+12 1.580364104e+11 1630 
0.2525 3.219903925e+12 1.462031272e+11 1664 
0.2575 2.858265815e+12 1.218541848e+11 1683 
0.2625 2.62367917e+12 1.140339065e+11 1732 
0.2675 2.428691492e+12 1.112637601e+11 1659 
0.2725 2.397385087e+12 1.155808592e+11 1719 
0.2775 2.167523405e+12 9.096644087e+10 1791 
0.2825 1.94529462e+12 8.067556006e+10 1836 
0.2875 2.041567309e+12 8.264892686e+10 1962 
0.2925 1.801750046e+12 7.578824586e+10 1897 
0.2975 1.681527063e+12 7.078575295e+10 1903 
0.3025 1.461185011e+12 6.223053211e+10 1945 
0.3075 1.536663119e+12 6.423712127e+10 1991 
0.3125 1.394159295e+12 5.900894304e+10 1999 
0.3175 1.348397208e+12 5.759139069e+10 2074 
0.3225 1.15381532e+12 4.800591833e+10 2045 
0.3275 1.210525199e+12 5.099243346e+10 2157 
0.3325 1.055921816e+12 4.273430746e+10 2136 
0.3375 9.811483731e+11 3.944327688e+10 2155 
0.3425 8.852284255e+11 3.651520593e+10 2166 
0.3475 9.193418436e+11 3.748727412e+10 2236 
0.3525 8.821584275e+11 3.604682277e+10 2261 
0.3575 8.25999325e+11 3.238933732e+10 2269 
0.3625 7.981716346e+11 3.083822887e+10 2340 
0.3675 7.101801104e+11 2.671426437e+10 2345 
0.3725 7.021273163e+11 2.724942026e+10 2485 
0.3775 6.59835994e+11 2.51988813e+10 2414 
0.3825 6.196679212e+11 2.359629444e+10 2423 
0.3875 5.618687619e+11 2.090156639e+10 2474 
0.3925 5.535872989e+11 2.015632059e+10 2547 
0.3975 5.384485175e+11 2.021170825e+10 2548 
0.4025 4.888281436e+11 1.829170145e+10 2599 
0.4075 4.674603686e+11 1.692241314e+10 2635 
0.4125 4.737519841e+11 1.667510041e+10 2703 
0.4175 4.131881597e+11 1.428864895e+10 2768 
0.4225 4.044702079e+11 1.466324259e+10 2741 
0.4275 3.731931527e+11 1.316210233e+10 2786 
0.4325 3.503931675e+11 1.182354057e+10 2802 
0.4375 3.483698735e+11 1.194289283e+10 2787 
0.4425 3.485582016e+11 1.196023854e+10 2945 
0.4475 3.030604522e+11 1.05155417e+10 2802 
0.4525 3.197541937e+11 1.076126218e+10 2969 
0.4575 3.010311812e+11 9921340519 2984 
0.4625 2.88288125e+11 9481712900 3033 
0.4675 2.796272913e+11 9259839915 3027 
0.4725 2.510814356e+11 8307623138 3065 
0.4775 2.460022591e+11 7952762916 3104 
0.4825 2.28157597e+11 7396850440 3065 
0.4875 2.287713709e+11 8066771394 3187 
0.4925 2.128560206e+11 7032505868 3229 
0.4975 2.122618313e+11 6555121679 3360 
