# Format: McCode with text headers
# URL: http://www.mccode.org
# Creator:  3.8.5, git
# Instrument: eqsans_cylinder.instr
# Ncount: 5000000
# Trace: no
# Gravitation: no
# Seed: 1790196094302731
# Directory: /Users/georgeyumnam/WORK/PANRAID/PaNRAID-results/Group2/panraidproject/dataset_cylinder/cyl_001888
# Param: gx=0
# Param: gy=0
# Param: sample_on=1
# Param: bs_radius=0
# Param: samp_ap=0.01
# Param: sld=1.92817
# Param: sld_solvent=1
# Param: radius=116.223
# Param: length=658.255
# Param: pd_radius=0.08715
# Param: pd_length=0.125172
# Param: model_scale=1
# Param: model_abs=0
# Date: Wed Sep 23 22:41:52 2026 (1790196112)
# type: array_1d(100)
# Source: EQ_SANS_cylinder (eqsans_cylinder.instr)
# component: qmon
# position: 0 0 22.281
# title: QMonitor - Radially averaged distribution
# Ncount: 5000000
# filename: rdet.dat
# statistics: X0=0.0414485; dX=0.0375643;
# signal: Min=4.18408e+11; Max=5.46897e+15; Mean=4.42145e+14;
# values: 4.42145e+16 1.70862e+15 160302
# xvar: r
# yvar: (I,I_err)
# xlabel: Radius [m]
# ylabel: I(r)
# xlimits: 0 0.5
# variables: r I I_err N
0.0025 5.468969354e+15 1.367451571e+15 25 
0.0075 2.771175639e+15 5.568607639e+14 40 
0.0125 3.460908569e+15 4.489600591e+14 94 
0.0175 2.91013928e+15 3.648799707e+14 112 
0.0225 3.099551827e+15 3.216916412e+14 156 
0.0275 2.838709942e+15 2.9633211e+14 165 
0.0325 2.626481465e+15 2.46070744e+14 194 
0.0375 2.480579758e+15 2.107553582e+14 241 
0.0425 2.144700679e+15 1.744956784e+14 271 
0.0475 2.512494567e+15 1.870188437e+14 338 
0.0525 1.780773447e+15 1.377165071e+14 322 
0.0575 1.81591201e+15 1.31997109e+14 407 
0.0625 1.469922514e+15 1.074485426e+14 398 
0.0675 1.256416053e+15 8.937757083e+13 441 
0.0725 1.047905638e+15 7.206228161e+13 461 
0.0775 8.475874571e+14 5.971651554e+13 459 
0.0825 8.289182547e+14 5.278195343e+13 546 
0.0875 6.401599628e+14 4.296111042e+13 550 
0.0925 6.299884913e+14 4.043585584e+13 600 
0.0975 5.18934731e+14 3.249598623e+13 651 
0.1025 4.461709787e+14 2.899571733e+13 624 
0.1075 3.853828061e+14 2.497928268e+13 665 
0.1125 3.188882087e+14 1.988664185e+13 720 
0.1175 2.696843823e+14 1.758566658e+13 778 
0.1225 2.534704929e+14 1.709857083e+13 777 
0.1275 1.999258738e+14 1.26203675e+13 829 
0.1325 1.677206528e+14 1.044113258e+13 816 
0.1375 1.432567509e+14 9.624531342e+12 864 
0.1425 1.10790065e+14 7.186924175e+12 914 
0.1475 9.387015763e+13 6.414330184e+12 974 
0.1525 8.44726093e+13 5.763865127e+12 1004 
0.1575 7.875723939e+13 5.548982742e+12 995 
0.1625 5.916428293e+13 4.250344833e+12 1015 
0.1675 5.657696802e+13 4.154352663e+12 1066 
0.1725 4.106930601e+13 2.898070431e+12 1059 
0.1775 3.848520406e+13 3.203731269e+12 1093 
0.1825 2.830197148e+13 2.027165382e+12 1137 
0.1875 3.167756943e+13 2.34106258e+12 1258 
0.1925 2.445778605e+13 1.699130764e+12 1161 
0.1975 2.072529466e+13 1.426893471e+12 1205 
0.2025 1.906323363e+13 1.256623297e+12 1323 
0.2075 1.63479021e+13 1.086348059e+12 1253 
0.2125 1.409246462e+13 9.188379259e+11 1355 
0.2175 1.258798127e+13 7.97235162e+11 1398 
0.2225 1.087888535e+13 6.32895379e+11 1424 
0.2275 9.297520257e+12 5.447312103e+11 1460 
0.2325 8.476033153e+12 4.593899314e+11 1477 
0.2375 7.347170727e+12 3.553486782e+11 1463 
0.2425 7.370562187e+12 3.545413936e+11 1588 
0.2475 6.556890561e+12 3.172132273e+11 1578 
0.2525 5.704016752e+12 2.6345001e+11 1593 
0.2575 5.388589359e+12 2.299519589e+11 1619 
0.2625 5.581853156e+12 2.176499293e+11 1790 
0.2675 4.846215834e+12 1.894943147e+11 1726 
0.2725 4.548532557e+12 1.749490449e+11 1749 
0.2775 4.266499035e+12 1.568392488e+11 1835 
0.2825 3.8752688e+12 1.463993953e+11 1776 
0.2875 3.73051463e+12 1.342141141e+11 1904 
0.2925 3.454192379e+12 1.322115956e+11 1888 
0.2975 3.353898704e+12 1.241524856e+11 1976 
0.3025 3.517067847e+12 1.303974219e+11 1983 
0.3075 3.099458543e+12 1.129670689e+11 2031 
0.3125 2.972626723e+12 1.121956491e+11 2002 
0.3175 2.819065184e+12 1.056455428e+11 2054 
0.3225 2.770222732e+12 1.060955201e+11 2034 
0.3275 2.500364137e+12 9.676873882e+10 2071 
0.3325 2.34651765e+12 8.947483408e+10 2125 
0.3375 2.326563666e+12 8.866684832e+10 2181 
0.3425 2.068373595e+12 8.218991498e+10 2108 
0.3475 2.047002058e+12 8.141336006e+10 2243 
0.3525 1.875796063e+12 7.289873634e+10 2282 
0.3575 1.897830755e+12 7.131026283e+10 2364 
0.3625 1.707512098e+12 6.641378223e+10 2341 
0.3675 1.64198301e+12 6.29775638e+10 2429 
0.3725 1.497830874e+12 5.793091604e+10 2447 
0.3775 1.412183492e+12 5.602566431e+10 2453 
0.3825 1.378065964e+12 5.409341423e+10 2498 
0.3875 1.229540376e+12 4.765370909e+10 2448 
0.3925 1.252397897e+12 4.90924692e+10 2495 
0.3975 1.093211377e+12 4.154401918e+10 2586 
0.4025 1.107244647e+12 4.154152927e+10 2626 
0.4075 1.031051802e+12 3.951580843e+10 2710 
0.4125 9.739236682e+11 3.549166971e+10 2691 
0.4175 9.145393663e+11 3.380966447e+10 2659 
0.4225 8.383419572e+11 2.896791646e+10 2732 
0.4275 7.54656094e+11 2.69818902e+10 2754 
0.4325 6.834162222e+11 2.401054073e+10 2648 
0.4375 6.855067593e+11 2.350371424e+10 2739 
0.4425 6.526786605e+11 2.204832727e+10 2763 
0.4475 6.058596744e+11 1.953831852e+10 2835 
0.4525 6.033787946e+11 1.990624714e+10 2865 
0.4575 5.469009646e+11 1.795422412e+10 2899 
0.4625 5.457375151e+11 1.747907883e+10 2941 
0.4675 5.257075562e+11 1.663665994e+10 3023 
0.4725 5.23749588e+11 1.697831722e+10 3045 
0.4775 4.63607928e+11 1.458641925e+10 2968 
0.4825 4.500882948e+11 1.366239672e+10 3149 
0.4875 4.202053619e+11 1.272963979e+10 3070 
0.4925 4.184079957e+11 1.247362295e+10 3170 
0.4975 4.18867709e+11 1.253610038e+10 3240 
