# Format: McCode with text headers
# URL: http://www.mccode.org
# Creator:  3.8.5, git
# Instrument: eqsans_sans.instr
# Ncount: 10000000
# Trace: no
# Gravitation: no
# Seed: 1790184908662262
# Directory: /Users/georgeyumnam/WORK/PANRAID/PaNRAID-results/Group2/panraidproject/scan_sans_sample/x+15_y+02
# Param: gx=0.015
# Param: gy=0.002
# Param: sample_on=1
# Param: R_sphere=100
# Param: Phi=0.01
# Param: bs_radius=0
# Param: samp_ap=0.01
# Date: Wed Sep 23 19:35:43 2026 (1790184943)
# type: array_1d(100)
# Source: EQ_SANS_sample (eqsans_sans.instr)
# component: qmon
# position: 0 0 22.281
# title: QMonitor - Distribution in q (Radially averaged)
# Ncount: 10000000
# filename: qdet.dat
# statistics: X0=0.0158024; dX=0.0101492;
# signal: Min=0; Max=1.75296e+08; Mean=2.13432e+07;
# values: 2.13432e+09 2.07396e+08 4190
# xvar: q
# yvar: (I,I_err)
# xlabel: q [1 / AA]
# ylabel: I(q)
# xlimits: 0 0.151561
# variables: q I I_err N
0.0007578035702 0 0 0 
0.002273410711 52771573.39 52771573.39 1 
0.003789017851 157605210.3 107963231.6 3 
0.005304624991 164195873.8 91048727.41 4 
0.006820232132 144901798.9 65815691.48 6 
0.008335839272 107746390.3 51040469.27 5 
0.009851446413 66475439.99 36341889.28 4 
0.01136705355 149121050.2 50686904.27 10 
0.01288266069 87530147.59 27669984.59 11 
0.01439826783 167897986 48215928.92 16 
0.01591387497 175296133.5 52150177.57 14 
0.01742948211 139145703.6 38343425.82 19 
0.01894508925 103167585.8 34597823.2 18 
0.0204606964 79400026.89 28406348.35 14 
0.02197630354 91847294.96 22986958.6 27 
0.02349191068 89153525.77 20771981.86 23 
0.02500751782 69488247.08 17530211.89 28 
0.02652312496 64433761.63 19750925.22 23 
0.0280387321 30271197.19 9998745.796 22 
0.02955433924 49718192.77 14097422.14 29 
0.03106994638 26504627.05 7338091.555 20 
0.03258555352 32827413.37 8445516.849 36 
0.03410116066 16860899.23 4641703.64 31 
0.0356167678 13494699.73 4356093.727 27 
0.03713237494 13252093.68 5136020.728 27 
0.03864798208 5474457.245 1681656.198 39 
0.04016358922 5911042.517 1558792.755 45 
0.04167919636 1548894.339 616667.2746 27 
0.0431948035 1921169.499 784967.6989 33 
0.04471041064 1882806.729 581033.4436 37 
0.04622601778 1982522.353 684794.6676 43 
0.04774162492 754008.4556 180231.2964 41 
0.04925723206 922532.2248 197174.1153 44 
0.0507728392 916626.8526 169635.1824 56 
0.05228844634 1255555.066 224975.5044 51 
0.05380405348 1498688.785 291513.1423 49 
0.05531966062 1427487.431 236058.3188 51 
0.05683526776 1498508.352 245211.2016 51 
0.05835087491 1173191.284 207780.4123 44 
0.05986648205 1467721.169 231426.5349 57 
0.06138208919 1272476.946 241136.089 45 
0.06289769633 1291613.774 216252.1731 52 
0.06441330347 1244936.455 206473.5192 54 
0.06592891061 1053306.171 183905.1289 64 
0.06744451775 924081.0148 170940.7529 61 
0.06896012489 582981.7998 122231.1031 47 
0.07047573203 464295.4689 98542.72732 61 
0.07199133917 387358.2052 83739.30093 60 
0.07350694631 304919.7351 74111.08965 60 
0.07502255345 214630.424 54269.75253 63 
0.07653816059 133999.8924 33711.17868 63 
0.07805376773 156427.6344 37780.10583 54 
0.07956937487 142685.0113 30123.28636 77 
0.08108498201 103171.2093 20022.93252 58 
0.08260058915 146700.4106 25083.52974 67 
0.08411619629 177942.1472 28249.70302 72 
0.08563180343 232009.1464 34795.40396 74 
0.08714741057 202922.4576 32172.4771 60 
0.08866301771 260283.4371 35084.40933 79 
0.09017862485 188678.6058 28759.2069 58 
0.09169423199 152233.8688 26280.45731 49 
0.09320983913 207554.4001 29999.25592 59 
0.09472544627 237454.4852 32008.98409 77 
0.09624105341 176888.7476 26877.31546 59 
0.09775666056 136866.8041 23541.57121 56 
0.0992722677 160262.7533 23862.29931 72 
0.1007878748 99474.4444 18598.93476 56 
0.102303482 90995.05214 16614.4927 56 
0.1038190891 81493.71527 16000.91391 67 
0.1053346963 56475.16794 12816.46495 52 
0.1068503034 34705.94302 8150.848426 56 
0.1083659105 39870.58551 8135.773794 64 
0.1098815177 34083.50425 6751.71797 58 
0.1113971248 23820.83193 5355.648568 50 
0.112912732 22964.93402 4858.234775 48 
0.1144283391 27672.362 5486.376207 49 
0.1159439462 28909.60994 5409.001335 45 
0.1174595534 37337.26679 6424.621097 50 
0.1189751605 34299.11779 6005.283687 43 
0.1204907677 38796.50975 6502.347895 52 
0.1220063748 38930.18895 6676.188082 45 
0.1235219819 31494.52118 6184.662761 35 
0.1250375891 42107.50552 7291.785638 45 
0.1265531962 35412.7057 6732.585355 40 
0.1280688034 32652.58254 5466.935751 47 
0.1295844105 34606.7719 6213.406513 46 
0.1311000176 21381.85835 4232.966304 40 
0.1326156248 20213.14695 3760.828812 42 
0.1341312319 14938.0348 3755.304945 28 
0.1356468391 19071.24723 4306.397024 49 
0.1371624462 9863.377321 2653.255517 34 
0.1386780533 9710.626865 2268.640308 40 
0.1401936605 8705.930742 2373.773957 34 
0.1417092676 3308.222706 1015.992815 26 
0.1432248748 6424.184251 1429.091137 39 
0.1447404819 8776.749703 1729.309357 47 
0.146256089 7843.233062 1632.83532 40 
0.1477716962 5975.080591 1499.370036 22 
0.1492873033 8747.768787 1919.527414 33 
0.1508029105 6909.31642 1668.925133 25 
