# Format: McCode with text headers
# URL: http://www.mccode.org
# Creator:  3.8.5, git
# Instrument: eqsans_cylinder.instr
# Ncount: 5000000
# Trace: no
# Gravitation: no
# Seed: 1790195571797554
# Directory: /Users/georgeyumnam/WORK/PANRAID/PaNRAID-results/Group2/panraidproject/dataset_cylinder/cyl_001597
# Param: gx=0
# Param: gy=0
# Param: sample_on=1
# Param: bs_radius=0
# Param: samp_ap=0.01
# Param: sld=2.29365
# Param: sld_solvent=1
# Param: radius=79.7619
# Param: length=416.336
# Param: pd_radius=0.225361
# Param: pd_length=0.262631
# Param: model_scale=1
# Param: model_abs=0
# Date: Wed Sep 23 22:33:09 2026 (1790195589)
# type: array_1d(120)
# Source: EQ_SANS_cylinder (eqsans_cylinder.instr)
# component: lambda_det
# position: 0 0 22.28
# title: Wavelength monitor
# Ncount: 5000000
# filename: lambda_det.dat
# statistics: X0=4.37767; dX=1.03504;
# signal: Min=0; Max=5.71269e+10; Mean=1.21609e+10;
# values: 1.45931e+12 2.0338e+10 291880
# xvar: L
# yvar: (I,I_err)
# xlabel: Wavelength [AA]
# ylabel: Intensity
# xlimits: 0 12
# variables: L I I_err N
0.05 0 0 0 
0.15 0 0 0 
0.25 0 0 0 
0.35 0 0 0 
0.45 0 0 0 
0.55 0 0 0 
0.65 0 0 0 
0.75 0 0 0 
0.85 0 0 0 
0.95 0 0 0 
1.05 0 0 0 
1.15 0 0 0 
1.25 0 0 0 
1.35 0 0 0 
1.45 0 0 0 
1.55 0 0 0 
1.65 0 0 0 
1.75 0 0 0 
1.85 0 0 0 
1.95 0 0 0 
2.05 0 0 0 
2.15 5593738.926 3950438.387 50 
2.25 113230261.5 53475643.08 200 
2.35 201947384.3 102526176 100 
2.45 774978427.9 271537500.6 750 
2.55 3569489888 1696752141 1500 
2.65 5591091137 1229663373 2450 
2.75 1.909356359e+10 2192138074 8300 
2.85 3.007019406e+10 2566935805 13600 
2.95 4.674641824e+10 3476400921 17700 
3.05 5.038192046e+10 3785726638 18599 
3.15 5.71268907e+10 4418996348 16945 
3.25 5.074970567e+10 3460816531 15650 
3.35 5.420935367e+10 3505017763 15699 
3.45 5.3901583e+10 4074243892 13099 
3.55 5.125162639e+10 3964691922 12647 
3.65 5.271304889e+10 3906053781 12400 
3.75 4.546775834e+10 3178116519 11599 
3.85 4.447652804e+10 3152924332 10399 
3.95 4.799709019e+10 3495060956 10599 
4.05 4.598303565e+10 3122846150 9100 
4.15 4.105732439e+10 3159094816 8450 
4.25 4.879303011e+10 4387031682 8149 
4.35 4.222729223e+10 3153962765 7700 
4.45 4.97195043e+10 3816419906 7349 
4.55 3.098630558e+10 2500155819 5700 
4.65 3.760350083e+10 3093411818 5600 
4.75 3.306636e+10 2995012012 5350 
4.85 3.895976931e+10 3714373902 5100 
4.95 3.37634903e+10 2965211534 4550 
5.05 3.46040569e+10 3170364079 4549 
5.15 3.333785331e+10 3806321977 3650 
5.25 3.189574218e+10 3403457294 3200 
5.35 3.872266553e+10 3254018404 3950 
5.45 3.140625303e+10 3306296872 2849 
5.55 2.804226419e+10 2817635733 3000 
5.65 4.427139108e+10 3868088287 4099 
5.75 3.275916599e+10 2873979689 3200 
5.85 2.463138127e+10 2558438871 2300 
5.95 2.530973463e+10 2678410954 2150 
6.05 3.237389481e+10 3504234585 2500 
6.15 2.215467094e+10 2661121938 1949 
6.25 1.749966662e+10 1629149308 1600 
6.35 2.190565472e+10 2597091105 1650 
6.45 1.577206914e+10 1959244157 1300 
6.55 7023386766 1298475062 500 
6.65 995451554.8 355240372.3 100 
6.75 0 0 0 
6.85 0 0 0 
6.95 0 0 0 
7.05 0 0 0 
7.15 0 0 0 
7.25 0 0 0 
7.35 0 0 0 
7.45 0 0 0 
7.55 0 0 0 
7.65 0 0 0 
7.75 0 0 0 
7.85 0 0 0 
7.95 0 0 0 
8.05 0 0 0 
8.15 0 0 0 
8.25 0 0 0 
8.35 0 0 0 
8.45 0 0 0 
8.55 0 0 0 
8.65 0 0 0 
8.75 0 0 0 
8.85 0 0 0 
8.95 0 0 0 
9.05 0 0 0 
9.15 0 0 0 
9.25 0 0 0 
9.35 0 0 0 
9.45 0 0 0 
9.55 0 0 0 
9.65 0 0 0 
9.75 0 0 0 
9.85 0 0 0 
9.95 0 0 0 
10.05 0 0 0 
10.15 0 0 0 
10.25 0 0 0 
10.35 0 0 0 
10.45 0 0 0 
10.55 0 0 0 
10.65 0 0 0 
10.75 0 0 0 
10.85 0 0 0 
10.95 0 0 0 
11.05 0 0 0 
11.15 0 0 0 
11.25 0 0 0 
11.35 0 0 0 
11.45 0 0 0 
11.55 0 0 0 
11.65 0 0 0 
11.75 0 0 0 
11.85 0 0 0 
11.95 0 0 0 
