# Format: McCode with text headers
# URL: http://www.mccode.org
# Creator:  3.8.5, git
# Instrument: eqsans_cylinder.instr
# Ncount: 5000000
# Trace: no
# Gravitation: no
# Seed: 1790195571797554
# Directory: /Users/georgeyumnam/WORK/PANRAID/PaNRAID-results/Group2/panraidproject/dataset_cylinder/cyl_001597
# Param: gx=0
# Param: gy=0
# Param: sample_on=1
# Param: bs_radius=0
# Param: samp_ap=0.01
# Param: sld=2.29365
# Param: sld_solvent=1
# Param: radius=79.7619
# Param: length=416.336
# Param: pd_radius=0.225361
# Param: pd_length=0.262631
# Param: model_scale=1
# Param: model_abs=0
# Date: Wed Sep 23 22:33:09 2026 (1790195589)
# type: array_1d(100)
# Source: EQ_SANS_cylinder (eqsans_cylinder.instr)
# component: qmon
# position: 0 0 22.281
# title: QMonitor - Radially averaged distribution
# Ncount: 5000000
# filename: rdet.dat
# statistics: X0=0.0562097; dX=0.0482451;
# signal: Min=3.82275e+11; Max=1.23302e+15; Mean=1.41098e+14;
# values: 1.41098e+16 4.93922e+14 163891
# xvar: r
# yvar: (I,I_err)
# xlabel: Radius [m]
# ylabel: I(r)
# xlimits: 0 0.5
# variables: r I I_err N
0.0025 5.997893712e+14 3.663315841e+14 10 
0.0075 6.161900841e+14 1.292225718e+14 40 
0.0125 1.233015584e+15 2.029878417e+14 88 
0.0175 7.695125623e+14 1.068224557e+14 102 
0.0225 8.854761862e+14 1.016389218e+14 169 
0.0275 8.221049276e+14 9.061065739e+13 185 
0.0325 8.492754878e+14 8.520667217e+13 226 
0.0375 6.110623631e+14 6.407002743e+13 223 
0.0425 7.00718802e+14 6.00464517e+13 276 
0.0475 6.690756699e+14 5.59397961e+13 295 
0.0525 5.968059889e+14 4.929736286e+13 331 
0.0575 6.26127399e+14 5.650848358e+13 391 
0.0625 5.597597832e+14 4.564136083e+13 407 
0.0675 5.149889065e+14 3.919167287e+13 437 
0.0725 4.634473646e+14 3.721318239e+13 465 
0.0775 3.773473247e+14 2.874981072e+13 480 
0.0825 3.508152515e+14 2.534938798e+13 520 
0.0875 2.903552474e+14 2.12643397e+13 553 
0.0925 2.728162343e+14 2.043471954e+13 573 
0.0975 2.714061336e+14 1.926430213e+13 637 
0.1025 2.122152307e+14 1.360517875e+13 684 
0.1075 1.658536837e+14 1.106237045e+13 637 
0.1125 1.849039157e+14 1.29622397e+13 699 
0.1175 1.62754684e+14 9.823083197e+12 743 
0.1225 1.27989524e+14 8.258586851e+12 768 
0.1275 1.339466774e+14 7.968747874e+12 898 
0.1325 1.108995265e+14 6.648471345e+12 865 
0.1375 1.119792964e+14 6.512263223e+12 924 
0.1425 9.186312847e+13 5.399892046e+12 937 
0.1475 7.875488689e+13 4.822177078e+12 914 
0.1525 7.085494356e+13 4.123641478e+12 975 
0.1575 6.129030944e+13 3.676870223e+12 1015 
0.1625 5.021748616e+13 2.986027774e+12 1052 
0.1675 5.16063874e+13 2.848772873e+12 1100 
0.1725 3.987465428e+13 2.180014761e+12 1134 
0.1775 3.775497376e+13 2.223940294e+12 1183 
0.1825 3.43332863e+13 1.987856506e+12 1221 
0.1875 2.875255567e+13 1.60593233e+12 1186 
0.1925 2.808596807e+13 1.492481202e+12 1247 
0.1975 2.159067955e+13 1.168091138e+12 1321 
0.2025 2.178162525e+13 1.152756994e+12 1423 
0.2075 1.843286475e+13 1.160105669e+12 1341 
0.2125 1.572755034e+13 8.808898845e+11 1372 
0.2175 1.489363521e+13 8.518604224e+11 1490 
0.2225 1.381339561e+13 7.759463567e+11 1528 
0.2275 1.166297854e+13 6.417399212e+11 1504 
0.2325 1.005622493e+13 5.393353579e+11 1481 
0.2375 1.04792282e+13 5.534240637e+11 1582 
0.2425 8.608878849e+12 4.437066002e+11 1593 
0.2475 7.404639153e+12 4.213139708e+11 1588 
0.2525 7.14715094e+12 3.661502376e+11 1695 
0.2575 6.23006442e+12 3.077097639e+11 1736 
0.2625 6.25372743e+12 3.14615429e+11 1778 
0.2675 5.103152912e+12 2.506725167e+11 1763 
0.2725 5.006604442e+12 2.488474309e+11 1772 
0.2775 4.36335091e+12 1.997084478e+11 1836 
0.2825 3.912494619e+12 1.854145419e+11 1842 
0.2875 3.455972067e+12 1.552407154e+11 1843 
0.2925 3.06448765e+12 1.332244447e+11 1878 
0.2975 3.016114614e+12 1.251081349e+11 2062 
0.3025 2.844818079e+12 1.192974835e+11 2049 
0.3075 2.533774929e+12 1.061829159e+11 2027 
0.3125 2.338436779e+12 9.810301087e+10 2056 
0.3175 2.06935574e+12 8.521163869e+10 1980 
0.3225 1.953739e+12 7.917284049e+10 2024 
0.3275 1.919705653e+12 7.699210921e+10 2147 
0.3325 1.743540973e+12 7.239519202e+10 2121 
0.3375 1.632476982e+12 6.542322203e+10 2178 
0.3425 1.601507884e+12 6.04425149e+10 2259 
0.3475 1.509355741e+12 5.592692577e+10 2294 
0.3525 1.482244497e+12 5.416233255e+10 2349 
0.3575 1.360916568e+12 4.866625215e+10 2397 
0.3625 1.367089692e+12 5.373686829e+10 2369 
0.3675 1.245018155e+12 4.495138752e+10 2438 
0.3725 1.145400514e+12 4.309210432e+10 2452 
0.3775 1.077674285e+12 3.894589416e+10 2531 
0.3825 1.098250328e+12 3.988213079e+10 2505 
0.3875 1.021076219e+12 3.542983946e+10 2655 
0.3925 9.358391087e+11 3.246034601e+10 2621 
0.3975 9.707950902e+11 3.493757663e+10 2675 
0.4025 8.839636602e+11 3.204651512e+10 2633 
0.4075 8.32487554e+11 2.961974992e+10 2641 
0.4125 7.759402579e+11 2.733353707e+10 2686 
0.4175 7.88881497e+11 2.721086574e+10 2804 
0.4225 7.309099712e+11 2.466851639e+10 2820 
0.4275 7.263425977e+11 2.502602941e+10 2799 
0.4325 6.844893026e+11 2.505973268e+10 2746 
0.4375 6.365642222e+11 2.239515257e+10 2860 
0.4425 5.880352511e+11 2.088432418e+10 2886 
0.4475 5.691986424e+11 1.958953106e+10 2885 
0.4525 5.595098469e+11 1.929612368e+10 2976 
0.4575 5.419050086e+11 1.874667815e+10 3001 
0.4625 4.968854388e+11 1.730090556e+10 2921 
0.4675 5.017802665e+11 1.725543622e+10 3032 
0.4725 4.843215688e+11 1.6195004e+10 3089 
0.4775 4.70744192e+11 1.537712443e+10 3139 
0.4825 4.539646068e+11 1.482644446e+10 3194 
0.4875 3.913918842e+11 1.297133457e+10 3188 
0.4925 3.822745941e+11 1.25713156e+10 3165 
0.4975 3.877518505e+11 1.258337655e+10 3281 
