# Format: McCode with text headers
# URL: http://www.mccode.org
# Creator:  3.8.5, git
# Instrument: eqsans_sans.instr
# Ncount: 10000000
# Trace: no
# Gravitation: no
# Seed: 1790185348943204
# Directory: /Users/georgeyumnam/WORK/PANRAID/PaNRAID-results/Group2/panraidproject/scan_sans_sample/x+18_y+03
# Param: gx=0.018
# Param: gy=0.003
# Param: sample_on=1
# Param: R_sphere=100
# Param: Phi=0.01
# Param: bs_radius=0
# Param: samp_ap=0.01
# Date: Wed Sep 23 19:43:03 2026 (1790185383)
# type: array_1d(120)
# Source: EQ_SANS_sample (eqsans_sans.instr)
# component: lambda_det
# position: 0 0 22.28
# title: Wavelength monitor
# Ncount: 10000000
# filename: lambda_det.dat
# statistics: X0=4.43668; dX=1.04971;
# signal: Min=0; Max=8724.73; Mean=1022.81;
# values: 122737 8501.85 3795
# xvar: L
# yvar: (I,I_err)
# xlabel: Wavelength [AA]
# ylabel: Intensity
# xlimits: 0 12
# variables: L I I_err N
0.05 0 0 0 
0.15 0 0 0 
0.25 0 0 0 
0.35 0 0 0 
0.45 0 0 0 
0.55 0 0 0 
0.65 0 0 0 
0.75 0 0 0 
0.85 0 0 0 
0.95 0 0 0 
1.05 0 0 0 
1.15 0 0 0 
1.25 0 0 0 
1.35 0 0 0 
1.45 0 0 0 
1.55 0 0 0 
1.65 0 0 0 
1.75 0 0 0 
1.85 0 0 0 
1.95 0 0 0 
2.05 0 0 0 
2.15 0.0003771301544 0.0003771301544 1 
2.25 0.002235345173 0.002235345173 1 
2.35 0.01847863443 0.01847863443 1 
2.45 19.40163279 13.01721446 10 
2.55 5.074675202 2.640959721 11 
2.65 36.61936823 17.6057475 17 
2.75 85.42663243 52.81999561 37 
2.85 1012.937625 595.0972211 139 
2.95 5292.28697 1422.54134 276 
3.05 8437.508405 2408.199061 241 
3.15 3319.691936 1218.740409 197 
3.25 5664.830636 1719.240525 194 
3.35 3132.700716 941.0885424 197 
3.45 3200.951151 1672.108329 186 
3.55 3796.40382 1438.469009 170 
3.65 4211.845773 1423.408854 158 
3.75 5326.531669 1910.183337 134 
3.85 3160.267076 1490.557857 127 
3.95 3854.347311 1454.50469 157 
4.05 2366.467679 989.1513357 132 
4.15 2824.969782 1228.512017 121 
4.25 2252.883789 1115.811032 112 
4.35 4696.215793 1632.502203 97 
4.45 3213.128004 1070.45014 70 
4.55 4907.321715 1786.242929 107 
4.65 1453.337167 665.3495856 75 
4.75 3313.295713 1419.327001 77 
4.85 2567.424552 996.8413896 80 
4.95 854.3368616 697.3900582 50 
5.05 3192.842965 1389.197659 63 
5.15 8724.728662 2830.872648 67 
5.25 3299.385782 1259.03943 52 
5.35 3039.12003 1453.00903 45 
5.45 3211.464837 1724.389706 46 
5.55 3208.532029 1709.507532 43 
5.65 1934.600073 1034.857975 37 
5.75 2312.322132 998.8041872 48 
5.85 2805.260528 1393.798705 38 
5.95 1334.97261 641.3104831 40 
6.05 868.8839662 656.3956364 21 
6.15 1537.870014 833.804965 30 
6.25 1231.033326 736.1118347 30 
6.35 2745.687986 1289.524851 30 
6.45 2500.550744 1250.462498 19 
6.55 1783.323783 1156.854463 11 
6.65 0 0 0 
6.75 0 0 0 
6.85 0 0 0 
6.95 0 0 0 
7.05 0 0 0 
7.15 0 0 0 
7.25 0 0 0 
7.35 0 0 0 
7.45 0 0 0 
7.55 0 0 0 
7.65 0 0 0 
7.75 0 0 0 
7.85 0 0 0 
7.95 0 0 0 
8.05 0 0 0 
8.15 0 0 0 
8.25 0 0 0 
8.35 0 0 0 
8.45 0 0 0 
8.55 0 0 0 
8.65 0 0 0 
8.75 0 0 0 
8.85 0 0 0 
8.95 0 0 0 
9.05 0 0 0 
9.15 0 0 0 
9.25 0 0 0 
9.35 0 0 0 
9.45 0 0 0 
9.55 0 0 0 
9.65 0 0 0 
9.75 0 0 0 
9.85 0 0 0 
9.95 0 0 0 
10.05 0 0 0 
10.15 0 0 0 
10.25 0 0 0 
10.35 0 0 0 
10.45 0 0 0 
10.55 0 0 0 
10.65 0 0 0 
10.75 0 0 0 
10.85 0 0 0 
10.95 0 0 0 
11.05 0 0 0 
11.15 0 0 0 
11.25 0 0 0 
11.35 0 0 0 
11.45 0 0 0 
11.55 0 0 0 
11.65 0 0 0 
11.75 0 0 0 
11.85 0 0 0 
11.95 0 0 0 
