# Format: McCode with text headers
# URL: http://www.mccode.org
# Creator:  3.8.5, git
# Instrument: eqsans_cylinder.instr
# Ncount: 5000000
# Trace: no
# Gravitation: no
# Seed: 1790194530060152
# Directory: /Users/georgeyumnam/WORK/PANRAID/PaNRAID-results/Group2/panraidproject/dataset_cylinder/cyl_001014
# Param: gx=0
# Param: gy=0
# Param: sample_on=1
# Param: bs_radius=0
# Param: samp_ap=0.01
# Param: sld=5.72444
# Param: sld_solvent=1
# Param: radius=24.8646
# Param: length=278.062
# Param: pd_radius=0.203733
# Param: pd_length=0.114867
# Param: model_scale=1
# Param: model_abs=0
# Date: Wed Sep 23 22:15:47 2026 (1790194547)
# type: array_1d(100)
# Source: EQ_SANS_cylinder (eqsans_cylinder.instr)
# component: qmon
# position: 0 0 22.281
# title: QMonitor - Distribution in q (Radially averaged)
# Ncount: 5000000
# filename: qdet.dat
# statistics: X0=0.0224333; dX=0.0208873;
# signal: Min=1.02629e+11; Max=2.80871e+14; Mean=4.61952e+13;
# values: 4.61952e+15 8.27431e+13 255451
# xvar: q
# yvar: (I,I_err)
# xlabel: q [1 / AA]
# ylabel: I(q)
# xlimits: 0 0.151561
# variables: q I I_err N
0.0007578035702 2.808708726e+14 5.841102606e+13 45 
0.002273410711 2.531426219e+14 3.42035069e+13 120 
0.003789017851 2.760903347e+14 2.571617678e+13 240 
0.005304624991 2.456877093e+14 1.954894e+13 311 
0.006820232132 2.305860306e+14 1.703475441e+13 383 
0.008335839272 1.858796858e+14 1.31540821e+13 436 
0.009851446413 2.097597616e+14 1.332398446e+13 539 
0.01136705355 1.81372385e+14 1.07099095e+13 635 
0.01288266069 1.6788525e+14 9.423847837e+12 685 
0.01439826783 1.640041647e+14 8.684381681e+12 740 
0.01591387497 1.596231918e+14 8.194301694e+12 866 
0.01742948211 1.66037824e+14 8.015934151e+12 960 
0.01894508925 1.398575187e+14 6.272223004e+12 1062 
0.0204606964 1.31840512e+14 5.701997171e+12 1174 
0.02197630354 1.175617042e+14 5.207337106e+12 1184 
0.02349191068 1.054428976e+14 4.279571182e+12 1252 
0.02500751782 1.055275726e+14 4.254271112e+12 1359 
0.02652312496 9.959322701e+13 3.893381189e+12 1495 
0.0280387321 8.424333135e+13 3.065351542e+12 1530 
0.02955433924 8.413814624e+13 3.017369455e+12 1613 
0.03106994638 7.796811169e+13 2.652089511e+12 1723 
0.03258555352 7.090735336e+13 2.420792349e+12 1797 
0.03410116066 7.143123104e+13 2.314403624e+12 1894 
0.0356167678 6.161979127e+13 1.950476888e+12 1937 
0.03713237494 6.383585754e+13 1.991384534e+12 2079 
0.03864798208 5.844295835e+13 1.78266308e+12 2143 
0.04016358922 5.359202498e+13 1.628633199e+12 2181 
0.04167919636 5.107320485e+13 1.459618909e+12 2333 
0.0431948035 4.840675143e+13 1.356452274e+12 2393 
0.04471041064 4.613833304e+13 1.274462988e+12 2482 
0.04622601778 4.387479495e+13 1.204270166e+12 2587 
0.04774162492 3.985455157e+13 1.092307814e+12 2596 
0.04925723206 3.77151164e+13 9.81246266e+11 2740 
0.0507728392 3.559928922e+13 8.935988459e+11 2849 
0.05228844634 3.133052891e+13 7.808286813e+11 2807 
0.05380405348 3.208855348e+13 7.947588e+11 3038 
0.05531966062 3.028911106e+13 7.252453623e+11 3087 
0.05683526776 2.828180733e+13 6.742919543e+11 3134 
0.05835087491 2.601502912e+13 6.137436931e+11 3224 
0.05986648205 2.344182008e+13 5.433802332e+11 3221 
0.06138208919 2.201878976e+13 5.013980734e+11 3262 
0.06289769633 2.004953842e+13 4.563144582e+11 3264 
0.06441330347 1.953747409e+13 4.373456523e+11 3426 
0.06592891061 1.857477146e+13 4.049458813e+11 3477 
0.06744451775 1.775747415e+13 3.786835809e+11 3608 
0.06896012489 1.590417085e+13 3.406960064e+11 3512 
0.07047573203 1.547322229e+13 3.202666816e+11 3728 
0.07199133917 1.424557409e+13 2.895981785e+11 3761 
0.07350694631 1.301037376e+13 2.660457173e+11 3690 
0.07502255345 1.19705266e+13 2.450557121e+11 3751 
0.07653816059 1.137417066e+13 2.281966464e+11 3833 
0.07805376773 1.051893078e+13 2.056036861e+11 3931 
0.07956937487 9.834341819e+12 1.924196272e+11 3925 
0.08108498201 8.681057124e+12 1.706941595e+11 3849 
0.08260058915 8.302393932e+12 1.595689415e+11 3966 
0.08411619629 7.537934475e+12 1.458828865e+11 3963 
0.08563180343 7.074182735e+12 1.3596142e+11 3949 
0.08714741057 6.208799963e+12 1.186038483e+11 3922 
0.08866301771 5.717284302e+12 1.095078522e+11 3855 
0.09017862485 5.213528703e+12 1.01560533e+11 3860 
0.09169423199 4.7589574e+12 9.245101497e+10 3785 
0.09320983913 4.383782366e+12 8.507551934e+10 3824 
0.09472544627 3.989654196e+12 7.79984922e+10 3783 
0.09624105341 3.603474551e+12 6.922223265e+10 3765 
0.09775666056 3.184445923e+12 6.251905277e+10 3686 
0.0992722677 3.186090922e+12 6.080990881e+10 3911 
0.1007878748 2.688687077e+12 5.294054929e+10 3628 
0.102303482 2.397009525e+12 4.790967399e+10 3548 
0.1038190891 2.215403771e+12 4.359314327e+10 3653 
0.1053346963 2.114971752e+12 4.166312066e+10 3667 
0.1068503034 1.809282758e+12 3.656198286e+10 3507 
0.1083659105 1.602772592e+12 3.324620849e+10 3365 
0.1098815177 1.475554888e+12 3.053912325e+10 3404 
0.1113971248 1.298333525e+12 2.745131557e+10 3288 
0.112912732 1.177152666e+12 2.513380078e+10 3208 
0.1144283391 1.044713426e+12 2.243422932e+10 3225 
0.1159439462 9.294338696e+11 2.049559054e+10 3069 
0.1174595534 8.250760679e+11 1.850986931e+10 3009 
0.1189751605 7.606454396e+11 1.705360019e+10 3042 
0.1204907677 6.676268269e+11 1.531602014e+10 2945 
0.1220063748 5.998381104e+11 1.384549089e+10 2853 
0.1235219819 5.475203611e+11 1.271244686e+10 2880 
0.1250375891 4.962145114e+11 1.188384815e+10 2748 
0.1265531962 4.212544437e+11 1.036501381e+10 2640 
0.1280688034 3.968239374e+11 9800525777 2623 
0.1295844105 3.659802672e+11 9097787353 2582 
0.1311000176 3.137885796e+11 8207588770 2416 
0.1326156248 2.766463407e+11 7273744262 2373 
0.1341312319 2.516509307e+11 6765060094 2300 
0.1356468391 2.213381569e+11 6055471772 2228 
0.1371624462 2.006921045e+11 5713242985 2079 
0.1386780533 1.928287557e+11 5448983665 2166 
0.1401936605 1.811052018e+11 5119261206 2109 
0.1417092676 1.557684859e+11 4753593210 1944 
0.1432248748 1.449516239e+11 4426052608 1928 
0.1447404819 1.375368583e+11 4270861248 1909 
0.146256089 1.24517958e+11 3947938547 1884 
0.1477716962 1.142172688e+11 3659509824 1769 
0.1492873033 1.026289654e+11 3575210988 1614 
0.1508029105 1.037277381e+11 3513500981 1688 
