# Format: McCode with text headers
# URL: http://www.mccode.org
# Creator:  3.8.5, git
# Instrument: eqsans_sans.instr
# Ncount: 10000000
# Trace: no
# Gravitation: no
# Seed: 1790183960466115
# Directory: /Users/georgeyumnam/WORK/PANRAID/PaNRAID-results/Group2/panraidproject/scan_sans_sample/x+08_y+16
# Param: gx=0.008
# Param: gy=0.016
# Param: sample_on=1
# Param: R_sphere=100
# Param: Phi=0.01
# Param: bs_radius=0
# Param: samp_ap=0.01
# Date: Wed Sep 23 19:19:54 2026 (1790183994)
# type: array_1d(100)
# Source: EQ_SANS_sample (eqsans_sans.instr)
# component: qmon
# position: 0 0 22.281
# title: QMonitor - Distribution in q (Radially averaged)
# Ncount: 10000000
# filename: qdet.dat
# statistics: X0=0.0114614; dX=0.0094543;
# signal: Min=0; Max=7.03393e+08; Mean=2.55375e+07;
# values: 2.55375e+09 3.46701e+08 3084
# xvar: q
# yvar: (I,I_err)
# xlabel: q [1 / AA]
# ylabel: I(q)
# xlimits: 0 0.151561
# variables: q I I_err N
0.0007578035702 0 0 0 
0.002273410711 0 0 0 
0.003789017851 703393451.8 271443708.1 11 
0.005304624991 353837680.5 156324488.1 7 
0.006820232132 181878596.8 79529572.25 6 
0.008335839272 95049442.9 59213453.03 4 
0.009851446413 126510293.6 49071935.24 8 
0.01136705355 210476777 75665266.86 10 
0.01288266069 101932145.3 45032855.46 7 
0.01439826783 196550217.8 54620366.44 18 
0.01591387497 22809173.15 12502585.56 4 
0.01742948211 71685086.7 24089105.37 10 
0.01894508925 64842443.9 30160723.01 9 
0.0204606964 36023773.94 11946292.1 12 
0.02197630354 50278290.69 17747572.03 12 
0.02349191068 56314092.48 17319295.01 15 
0.02500751782 77129687.07 24099664.57 18 
0.02652312496 32347308.97 9587398.025 18 
0.0280387321 37186378.89 14408731.96 16 
0.02955433924 20387810.55 7414670.419 18 
0.03106994638 16484307.5 4266970.982 23 
0.03258555352 29614188.16 7843659.548 24 
0.03410116066 20832468.96 5630946.092 31 
0.0356167678 5588625.419 1650639.724 23 
0.03713237494 8511056.88 2517954.143 28 
0.03864798208 6697930.519 2462513.812 27 
0.04016358922 5672972.69 2164315.32 30 
0.04167919636 2397502.454 766590.9932 31 
0.0431948035 1207386.024 505406.4946 31 
0.04471041064 1760433.478 1086561.39 30 
0.04622601778 364814.728 135769.7092 19 
0.04774162492 661062.6888 214206.9928 30 
0.04925723206 704548.0997 172527.6069 29 
0.0507728392 770682.5149 161230.4922 40 
0.05228844634 1403510.832 330976.177 40 
0.05380405348 1109691.19 208229.6222 45 
0.05531966062 1117033.235 242916.7521 33 
0.05683526776 872639.628 170662.7608 34 
0.05835087491 932566.8477 188069.2428 35 
0.05986648205 983435.0588 216350.2881 31 
0.06138208919 772176.8491 158026.7625 38 
0.06289769633 645062.62 142387.5241 30 
0.06441330347 797048.5085 177734.2291 37 
0.06592891061 731590.0546 159682.8355 46 
0.06744451775 460180.3878 113453.0411 35 
0.06896012489 372223.9303 90696.56912 44 
0.07047573203 217982.4041 66936.73802 28 
0.07199133917 274523.6954 61913.81525 46 
0.07350694631 141771.9532 43750.22646 47 
0.07502255345 204172.3238 62760.36272 43 
0.07653816059 114895.2995 41147.37466 42 
0.07805376773 131389.318 35834.12768 50 
0.07956937487 116334.9867 30262.0159 52 
0.08108498201 68788.57444 18515.59433 36 
0.08260058915 92174.16947 20866.0237 51 
0.08411619629 90248.10391 19627.13243 36 
0.08563180343 121982.8847 24053.69024 38 
0.08714741057 180669.8931 30566.77574 50 
0.08866301771 179737.2728 30546.07086 48 
0.09017862485 167308.6535 26787.12889 51 
0.09169423199 192978.0675 28644.18368 58 
0.09320983913 190771.139 29149.02914 59 
0.09472544627 190742.9125 27763.12795 63 
0.09624105341 93155.12722 19285.46083 37 
0.09775666056 77669.27441 15728.8357 43 
0.0992722677 90856.62575 18094.22518 43 
0.1007878748 71181.40068 14574.63812 41 
0.102303482 52313.55597 12457.43651 41 
0.1038190891 53886.97127 12508.11755 47 
0.1053346963 33283.54885 7459.060834 48 
0.1068503034 13023.56982 3595.585595 31 
0.1083659105 13340.96269 3569.339332 38 
0.1098815177 22767.78398 5730.031008 44 
0.1113971248 17809.56068 4757.522594 31 
0.112912732 27603.78329 5830.25747 40 
0.1144283391 18656.56081 4225.338886 35 
0.1159439462 28239.31575 5312.618134 41 
0.1174595534 30321.58141 6015.756535 36 
0.1189751605 36619.78398 6836.081956 40 
0.1204907677 22663.59881 5371.795927 24 
0.1220063748 33571.26666 6541.546326 37 
0.1235219819 32494.56981 6217.500745 34 
0.1250375891 25807.79388 5317.454144 33 
0.1265531962 28472.74315 5349.786346 34 
0.1280688034 20296.17673 4878.251331 22 
0.1295844105 20745.95896 4462.625662 31 
0.1311000176 20927.74557 4185.553957 43 
0.1326156248 19811.62638 4507.13847 33 
0.1341312319 7287.140357 2339.040386 20 
0.1356468391 9094.467433 2851.948372 26 
0.1371624462 10131.30892 2823.544781 32 
0.1386780533 7782.245178 1854.196881 37 
0.1401936605 4766.459802 1330.846961 28 
0.1417092676 4316.961716 1067.401154 31 
0.1432248748 3895.9581 1097.498 26 
0.1447404819 4465.017448 1248.52663 23 
0.146256089 6500.18157 1578.830222 28 
0.1477716962 5992.520394 1502.01962 23 
0.1492873033 6664.580938 1745.627532 22 
0.1508029105 4236.149701 1391.801215 16 
