# Format: McCode with text headers
# URL: http://www.mccode.org
# Creator:  3.8.5, git
# Instrument: eqsans_cylinder.instr
# Ncount: 5000000
# Trace: no
# Gravitation: no
# Seed: 1790195220326062
# Directory: /Users/georgeyumnam/WORK/PANRAID/PaNRAID-results/Group2/panraidproject/dataset_cylinder/cyl_001399
# Param: gx=0
# Param: gy=0
# Param: sample_on=1
# Param: bs_radius=0
# Param: samp_ap=0.01
# Param: sld=7.33914
# Param: sld_solvent=1
# Param: radius=145.742
# Param: length=749.955
# Param: pd_radius=0.153954
# Param: pd_length=0.126672
# Param: model_scale=1
# Param: model_abs=0
# Date: Wed Sep 23 22:27:18 2026 (1790195238)
# type: array_1d(100)
# Source: EQ_SANS_cylinder (eqsans_cylinder.instr)
# component: qmon
# position: 0 0 22.281
# title: QMonitor - Distribution in q (Radially averaged)
# Ncount: 5000000
# filename: qdet.dat
# statistics: X0=0.00733478; dX=0.00599633;
# signal: Min=4.7386e+12; Max=1.77081e+18; Mean=1.21928e+17;
# values: 1.21928e+19 4.45724e+17 256760
# xvar: q
# yvar: (I,I_err)
# xlabel: q [1 / AA]
# ylabel: I(q)
# xlimits: 0 0.151561
# variables: q I I_err N
0.0007578035702 1.396879786e+18 2.869309917e+17 34 
0.002273410711 1.529792491e+18 2.020800364e+17 120 
0.003789017851 1.770811357e+18 1.633201783e+17 223 
0.005304624991 1.532598593e+18 1.332621137e+17 298 
0.006820232132 1.202184167e+18 9.826421619e+16 368 
0.008335839272 1.130508989e+18 1.039005481e+17 408 
0.009851446413 8.289621621e+17 5.8602525e+16 523 
0.01136705355 6.683743219e+17 5.962231017e+16 592 
0.01288266069 5.921362568e+17 4.986682848e+16 691 
0.01439826783 4.039040221e+17 2.922249059e+16 761 
0.01591387497 3.245821759e+17 2.505923302e+16 888 
0.01742948211 2.09992196e+17 1.537119183e+16 922 
0.01894508925 1.687057349e+17 1.523715232e+16 1043 
0.0204606964 1.353563342e+17 1.234538188e+16 1138 
0.02197630354 7.957776699e+16 6.268403497e+15 1232 
0.02349191068 5.447748316e+16 5.011564007e+15 1262 
0.02500751782 3.985587455e+16 4.19852068e+15 1416 
0.02652312496 2.902893674e+16 2.483694953e+15 1507 
0.0280387321 1.508865077e+16 9.184776732e+14 1575 
0.02955433924 1.365422355e+16 1.000138788e+15 1683 
0.03106994638 9.380664138e+15 5.400210993e+14 1690 
0.03258555352 8.135253295e+15 4.009788925e+14 1805 
0.03410116066 6.514706529e+15 2.416743884e+14 1918 
0.0356167678 5.5891029e+15 2.075158844e+14 2010 
0.03713237494 4.698414727e+15 1.72209434e+14 2003 
0.03864798208 4.130566695e+15 1.353449391e+14 2142 
0.04016358922 3.323509769e+15 1.148732026e+14 2179 
0.04167919636 2.962514646e+15 9.830536306e+13 2316 
0.0431948035 2.571031723e+15 8.709193089e+13 2402 
0.04471041064 2.152131696e+15 6.941995282e+13 2515 
0.04622601778 1.712237616e+15 5.527551856e+13 2437 
0.04774162492 1.545829237e+15 4.632401478e+13 2583 
0.04925723206 1.34411598e+15 4.202100158e+13 2652 
0.0507728392 1.26194867e+15 3.637909648e+13 2849 
0.05228844634 1.064127378e+15 2.992537419e+13 2847 
0.05380405348 9.468788175e+14 2.596840524e+13 3011 
0.05531966062 8.214339831e+14 2.130831023e+13 3056 
0.05683526776 7.155235095e+14 1.921582636e+13 3050 
0.05835087491 6.614151271e+14 1.728721864e+13 3155 
0.05986648205 5.924530225e+14 1.467165477e+13 3319 
0.06138208919 5.41931799e+14 1.34416134e+13 3349 
0.06289769633 4.830347355e+14 1.180858603e+13 3371 
0.06441330347 4.448076772e+14 1.064871502e+13 3527 
0.06592891061 3.824209487e+14 9.183071088e+12 3441 
0.06744451775 3.657025824e+14 8.735747621e+12 3573 
0.06896012489 3.336335098e+14 7.773599489e+12 3669 
0.07047573203 2.912834866e+14 6.649819931e+12 3695 
0.07199133917 2.783904303e+14 6.217904255e+12 3804 
0.07350694631 2.430469295e+14 5.547074091e+12 3719 
0.07502255345 2.370542422e+14 5.218226105e+12 3825 
0.07653816059 2.009337014e+14 4.575389285e+12 3696 
0.07805376773 1.877392374e+14 4.136947442e+12 3915 
0.07956937487 1.749370692e+14 3.858329847e+12 3876 
0.08108498201 1.658869204e+14 3.611787663e+12 3909 
0.08260058915 1.473590188e+14 3.198237955e+12 3944 
0.08411619629 1.363800516e+14 2.935097451e+12 3918 
0.08563180343 1.216250767e+14 2.636140262e+12 3915 
0.08714741057 1.174831225e+14 2.514512382e+12 3982 
0.08866301771 1.063873417e+14 2.281544673e+12 3930 
0.09017862485 1.006427039e+14 2.11566886e+12 4022 
0.09169423199 9.292152102e+13 1.996661098e+12 3961 
0.09320983913 8.342211533e+13 1.754798832e+12 3946 
0.09472544627 7.678881748e+13 1.678257166e+12 3801 
0.09624105341 7.187947505e+13 1.548763584e+12 3815 
0.09775666056 6.781067552e+13 1.460682378e+12 3829 
0.0992722677 5.962680176e+13 1.316074612e+12 3657 
0.1007878748 5.312741146e+13 1.175765507e+12 3566 
0.102303482 4.988205022e+13 1.114797858e+12 3460 
0.1038190891 4.721654389e+13 1.047040462e+12 3510 
0.1053346963 4.454268367e+13 9.852562002e+11 3582 
0.1068503034 4.203423431e+13 9.318758487e+11 3538 
0.1083659105 3.867410099e+13 8.646637283e+11 3423 
0.1098815177 3.539998558e+13 7.873735079e+11 3419 
0.1113971248 3.290242207e+13 7.444042024e+11 3243 
0.112912732 3.091399266e+13 7.029178322e+11 3257 
0.1144283391 2.928786195e+13 6.618882229e+11 3215 
0.1159439462 2.615806266e+13 6.068360722e+11 3109 
0.1174595534 2.372845907e+13 5.416166099e+11 3128 
0.1189751605 2.27585553e+13 5.26881357e+11 3088 
0.1204907677 2.082091349e+13 4.890409362e+11 2966 
0.1220063748 1.902183861e+13 4.585847044e+11 2885 
0.1235219819 1.815295887e+13 4.361892672e+11 2846 
0.1250375891 1.709639978e+13 4.140649015e+11 2822 
0.1265531962 1.53234285e+13 3.755017621e+11 2691 
0.1280688034 1.417379696e+13 3.508745269e+11 2644 
0.1295844105 1.345036788e+13 3.359840716e+11 2634 
0.1311000176 1.15734678e+13 3.019118819e+11 2412 
0.1326156248 1.101398663e+13 2.793655003e+11 2435 
0.1341312319 1.076726626e+13 2.784027178e+11 2413 
0.1356468391 9.530112002e+12 2.536345851e+11 2297 
0.1371624462 8.807963573e+12 2.376214771e+11 2178 
0.1386780533 8.128272e+12 2.209808254e+11 2178 
0.1401936605 7.575579388e+12 2.083106432e+11 2111 
0.1417092676 6.768744874e+12 1.925197791e+11 1968 
0.1432248748 6.334441918e+12 1.812175648e+11 1918 
0.1447404819 6.030438502e+12 1.750020687e+11 1886 
0.146256089 5.869466621e+12 1.679562474e+11 1931 
0.1477716962 5.451338443e+12 1.601904859e+11 1805 
0.1492873033 5.071332747e+12 1.503430038e+11 1721 
0.1508029105 4.738601085e+12 1.401378495e+11 1769 
