# Format: McCode with text headers
# URL: http://www.mccode.org
# Creator:  3.8.5, git
# Instrument: eqsans_sans.instr
# Ncount: 10000000
# Trace: no
# Gravitation: no
# Seed: 1790180919422663
# Directory: /Users/georgeyumnam/WORK/PANRAID/PaNRAID-results/Group2/panraidproject/scan_sans_sample/x-13_y+06
# Param: gx=-0.013
# Param: gy=0.006
# Param: sample_on=1
# Param: R_sphere=100
# Param: Phi=0.01
# Param: bs_radius=0
# Param: samp_ap=0.01
# Date: Wed Sep 23 18:29:14 2026 (1790180954)
# type: array_1d(100)
# Source: EQ_SANS_sample (eqsans_sans.instr)
# component: qmon
# position: 0 0 22.281
# title: QMonitor - Radially averaged distribution
# Ncount: 10000000
# filename: rdet.dat
# statistics: X0=0.0764886; dX=0.0558273;
# signal: Min=0; Max=6.86374e+07; Mean=9.66075e+06;
# values: 9.66075e+08 1.07206e+08 2634
# xvar: r
# yvar: (I,I_err)
# xlabel: Radius [m]
# ylabel: I(r)
# xlimits: 0 0.5
# variables: r I I_err N
0.0025 0 0 0 
0.0075 0 0 0 
0.0125 50218035.52 50218035.52 1 
0.0175 68637361.6 50687059.76 2 
0.0225 66620928.83 40693027.39 3 
0.0275 55422775.28 33596681.39 3 
0.0325 23460690.31 16592067.87 2 
0.0375 19455592.46 15317431.11 2 
0.0425 47176760.09 21666730.1 5 
0.0475 41620147.91 22689147.26 4 
0.0525 20895560.48 13006440.3 3 
0.0575 21761514.02 12697780.36 3 
0.0625 59220848.39 20882427.07 9 
0.0675 49482077.63 18263864.4 8 
0.0725 41531881.6 16296902.47 8 
0.0775 27486124.18 12901492.62 8 
0.0825 15678444.38 8451279.079 4 
0.0875 42941752.27 13678152.2 12 
0.0925 13792046.29 6601845.608 5 
0.0975 24901733.9 8632660.062 10 
0.1025 14009504.78 5980385.328 8 
0.1075 32185749.28 9995602.902 14 
0.1125 28799692.52 8285952.515 14 
0.1175 25857073.91 8497534.229 15 
0.1225 17435458.82 6254669.081 13 
0.1275 28256169.99 7944033.335 17 
0.1325 10145843.23 4713497.804 8 
0.1375 9795449.422 4096089.054 13 
0.1425 9574765.308 4321232.337 8 
0.1475 13342039.1 4213865.679 19 
0.1525 6158023.886 2588173.655 15 
0.1575 11402290 3767194.546 21 
0.1625 8907025.761 2944192.407 22 
0.1675 6921842.572 2305145.616 17 
0.1725 2433348.634 1121393.838 12 
0.1775 4806544.177 1913139.162 19 
0.1825 4489398.446 1990125.763 14 
0.1875 3240331.699 1190938.553 21 
0.1925 5283399.61 1899676.036 24 
0.1975 2113934.69 1061345.001 17 
0.2025 2418086.185 879947.2035 24 
0.2075 2833332.021 1366887.87 21 
0.2125 2667792.817 998769.7071 23 
0.2175 2011377.902 952453.3747 24 
0.2225 861998.25 451612.7491 23 
0.2275 1197694.544 519442.1979 25 
0.2325 2030596.277 715491.6512 23 
0.2375 2194901.449 1061816.43 27 
0.2425 1250131.319 480101.8581 32 
0.2475 1239277.672 552250.3554 26 
0.2525 2381723.421 782130.1392 33 
0.2575 693562.93 380566.0467 24 
0.2625 638827.2192 287373.8596 23 
0.2675 278393.8338 103384.9829 20 
0.2725 769934.3599 317331.0457 33 
0.2775 528892.9882 274387.1496 17 
0.2825 623543.1978 245725.3966 31 
0.2875 295807.685 69773.11865 34 
0.2925 273987.3056 68513.11239 32 
0.2975 150931.856 42454.08873 26 
0.3025 293476.2428 69946.15226 37 
0.3075 340643.7736 106512.1609 38 
0.3125 375829.9914 88761.57198 36 
0.3175 163936.1024 40836.31242 34 
0.3225 199386.4055 46154.92501 34 
0.3275 272221.3629 131759.4929 22 
0.3325 293102.9037 70359.94467 41 
0.3375 189222.6864 44985.3639 39 
0.3425 127206.5344 31090.27899 39 
0.3475 155347.3613 34963.47373 40 
0.3525 130379.5636 33887.22853 29 
0.3575 120719.3494 35616.18414 27 
0.3625 168831.5384 38434.31372 46 
0.3675 142204.6398 34819.56936 45 
0.3725 200940.8625 41057.26646 56 
0.3775 83200.58129 27239.13681 30 
0.3825 103461.5343 25885.69966 35 
0.3875 110233.8719 30395.19846 33 
0.3925 153400.7968 34439.74976 50 
0.3975 44601.27024 16936.94595 25 
0.4025 87424.5508 24336.22635 32 
0.4075 130429.9005 31679.65297 44 
0.4125 115392.0497 27970.199 48 
0.4175 109424.6613 27758.73952 46 
0.4225 65985.1758 20723.95633 44 
0.4275 88433.58329 21188.93345 45 
0.4325 135941.1948 28790.25203 55 
0.4375 47812.52195 14993.83502 40 
0.4425 99901.60246 24981.86526 50 
0.4475 84855.0402 19533.80389 54 
0.4525 49194.98407 14522.82735 41 
0.4575 114478.8548 27828.33564 58 
0.4625 76952.94891 19553.29632 57 
0.4675 69675.30375 21609.48267 42 
0.4725 53254.55423 14176.21551 52 
0.4775 40320.36844 11778.51681 51 
0.4825 76620.83037 20139.16249 57 
0.4875 60828.21972 15053.039 62 
0.4925 33013.0537 7190.867743 48 
0.4975 64065.10985 17671.32583 48 
