# Format: McCode with text headers
# URL: http://www.mccode.org
# Creator:  3.8.5, git
# Instrument: eqsans_sans.instr
# Ncount: 10000000
# Trace: no
# Gravitation: no
# Seed: 1790184066256701
# Directory: /Users/georgeyumnam/WORK/PANRAID/PaNRAID-results/Group2/panraidproject/scan_sans_sample/x+09_y+06
# Param: gx=0.009
# Param: gy=0.006
# Param: sample_on=1
# Param: R_sphere=100
# Param: Phi=0.01
# Param: bs_radius=0
# Param: samp_ap=0.01
# Date: Wed Sep 23 19:21:41 2026 (1790184101)
# type: array_1d(100)
# Source: EQ_SANS_sample (eqsans_sans.instr)
# component: qmon
# position: 0 0 22.281
# title: QMonitor - Distribution in q (Radially averaged)
# Ncount: 10000000
# filename: qdet.dat
# statistics: X0=0.0135249; dX=0.0102402;
# signal: Min=5231.56; Max=3.0315e+08; Mean=2.90353e+07;
# values: 2.90353e+09 4.04717e+08 4713
# xvar: q
# yvar: (I,I_err)
# xlabel: q [1 / AA]
# ylabel: I(q)
# xlimits: 0 0.151561
# variables: q I I_err N
0.0007578035702 303149645.3 303149645.3 1 
0.002273410711 155589807.4 155589807.4 1 
0.003789017851 125510998.9 104443157 3 
0.005304624991 147642982.9 79436648.79 4 
0.006820232132 154994159.7 72826221.54 6 
0.008335839272 118145024.3 59872619.38 6 
0.009851446413 217166706.3 73773623.06 11 
0.01136705355 200104680 61992768.88 13 
0.01288266069 218518659.2 65783217.6 13 
0.01439826783 177979630.6 54630598.97 13 
0.01591387497 145660005.7 41441698.27 18 
0.01742948211 138790241.6 38380670.99 19 
0.01894508925 129115732.6 36508323.4 18 
0.0204606964 125062162.4 32445460.35 22 
0.02197630354 99597961.6 25841830.32 23 
0.02349191068 98057754.19 26779452.32 22 
0.02500751782 69155201.1 17080526.51 28 
0.02652312496 33550758.26 8293198.104 21 
0.0280387321 50987481.81 14447908.55 29 
0.02955433924 43760179.16 10382907.35 31 
0.03106994638 32649724.18 10583416.5 25 
0.03258555352 31319467.49 7320778.309 38 
0.03410116066 16163393 4698353.263 33 
0.0356167678 14303529.07 3709140.716 38 
0.03713237494 5265968.604 1719423.403 32 
0.03864798208 9004834.889 3347868.472 37 
0.04016358922 5815029.105 1957342.871 54 
0.04167919636 3052661.797 985483.3795 38 
0.0431948035 3173859.339 1236149.718 36 
0.04471041064 2265256.673 911552.34 50 
0.04622601778 1140825.643 249700.9306 49 
0.04774162492 1813343.081 979785.1743 44 
0.04925723206 1009625.826 226493.2866 46 
0.0507728392 1172283.821 227135.5016 48 
0.05228844634 1765044.385 315060.0877 58 
0.05380405348 1498410.393 299696.3356 51 
0.05531966062 1818470.123 272018.1741 61 
0.05683526776 1916900.268 308148.4017 62 
0.05835087491 1690979.705 258519.2182 60 
0.05986648205 1373651.529 221571.6654 57 
0.06138208919 1802340.272 250806.9001 70 
0.06289769633 1131333.089 185565.8994 61 
0.06441330347 1124814.692 183754.0936 55 
0.06592891061 1017637.028 158987.6643 72 
0.06744451775 947740.8595 152203.8442 68 
0.06896012489 1014171.413 161332.6582 84 
0.07047573203 488190.8656 96229.04384 67 
0.07199133917 489453.3775 111058.4578 71 
0.07350694631 297198.4574 71476.47345 64 
0.07502255345 259465.3342 57020.75938 74 
0.07653816059 201498.8419 57202.03416 63 
0.07805376773 220803.068 48025.44039 81 
0.07956937487 126228.4456 24417.25422 74 
0.08108498201 182102.1721 28748.81303 90 
0.08260058915 172035.2908 28489.8499 75 
0.08411619629 174659.6774 27642.68856 68 
0.08563180343 172537.2992 26742.58524 68 
0.08714741057 183891.1942 30121.26988 57 
0.08866301771 279346.6851 35592.23605 87 
0.09017862485 257308.2359 35447.80436 76 
0.09169423199 269540.4926 35493.53073 80 
0.09320983913 226705.725 31741.64262 71 
0.09472544627 200078.7876 29424.09949 63 
0.09624105341 164141.4391 25636.64149 66 
0.09775666056 172773.7419 26000.55835 67 
0.0992722677 129321.9877 20287.18359 65 
0.1007878748 85073.31348 17750.26153 52 
0.102303482 86432.28978 15823.76613 68 
0.1038190891 48184.17676 9796.089248 55 
0.1053346963 61714.21148 11384.13041 72 
0.1068503034 41896.21941 9155.27895 59 
0.1083659105 38934.66953 6674.736324 82 
0.1098815177 35781.76381 6960.953279 62 
0.1113971248 26287.18544 6132.645718 53 
0.112912732 21102.77412 4770.966058 41 
0.1144283391 29681.4151 5473.737817 54 
0.1159439462 40191.72424 6372.966975 63 
0.1174595534 43944.25953 6685.734755 63 
0.1189751605 39102.79644 7100.347999 47 
0.1204907677 49140.48491 7636.029694 54 
0.1220063748 39787.59136 6485.858626 47 
0.1235219819 58554.25664 8720.026968 59 
0.1250375891 41336.75423 7424.819617 42 
0.1265531962 53293.99057 7841.727522 60 
0.1280688034 38046.05224 6581.767377 49 
0.1295844105 25851.39952 4945.845703 44 
0.1311000176 27090.89312 5286.424866 41 
0.1326156248 17906.818 4073.44846 40 
0.1341312319 15790.73309 3515.182548 45 
0.1356468391 13520.96954 3343.644397 41 
0.1371624462 10326.90231 2488.763665 41 
0.1386780533 10445.95983 2668.596568 39 
0.1401936605 8402.736638 2134.964731 44 
0.1417092676 9446.520466 2359.01604 34 
0.1432248748 5231.56363 1383.879705 33 
0.1447404819 9220.073631 1869.1143 42 
0.146256089 6342.386368 1580.816259 27 
0.1477716962 9771.099183 2035.694786 34 
0.1492873033 8663.141194 1836.36163 35 
0.1508029105 11003.63211 2060.721537 35 
