# Format: McCode with text headers
# URL: http://www.mccode.org
# Creator:  3.8.5, git
# Instrument: eqsans_sans.instr
# Ncount: 10000000
# Trace: no
# Gravitation: no
# Seed: 1790174536260229
# Directory: /Users/georgeyumnam/WORK/PANRAID/PaNRAID-results/Group2/panraidproject/scan_sans_nosample/x-12_y+00
# Param: gx=-0.012
# Param: gy=0
# Param: sample_on=0
# Param: R_sphere=100
# Param: Phi=0.01
# Param: bs_radius=0
# Param: samp_ap=0.01
# Date: Wed Sep 23 16:42:51 2026 (1790174571)
# type: array_1d(100)
# Source: EQ_SANS_sample (eqsans_sans.instr)
# component: qmon
# position: 0 0 22.281
# title: QMonitor - Radially averaged distribution
# Ncount: 10000000
# filename: rdet.dat
# statistics: X0=0.0211525; dX=0.0160652;
# signal: Min=0; Max=2.16898e+10; Mean=1.28917e+09;
# values: 1.28917e+11 2.73893e+09 6603
# xvar: r
# yvar: (I,I_err)
# xlabel: Radius [m]
# ylabel: I(r)
# xlimits: 0 0.5
# variables: r I I_err N
0.0025 2.168983028e+10 2107690015 106 
0.0075 1.793040136e+10 1100315540 266 
0.0125 1.703625177e+10 820047684.5 433 
0.0175 1.513080946e+10 644701827.1 554 
0.0225 1.251322497e+10 509906772 608 
0.0275 9780077725 400561636.5 605 
0.0325 8292930416 331510468.3 640 
0.0375 7442144215 287845737.4 688 
0.0425 6279671760 241654638.6 698 
0.0475 4501832502 189681522.1 584 
0.0525 3598749955 160604896.7 526 
0.0575 2146746020 114640448.3 368 
0.0625 1493003210 91332779.18 283 
0.0675 789926431.1 62156106.65 168 
0.0725 204004946.7 29136363.23 50 
0.0775 70495907.72 15868403.27 20 
0.0825 16733592.92 6875823.931 6 
0.0875 0 0 0 
0.0925 0 0 0 
0.0975 0 0 0 
0.1025 0 0 0 
0.1075 0 0 0 
0.1125 0 0 0 
0.1175 0 0 0 
0.1225 0 0 0 
0.1275 0 0 0 
0.1325 0 0 0 
0.1375 0 0 0 
0.1425 0 0 0 
0.1475 0 0 0 
0.1525 0 0 0 
0.1575 0 0 0 
0.1625 0 0 0 
0.1675 0 0 0 
0.1725 0 0 0 
0.1775 0 0 0 
0.1825 0 0 0 
0.1875 0 0 0 
0.1925 0 0 0 
0.1975 0 0 0 
0.2025 0 0 0 
0.2075 0 0 0 
0.2125 0 0 0 
0.2175 0 0 0 
0.2225 0 0 0 
0.2275 0 0 0 
0.2325 0 0 0 
0.2375 0 0 0 
0.2425 0 0 0 
0.2475 0 0 0 
0.2525 0 0 0 
0.2575 0 0 0 
0.2625 0 0 0 
0.2675 0 0 0 
0.2725 0 0 0 
0.2775 0 0 0 
0.2825 0 0 0 
0.2875 0 0 0 
0.2925 0 0 0 
0.2975 0 0 0 
0.3025 0 0 0 
0.3075 0 0 0 
0.3125 0 0 0 
0.3175 0 0 0 
0.3225 0 0 0 
0.3275 0 0 0 
0.3325 0 0 0 
0.3375 0 0 0 
0.3425 0 0 0 
0.3475 0 0 0 
0.3525 0 0 0 
0.3575 0 0 0 
0.3625 0 0 0 
0.3675 0 0 0 
0.3725 0 0 0 
0.3775 0 0 0 
0.3825 0 0 0 
0.3875 0 0 0 
0.3925 0 0 0 
0.3975 0 0 0 
0.4025 0 0 0 
0.4075 0 0 0 
0.4125 0 0 0 
0.4175 0 0 0 
0.4225 0 0 0 
0.4275 0 0 0 
0.4325 0 0 0 
0.4375 0 0 0 
0.4425 0 0 0 
0.4475 0 0 0 
0.4525 0 0 0 
0.4575 0 0 0 
0.4625 0 0 0 
0.4675 0 0 0 
0.4725 0 0 0 
0.4775 0 0 0 
0.4825 0 0 0 
0.4875 0 0 0 
0.4925 0 0 0 
0.4975 0 0 0 
