# Format: McCode with text headers
# URL: http://www.mccode.org
# Creator:  3.8.5, git
# Instrument: eqsans_cylinder.instr
# Ncount: 5000000
# Trace: no
# Gravitation: no
# Seed: 1790194960350426
# Directory: /Users/georgeyumnam/WORK/PANRAID/PaNRAID-results/Group2/panraidproject/dataset_cylinder/cyl_001253
# Param: gx=0
# Param: gy=0
# Param: sample_on=1
# Param: bs_radius=0
# Param: samp_ap=0.01
# Param: sld=0.660926
# Param: sld_solvent=1
# Param: radius=38.5146
# Param: length=226.635
# Param: pd_radius=0.115979
# Param: pd_length=0.060693
# Param: model_scale=1
# Param: model_abs=0
# Date: Wed Sep 23 22:22:57 2026 (1790194977)
# type: array_1d(100)
# Source: EQ_SANS_cylinder (eqsans_cylinder.instr)
# component: qmon
# position: 0 0 22.281
# title: QMonitor - Distribution in q (Radially averaged)
# Ncount: 5000000
# filename: qdet.dat
# statistics: X0=0.0195481; dX=0.0162563;
# signal: Min=1.2246e+09; Max=4.10032e+12; Mean=7.50567e+11;
# values: 7.50567e+13 1.0707e+12 264417
# xvar: q
# yvar: (I,I_err)
# xlabel: q [1 / AA]
# ylabel: I(q)
# xlimits: 0 0.151561
# variables: q I I_err N
0.0007578035702 3.219257156e+12 6.620518749e+11 34 
0.002273410711 4.018655926e+12 4.29505088e+11 122 
0.003789017851 3.970394523e+12 3.587862241e+11 199 
0.005304624991 3.837910358e+12 2.760402344e+11 284 
0.006820232132 4.056872795e+12 2.571590847e+11 374 
0.008335839272 4.100319018e+12 2.354424364e+11 464 
0.009851446413 3.617585444e+12 2.055124572e+11 506 
0.01136705355 3.463858029e+12 1.710742593e+11 623 
0.01288266069 3.400642448e+12 1.610358015e+11 692 
0.01439826783 3.377031079e+12 1.422298816e+11 853 
0.01591387497 3.012302984e+12 1.287390408e+11 865 
0.01742948211 2.782996851e+12 1.154894889e+11 952 
0.01894508925 2.836723943e+12 1.074301457e+11 1124 
0.0204606964 2.293020608e+12 8.692651938e+10 1094 
0.02197630354 2.507908263e+12 8.99522899e+10 1299 
0.02349191068 2.132980934e+12 7.258895836e+10 1347 
0.02500751782 1.9509399e+12 6.603646974e+10 1424 
0.02652312496 1.681603082e+12 5.819406501e+10 1405 
0.0280387321 1.638489425e+12 5.270997462e+10 1594 
0.02955433924 1.446726571e+12 4.635603626e+10 1599 
0.03106994638 1.393537082e+12 4.228837019e+10 1733 
0.03258555352 1.290182384e+12 3.823431803e+10 1824 
0.03410116066 1.177298263e+12 3.423726735e+10 1939 
0.0356167678 1.110936453e+12 3.117209281e+10 2052 
0.03713237494 9.884288787e+11 2.681310308e+10 2142 
0.03864798208 9.349339054e+11 2.512309275e+10 2208 
0.04016358922 8.350619437e+11 2.219428327e+10 2240 
0.04167919636 7.849202731e+11 2.043569506e+10 2359 
0.0431948035 7.286617447e+11 1.846049744e+10 2476 
0.04471041064 6.5455677e+11 1.642938666e+10 2508 
0.04622601778 6.185414055e+11 1.47697297e+10 2738 
0.04774162492 5.217963947e+11 1.259390161e+10 2616 
0.04925723206 5.051490076e+11 1.164793101e+10 2848 
0.0507728392 4.555359316e+11 1.05985036e+10 2891 
0.05228844634 4.065803794e+11 9270085483 2956 
0.05380405348 3.532770514e+11 8218599206 2946 
0.05531966062 3.348474667e+11 7359054302 3198 
0.05683526776 2.863436048e+11 6445168036 3103 
0.05835087491 2.577073836e+11 5627992315 3210 
0.05986648205 2.469365942e+11 5277453397 3402 
0.06138208919 2.113914242e+11 4508578195 3406 
0.06289769633 1.896609806e+11 4007299609 3564 
0.06441330347 1.730382445e+11 3589789691 3626 
0.06592891061 1.4853589e+11 3095659170 3600 
0.06744451775 1.319018256e+11 2744129925 3685 
0.06896012489 1.206674402e+11 2491236062 3782 
0.07047573203 1.027672862e+11 2115682025 3752 
0.07199133917 8.703047651e+10 1802706857 3763 
0.07350694631 7.799728995e+10 1582204957 3951 
0.07502255345 6.680501592e+10 1382732479 3853 
0.07653816059 5.974799869e+10 1249724753 3914 
0.07805376773 5.086278494e+10 1078682408 3934 
0.07956937487 4.346795869e+10 908295270 4000 
0.08108498201 3.838525781e+10 801854237.9 4154 
0.08260058915 3.244405653e+10 686565905.8 4108 
0.08411619629 2.621586687e+10 573447291.9 4019 
0.08563180343 2.363094036e+10 522633963.6 4122 
0.08714741057 1.975606373e+10 438552961.9 4057 
0.08866301771 1.598635297e+10 361481199.9 3889 
0.09017862485 1.406092244e+10 311789192.8 4052 
0.09169423199 1.236181444e+10 276951670.2 3983 
0.09320983913 1.093185674e+10 241995580.7 3980 
0.09472544627 9284013228 203021769 3950 
0.09624105341 8712048433 193219591.3 3967 
0.09775666056 7857826518 172566577.2 3955 
0.0992722677 7212491053 156231860.9 3904 
0.1007878748 6646083003 146971283.9 3822 
0.102303482 6316544103 139413450.3 3802 
0.1038190891 5819672507 131650684.5 3651 
0.1053346963 5948946143 133138646.3 3735 
0.1068503034 5567658792 127704407.3 3592 
0.1083659105 5473152771 125050367.6 3617 
0.1098815177 5364205957 123423017.1 3488 
0.1113971248 5085388303 120228005.7 3352 
0.112912732 5346356752 123040042 3422 
0.1144283391 5062818993 118282138.6 3288 
0.1159439462 5044031629 117227753.4 3228 
0.1174595534 4905128721 113304891.2 3205 
0.1189751605 4961073393 114335400.2 3150 
0.1204907677 4602025395 109418252.5 2912 
0.1220063748 4721239282 107287528.7 3077 
0.1235219819 4391041152 101741753.1 2872 
0.1250375891 4400570546 100948924.6 2877 
0.1265531962 4190807866 96276682.95 2792 
0.1280688034 3982631419 92371705.14 2690 
0.1295844105 3820949795 88764514.22 2625 
0.1311000176 3555570824 82727933.13 2557 
0.1326156248 3285437534 77716715.87 2440 
0.1341312319 3359427255 77353482.64 2563 
0.1356468391 2914623726 69840640.59 2328 
0.1371624462 2704230565 65914653.42 2247 
0.1386780533 2686801224 64521280.02 2315 
0.1401936605 2450727212 59852137.55 2248 
0.1417092676 2217414902 55001877.21 2134 
0.1432248748 2035988515 51634074.52 2023 
0.1447404819 1783044560 46451375.24 1918 
0.146256089 1699382369 44737666.58 1896 
0.1477716962 1503021207 40829037.18 1794 
0.1492873033 1418232412 37843511.5 1839 
0.1508029105 1224601041 34107308.53 1705 
