# Format: McCode with text headers
# URL: http://www.mccode.org
# Creator:  3.8.5, git
# Instrument: eqsans_sans.instr
# Ncount: 10000000
# Trace: no
# Gravitation: no
# Seed: 1790180886475813
# Directory: /Users/georgeyumnam/WORK/PANRAID/PaNRAID-results/Group2/panraidproject/scan_sans_sample/x-13_y-01
# Param: gx=-0.013
# Param: gy=-0.001
# Param: sample_on=1
# Param: R_sphere=100
# Param: Phi=0.01
# Param: bs_radius=0
# Param: samp_ap=0.01
# Date: Wed Sep 23 18:28:41 2026 (1790180921)
# type: array_1d(100)
# Source: EQ_SANS_sample (eqsans_sans.instr)
# component: qmon
# position: 0 0 22.281
# title: QMonitor - Distribution in q (Radially averaged)
# Ncount: 10000000
# filename: qdet.dat
# statistics: X0=0.011537; dX=0.00955042;
# signal: Min=7823.77; Max=5.99124e+08; Mean=4.26767e+07;
# values: 4.26767e+09 5.20137e+08 5315
# xvar: q
# yvar: (I,I_err)
# xlabel: q [1 / AA]
# ylabel: I(q)
# xlimits: 0 0.151561
# variables: q I I_err N
0.0007578035702 231593499.8 231593499.8 1 
0.002273410711 599123697.4 362513327.2 4 
0.003789017851 113872524 76494138.16 3 
0.005304624991 554511299.6 203786883 9 
0.006820232132 142372699.5 72414633.18 5 
0.008335839272 419944058.2 116646971 17 
0.009851446413 294689120.2 80988644.73 16 
0.01136705355 336115447.2 92991643.53 16 
0.01288266069 167192307.8 55398008.64 13 
0.01439826783 241563001.9 68903482.18 19 
0.01591387497 162254740.9 44002886.14 19 
0.01742948211 136270509.5 37812760.86 18 
0.01894508925 156622613 42253664.56 19 
0.0204606964 137506950.6 29760483.94 27 
0.02197630354 152840386.1 39580606.64 32 
0.02349191068 70999430.33 19331319.83 22 
0.02500751782 44557462.06 13737486.19 18 
0.02652312496 58666983.14 13341871.8 35 
0.0280387321 46126900.2 12599851.22 30 
0.02955433924 46827450.58 10260132.04 37 
0.03106994638 20724730.92 8568067.733 25 
0.03258555352 18668817.63 4777380.193 37 
0.03410116066 19357887.01 5862085.18 36 
0.0356167678 15821389.12 4934177.605 33 
0.03713237494 13126807.21 3585221.821 45 
0.03864798208 16491829.03 5477847.956 43 
0.04016358922 6243564.797 2237855.736 46 
0.04167919636 6829467.742 2825165.776 43 
0.0431948035 3015744.004 1568244.634 43 
0.04471041064 1967064.593 679559.8026 37 
0.04622601778 2484825.572 999707.8756 49 
0.04774162492 1004177.51 220356.4601 46 
0.04925723206 1136931.821 237243.5665 46 
0.0507728392 1674025.845 298704.5141 58 
0.05228844634 1355221.212 248064.0717 51 
0.05380405348 2226848.855 313494.2611 72 
0.05531966062 2023295.952 287930.9916 71 
0.05683526776 1508602.186 245839.1901 50 
0.05835087491 1835466.924 260435.5262 68 
0.05986648205 1646604.495 255067.0541 58 
0.06138208919 2284959.536 322550.9786 75 
0.06289769633 1269416.976 191013.5892 66 
0.06441330347 1505661.762 230917.9053 74 
0.06592891061 1093829.429 180609.4549 70 
0.06744451775 1206607.823 197778.6903 72 
0.06896012489 509963.1512 99599.99818 61 
0.07047573203 603674.6243 110656.4045 69 
0.07199133917 514164.4875 102826.6394 67 
0.07350694631 459765.3334 96175.99753 69 
0.07502255345 415225.0952 86894.07903 88 
0.07653816059 214105.2849 49942.82644 78 
0.07805376773 199381.481 34894.47293 78 
0.07956937487 132076.6542 23728.29772 73 
0.08108498201 179738.1879 30944.341 74 
0.08260058915 211594.0147 32307.4667 90 
0.08411619629 203127.4056 28798.11781 81 
0.08563180343 273211.8672 36270.11755 92 
0.08714741057 229852.0959 32955.91748 76 
0.08866301771 274638.0493 36627.99844 80 
0.09017862485 272595.5647 36282.02315 83 
0.09169423199 286092.0466 37161.7692 78 
0.09320983913 246463.7888 32443.97163 78 
0.09472544627 322067.9371 39378.99677 93 
0.09624105341 217769.4566 29243.97834 88 
0.09775666056 170995.3825 27142.30812 67 
0.0992722677 150401.1891 23969.27032 67 
0.1007878748 121198.5218 19584.86143 70 
0.102303482 132025.8728 21671.59888 92 
0.1038190891 73284.91918 13613.2368 70 
0.1053346963 76705.8033 13948.80433 62 
0.1068503034 48770.74215 10181.86279 76 
0.1083659105 38254.05118 7174.351771 68 
0.1098815177 45284.03567 7105.916632 76 
0.1113971248 62006.78031 11407.62531 87 
0.112912732 46553.91744 7079.741808 84 
0.1144283391 46510.07565 8044.840882 76 
0.1159439462 51976.22236 8170.112554 70 
0.1174595534 41018.00192 6629.525685 62 
0.1189751605 54646.18022 8782.363469 61 
0.1204907677 51926.93872 7559.584369 64 
0.1220063748 59391.68044 8187.656644 68 
0.1235219819 55422.87792 8138.767427 58 
0.1250375891 49753.03414 7617.846942 57 
0.1265531962 50991.26589 8158.546797 59 
0.1280688034 51097.83534 7622.860295 62 
0.1295844105 41540.53352 6439.24717 60 
0.1311000176 45468.14441 6801.411392 68 
0.1326156248 26121.55915 5239.725986 47 
0.1341312319 26692.96056 5244.769287 57 
0.1356468391 21698.30447 4489.602425 44 
0.1371624462 16551.11896 3516.818478 55 
0.1386780533 9763.315731 2468.933924 38 
0.1401936605 12800.5325 3013.34264 41 
0.1417092676 10590.81414 2480.159619 42 
0.1432248748 9194.779359 2004.954516 44 
0.1447404819 7823.770874 1769.312707 40 
0.146256089 9860.031741 2032.701811 42 
0.1477716962 11997.80827 2210.633532 44 
0.1492873033 11026.48034 2175.015893 39 
0.1508029105 10685.03772 2293.232379 28 
