# Format: McCode with text headers
# URL: http://www.mccode.org
# Creator:  3.8.5, git
# Instrument: eqsans_cylinder.instr
# Ncount: 5000000
# Trace: no
# Gravitation: no
# Seed: 1790193502905032
# Directory: /Users/georgeyumnam/WORK/PANRAID/PaNRAID-results/Group2/panraidproject/dataset_cylinder/cyl_000447
# Param: gx=0
# Param: gy=0
# Param: sample_on=1
# Param: bs_radius=0
# Param: samp_ap=0.01
# Param: sld=4.79939
# Param: sld_solvent=1
# Param: radius=156.514
# Param: length=643.637
# Param: pd_radius=0.126198
# Param: pd_length=0.044861
# Param: model_scale=1
# Param: model_abs=0
# Date: Wed Sep 23 21:58:41 2026 (1790193521)
# type: array_1d(100)
# Source: EQ_SANS_cylinder (eqsans_cylinder.instr)
# component: qmon
# position: 0 0 22.281
# title: QMonitor - Distribution in q (Radially averaged)
# Ncount: 5000000
# filename: qdet.dat
# statistics: X0=0.00695465; dX=0.00585104;
# signal: Min=1.50926e+12; Max=6.99562e+17; Mean=4.7811e+16;
# values: 4.7811e+18 2.11669e+17 253147
# xvar: q
# yvar: (I,I_err)
# xlabel: q [1 / AA]
# ylabel: I(q)
# xlimits: 0 0.151561
# variables: q I I_err N
0.0007578035702 6.875359818e+17 1.615054545e+17 36 
0.002273410711 6.995623227e+17 9.540415896e+16 125 
0.003789017851 5.497033458e+17 5.863060188e+16 193 
0.005304624991 6.23462336e+17 5.29464673e+16 297 
0.006820232132 4.608945655e+17 3.717103171e+16 353 
0.008335839272 3.99593096e+17 3.001148166e+16 460 
0.009851446413 3.282345804e+17 2.44297352e+16 539 
0.01136705355 2.827622243e+17 1.881471663e+16 689 
0.01288266069 1.767714502e+17 1.369033594e+16 689 
0.01439826783 1.690339033e+17 1.31545925e+16 766 
0.01591387497 1.242743514e+17 1.014739999e+16 839 
0.01742948211 8.845441146e+16 7.344553967e+15 917 
0.01894508925 5.136730993e+16 4.748129394e+15 988 
0.0204606964 4.345496236e+16 3.571103786e+15 1147 
0.02197630354 2.376266297e+16 1.783140933e+15 1190 
0.02349191068 1.984811757e+16 2.538287696e+15 1248 
0.02500751782 1.284965458e+16 1.282424835e+15 1393 
0.02652312496 7.031459637e+15 5.10153183e+14 1417 
0.0280387321 5.28010303e+15 3.262282908e+14 1561 
0.02955433924 4.75363644e+15 3.276358876e+14 1522 
0.03106994638 3.514418138e+15 2.617114085e+14 1592 
0.03258555352 2.572792989e+15 1.482086915e+14 1716 
0.03410116066 2.256121648e+15 8.536901971e+13 1812 
0.0356167678 1.900470029e+15 6.989309578e+13 1931 
0.03713237494 1.618819641e+15 5.610058547e+13 2049 
0.03864798208 1.33222361e+15 4.513537992e+13 2080 
0.04016358922 1.185719282e+15 3.925381812e+13 2183 
0.04167919636 9.332907456e+14 3.130255001e+13 2207 
0.0431948035 7.972873777e+14 2.626859908e+13 2286 
0.04471041064 6.848225172e+14 2.287091575e+13 2414 
0.04622601778 5.693128827e+14 1.812695744e+13 2488 
0.04774162492 5.359109146e+14 1.725837594e+13 2588 
0.04925723206 4.505420509e+14 1.312714799e+13 2600 
0.0507728392 3.969181402e+14 1.14399422e+13 2719 
0.05228844634 3.479380512e+14 9.287160879e+12 2806 
0.05380405348 3.217755898e+14 8.422165366e+12 2987 
0.05531966062 2.797806836e+14 7.080256282e+12 2978 
0.05683526776 2.535362454e+14 6.408499684e+12 3082 
0.05835087491 2.215493026e+14 5.370277394e+12 3189 
0.05986648205 2.024805905e+14 5.196670732e+12 3189 
0.06138208919 1.804084264e+14 4.350618585e+12 3202 
0.06289769633 1.688261029e+14 4.097590157e+12 3430 
0.06441330347 1.504733087e+14 3.597887328e+12 3440 
0.06592891061 1.317298375e+14 3.158117566e+12 3477 
0.06744451775 1.208959801e+14 2.762889457e+12 3596 
0.06896012489 1.081433869e+14 2.478380184e+12 3620 
0.07047573203 9.906569456e+13 2.285960381e+12 3553 
0.07199133917 8.876829489e+13 2.012368512e+12 3726 
0.07350694631 8.492553776e+13 1.878716781e+12 3732 
0.07502255345 7.60399177e+13 1.673331564e+12 3728 
0.07653816059 7.010118119e+13 1.538752469e+12 3742 
0.07805376773 6.548549248e+13 1.40423116e+12 3914 
0.07956937487 6.054274224e+13 1.304199834e+12 3907 
0.08108498201 5.320785478e+13 1.1552874e+12 3789 
0.08260058915 4.950875207e+13 1.058236457e+12 3840 
0.08411619629 4.718293645e+13 9.967123257e+11 3944 
0.08563180343 4.216969518e+13 9.016509274e+11 3847 
0.08714741057 3.842854188e+13 8.13260462e+11 3879 
0.08866301771 3.596754678e+13 7.633421178e+11 3881 
0.09017862485 3.331423575e+13 7.079366245e+11 3819 
0.09169423199 3.222652759e+13 6.803880541e+11 3905 
0.09320983913 2.795011814e+13 5.947043833e+11 3804 
0.09472544627 2.585792464e+13 5.489122049e+11 3759 
0.09624105341 2.419092805e+13 5.145824779e+11 3760 
0.09775666056 2.277184313e+13 4.852803227e+11 3818 
0.0992722677 2.063658072e+13 4.375099337e+11 3746 
0.1007878748 1.879075164e+13 4.04283159e+11 3619 
0.102303482 1.758753416e+13 3.758472326e+11 3602 
0.1038190891 1.701939829e+13 3.612484223e+11 3679 
0.1053346963 1.487983439e+13 3.278917185e+11 3416 
0.1068503034 1.385024989e+13 3.067506333e+11 3430 
0.1083659105 1.291489577e+13 2.822260387e+11 3380 
0.1098815177 1.255269933e+13 2.737213984e+11 3412 
0.1113971248 1.112805971e+13 2.487870604e+11 3307 
0.112912732 1.050993295e+13 2.343332637e+11 3271 
0.1144283391 9.361718173e+12 2.151734776e+11 3077 
0.1159439462 8.954376728e+12 2.034196413e+11 3115 
0.1174595534 8.103073048e+12 1.858345142e+11 3040 
0.1189751605 7.891085558e+12 1.808118791e+11 3040 
0.1204907677 7.385056736e+12 1.707067806e+11 3003 
0.1220063748 6.532395387e+12 1.536069483e+11 2847 
0.1235219819 6.004966332e+12 1.438429448e+11 2768 
0.1250375891 5.755877643e+12 1.351436991e+11 2831 
0.1265531962 5.260146385e+12 1.271415517e+11 2699 
0.1280688034 4.690330517e+12 1.152806843e+11 2579 
0.1295844105 4.419650185e+12 1.106530246e+11 2484 
0.1311000176 4.022375283e+12 1.033114928e+11 2400 
0.1326156248 3.713361333e+12 9.412561497e+10 2401 
0.1341312319 3.505359831e+12 9.130152749e+10 2254 
0.1356468391 3.281270033e+12 8.511467976e+10 2310 
0.1371624462 3.079234124e+12 8.033025589e+10 2202 
0.1386780533 2.718753562e+12 7.349207124e+10 2134 
0.1401936605 2.517968975e+12 6.858108117e+10 2065 
0.1417092676 2.409312122e+12 6.66874451e+10 2007 
0.1432248748 2.131216972e+12 5.990499457e+10 1912 
0.1447404819 2.004142491e+12 5.706451139e+10 1854 
0.146256089 1.936222089e+12 5.545993691e+10 1851 
0.1477716962 1.809692166e+12 5.30257633e+10 1747 
0.1492873033 1.509264843e+12 4.591661311e+10 1632 
0.1508029105 1.542032659e+12 4.645235062e+10 1656 
