# Format: McCode with text headers
# URL: http://www.mccode.org
# Creator:  3.8.5, git
# Instrument: eqsans_cylinder.instr
# Ncount: 5000000
# Trace: no
# Gravitation: no
# Seed: 1790193466292038
# Directory: /Users/georgeyumnam/WORK/PANRAID/PaNRAID-results/Group2/panraidproject/dataset_cylinder/cyl_000424
# Param: gx=0
# Param: gy=0
# Param: sample_on=1
# Param: bs_radius=0
# Param: samp_ap=0.01
# Param: sld=7.34951
# Param: sld_solvent=1
# Param: radius=75.2281
# Param: length=805.95
# Param: pd_radius=0.043985
# Param: pd_length=0.027213
# Param: model_scale=1
# Param: model_abs=0
# Date: Wed Sep 23 21:58:04 2026 (1790193484)
# type: array_1d(100)
# Source: EQ_SANS_cylinder (eqsans_cylinder.instr)
# component: qmon
# position: 0 0 22.281
# title: QMonitor - Distribution in q (Radially averaged)
# Ncount: 5000000
# filename: qdet.dat
# statistics: X0=0.0102866; dX=0.00907891;
# signal: Min=2.72277e+12; Max=1.53673e+17; Mean=1.43464e+16;
# values: 1.43464e+18 3.73211e+16 263022
# xvar: q
# yvar: (I,I_err)
# xlabel: q [1 / AA]
# ylabel: I(q)
# xlimits: 0 0.151561
# variables: q I I_err N
0.0007578035702 1.360796643e+17 2.419036101e+16 43 
0.002273410711 1.536727408e+17 1.853564656e+16 114 
0.003789017851 1.50635799e+17 1.310100603e+16 218 
0.005304624991 1.267420597e+17 9.983848567e+15 275 
0.006820232132 1.233324343e+17 8.119407627e+15 389 
0.008335839272 1.125737483e+17 6.728526145e+15 460 
0.009851446413 8.584783777e+16 4.895980963e+15 514 
0.01136705355 7.801159472e+16 4.436229553e+15 590 
0.01288266069 7.859430025e+16 4.001772332e+15 769 
0.01439826783 6.195287936e+16 2.907271908e+15 850 
0.01591387497 5.303863418e+16 2.520756999e+15 891 
0.01742948211 4.585188603e+16 2.08406557e+15 983 
0.01894508925 4.10665279e+16 1.808031605e+15 1107 
0.0204606964 3.204579695e+16 1.28418564e+15 1160 
0.02197630354 2.664339912e+16 1.04052775e+15 1211 
0.02349191068 2.261139451e+16 8.458446941e+14 1332 
0.02500751782 1.81464405e+16 6.597167465e+14 1389 
0.02652312496 1.593562623e+16 5.815858824e+14 1475 
0.0280387321 1.312936193e+16 5.139325808e+14 1526 
0.02955433924 1.100692713e+16 3.978361622e+14 1611 
0.03106994638 9.35271548e+15 3.153187496e+14 1844 
0.03258555352 7.500387994e+15 2.605659647e+14 1857 
0.03410116066 6.172915403e+15 2.292248941e+14 1840 
0.0356167678 4.70577527e+15 1.684268881e+14 1923 
0.03713237494 3.908598578e+15 1.403095814e+14 2109 
0.03864798208 2.850536421e+15 1.050189804e+14 2106 
0.04016358922 2.334794547e+15 8.549055531e+13 2314 
0.04167919636 1.748040346e+15 6.407438424e+13 2372 
0.0431948035 1.313087131e+15 5.219477438e+13 2372 
0.04471041064 9.739336506e+14 3.987915035e+13 2549 
0.04622601778 7.556953456e+14 3.076074915e+13 2663 
0.04774162492 5.244843919e+14 2.233129388e+13 2680 
0.04925723206 3.782505419e+14 1.664586524e+13 2716 
0.0507728392 2.977861718e+14 1.19965073e+13 2868 
0.05228844634 2.086359221e+14 7.431925104e+12 2876 
0.05380405348 2.024078864e+14 6.615856548e+12 2985 
0.05531966062 1.850488592e+14 5.249213789e+12 3085 
0.05683526776 2.015803881e+14 4.984512691e+12 3224 
0.05835087491 2.042331242e+14 4.8338527e+12 3253 
0.05986648205 2.228091935e+14 4.770517022e+12 3515 
0.06138208919 2.290915992e+14 4.877069885e+12 3347 
0.06289769633 2.258577229e+14 4.717676234e+12 3322 
0.06441330347 2.39834036e+14 4.897653204e+12 3436 
0.06592891061 2.531624331e+14 5.051994314e+12 3553 
0.06744451775 2.419494924e+14 4.75553324e+12 3532 
0.06896012489 2.41805007e+14 4.679656736e+12 3638 
0.07047573203 2.346707563e+14 4.507423648e+12 3731 
0.07199133917 2.192624622e+14 4.213766543e+12 3774 
0.07350694631 2.023947732e+14 3.912170311e+12 3815 
0.07502255345 1.896033042e+14 3.637729889e+12 3983 
0.07653816059 1.629931417e+14 3.212780003e+12 3956 
0.07805376773 1.43746008e+14 2.919331023e+12 3879 
0.07956937487 1.207251129e+14 2.53627386e+12 3850 
0.08108498201 1.071342572e+14 2.271131862e+12 4019 
0.08260058915 8.920894538e+13 1.991433266e+12 3986 
0.08411619629 7.287206925e+13 1.690623881e+12 4006 
0.08563180343 5.813401412e+13 1.39875896e+12 3977 
0.08714741057 4.890334645e+13 1.204953737e+12 4153 
0.08866301771 3.765188083e+13 9.752315108e+11 3869 
0.09017862485 3.062621058e+13 7.919908949e+11 3962 
0.09169423199 2.618876438e+13 6.819105702e+11 3952 
0.09320983913 2.179332571e+13 5.561488959e+11 3892 
0.09472544627 2.057250369e+13 5.007162387e+11 3936 
0.09624105341 1.913211005e+13 4.405881015e+11 3857 
0.09775666056 1.948485558e+13 4.440685149e+11 3790 
0.0992722677 2.003689273e+13 4.378082896e+11 3808 
0.1007878748 2.142454201e+13 4.565260518e+11 3816 
0.102303482 2.261054029e+13 4.678896923e+11 3815 
0.1038190891 2.324741851e+13 4.727597978e+11 3762 
0.1053346963 2.363754658e+13 4.799787475e+11 3564 
0.1068503034 2.449393796e+13 4.87766727e+11 3600 
0.1083659105 2.492911381e+13 4.89050509e+11 3574 
0.1098815177 2.448790295e+13 4.774539927e+11 3513 
0.1113971248 2.31786375e+13 4.633355785e+11 3340 
0.112912732 2.326789439e+13 4.555689088e+11 3418 
0.1144283391 2.160663827e+13 4.318801198e+11 3324 
0.1159439462 2.032553117e+13 4.09301225e+11 3301 
0.1174595534 1.794577832e+13 3.762212164e+11 3139 
0.1189751605 1.754271506e+13 3.624808244e+11 3272 
0.1204907677 1.475127676e+13 3.21067625e+11 3094 
0.1220063748 1.280706514e+13 2.870049251e+11 3053 
0.1235219819 1.101395699e+13 2.623722078e+11 2829 
0.1250375891 9.539039444e+12 2.29382088e+11 2943 
0.1265531962 8.276310887e+12 2.050181191e+11 2854 
0.1280688034 6.801154975e+12 1.793852245e+11 2718 
0.1295844105 5.664606952e+12 1.526656514e+11 2702 
0.1311000176 4.788725822e+12 1.333841475e+11 2591 
0.1326156248 4.139078589e+12 1.164544158e+11 2533 
0.1341312319 3.50902317e+12 1.012625007e+11 2428 
0.1356468391 3.175284026e+12 9.249402043e+10 2387 
0.1371624462 2.972592505e+12 8.553441359e+10 2268 
0.1386780533 2.722771852e+12 7.805826479e+10 2240 
0.1401936605 2.799686693e+12 7.96020176e+10 2157 
0.1417092676 2.876224344e+12 8.003831201e+10 2173 
0.1432248748 2.787853347e+12 7.687302621e+10 2106 
0.1447404819 2.775641928e+12 7.86824684e+10 1942 
0.146256089 2.902240485e+12 8.123627985e+10 1948 
0.1477716962 2.883944836e+12 8.016021091e+10 1861 
0.1492873033 2.965574438e+12 8.13984268e+10 1851 
0.1508029105 2.909712779e+12 7.930465142e+10 1825 
