# Format: McCode with text headers
# URL: http://www.mccode.org
# Creator:  3.8.5, git
# Instrument: eqsans_cylinder.instr
# Ncount: 5000000
# Trace: no
# Gravitation: no
# Seed: 1790194151629655
# Directory: /Users/georgeyumnam/WORK/PANRAID/PaNRAID-results/Group2/panraidproject/dataset_cylinder/cyl_000804
# Param: gx=0
# Param: gy=0
# Param: sample_on=1
# Param: bs_radius=0
# Param: samp_ap=0.01
# Param: sld=4.63459
# Param: sld_solvent=1
# Param: radius=21.6756
# Param: length=364.913
# Param: pd_radius=0.098655
# Param: pd_length=0.275872
# Param: model_scale=1
# Param: model_abs=0
# Date: Wed Sep 23 22:09:30 2026 (1790194170)
# type: array_1d(100)
# Source: EQ_SANS_cylinder (eqsans_cylinder.instr)
# component: qmon
# position: 0 0 22.281
# title: QMonitor - Distribution in q (Radially averaged)
# Ncount: 5000000
# filename: qdet.dat
# statistics: X0=0.024714; dX=0.0236799;
# signal: Min=6.41712e+10; Max=1.16394e+14; Mean=1.99988e+13;
# values: 1.99988e+15 3.27698e+13 255635
# xvar: q
# yvar: (I,I_err)
# xlabel: q [1 / AA]
# ylabel: I(q)
# xlimits: 0 0.151561
# variables: q I I_err N
0.0007578035702 9.810277025e+13 2.361262618e+13 30 
0.002273410711 1.010885398e+14 1.272187438e+13 116 
0.003789017851 1.163937298e+14 9.936898734e+12 224 
0.005304624991 1.058833608e+14 8.052747653e+12 286 
0.006820232132 1.017861113e+14 6.938845522e+12 378 
0.008335839272 9.531191339e+13 6.041305376e+12 456 
0.009851446413 8.412966764e+13 4.857156581e+12 519 
0.01136705355 7.840393347e+13 4.177319489e+12 584 
0.01288266069 8.620933233e+13 4.457593767e+12 715 
0.01439826783 6.669150831e+13 3.206351064e+12 751 
0.01591387497 6.274108012e+13 2.711112373e+12 862 
0.01742948211 6.203692152e+13 2.583873798e+12 987 
0.01894508925 5.812865714e+13 2.511098104e+12 1050 
0.0204606964 5.325690998e+13 2.11395326e+12 1110 
0.02197630354 4.578118419e+13 1.75274406e+12 1185 
0.02349191068 4.168310881e+13 1.534325788e+12 1230 
0.02500751782 4.038987304e+13 1.45043249e+12 1324 
0.02652312496 3.881011771e+13 1.321831851e+12 1444 
0.0280387321 3.504345028e+13 1.155470897e+12 1493 
0.02955433924 3.248389312e+13 1.079488781e+12 1517 
0.03106994638 3.278014552e+13 1.032973599e+12 1691 
0.03258555352 3.002095803e+13 9.261975249e+11 1758 
0.03410116066 2.782649347e+13 8.305982331e+11 1808 
0.0356167678 2.72273764e+13 7.992387221e+11 1919 
0.03713237494 2.618253582e+13 7.259488448e+11 2088 
0.03864798208 2.544047047e+13 7.037147775e+11 2126 
0.04016358922 2.312852575e+13 6.146146892e+11 2217 
0.04167919636 2.178910893e+13 5.769525376e+11 2306 
0.0431948035 2.130745208e+13 5.463212122e+11 2386 
0.04471041064 1.918045796e+13 4.911662661e+11 2343 
0.04622601778 1.837642455e+13 4.654794689e+11 2450 
0.04774162492 1.787189448e+13 4.410170756e+11 2560 
0.04925723206 1.754078319e+13 4.349674732e+11 2658 
0.0507728392 1.643442633e+13 3.909540289e+11 2788 
0.05228844634 1.633682066e+13 3.801505855e+11 2902 
0.05380405348 1.520314932e+13 3.508448887e+11 2991 
0.05531966062 1.353669776e+13 3.113556048e+11 2945 
0.05683526776 1.363243214e+13 3.104539049e+11 3081 
0.05835087491 1.259046863e+13 2.758095137e+11 3178 
0.05986648205 1.240420719e+13 2.69228413e+11 3303 
0.06138208919 1.149777698e+13 2.458608814e+11 3286 
0.06289769633 1.090138643e+13 2.329790204e+11 3394 
0.06441330347 1.049399802e+13 2.209834286e+11 3422 
0.06592891061 1.008358909e+13 2.078394247e+11 3490 
0.06744451775 9.119191998e+12 1.899065147e+11 3492 
0.06896012489 9.088748659e+12 1.845606164e+11 3603 
0.07047573203 7.973623135e+12 1.623303632e+11 3532 
0.07199133917 8.0759589e+12 1.605615337e+11 3745 
0.07350694631 7.580880896e+12 1.503723346e+11 3760 
0.07502255345 7.145261772e+12 1.396931332e+11 3828 
0.07653816059 6.602922963e+12 1.300822529e+11 3730 
0.07805376773 6.174605684e+12 1.218221228e+11 3757 
0.07956937487 5.598222951e+12 1.116742026e+11 3622 
0.08108498201 5.741583265e+12 1.099467682e+11 3940 
0.08260058915 5.269065017e+12 1.019905571e+11 3839 
0.08411619629 5.038276187e+12 9.703982941e+10 3892 
0.08563180343 4.769624499e+12 9.102070814e+10 3933 
0.08714741057 4.356837254e+12 8.325294545e+10 3900 
0.08866301771 4.103511002e+12 7.802126139e+10 3899 
0.09017862485 3.880855834e+12 7.364954032e+10 3965 
0.09169423199 3.656861893e+12 6.849287235e+10 3955 
0.09320983913 3.338554665e+12 6.27361934e+10 3901 
0.09472544627 3.11651716e+12 5.885454482e+10 3878 
0.09624105341 2.849340242e+12 5.464608211e+10 3763 
0.09775666056 2.641596611e+12 5.099981775e+10 3721 
0.0992722677 2.479519674e+12 4.74250195e+10 3754 
0.1007878748 2.242132196e+12 4.341687651e+10 3629 
0.102303482 2.166857417e+12 4.101645175e+10 3750 
0.1038190891 1.952017782e+12 3.788050683e+10 3578 
0.1053346963 1.825488606e+12 3.526361135e+10 3599 
0.1068503034 1.635167788e+12 3.210064276e+10 3486 
0.1083659105 1.531916353e+12 3.002394777e+10 3522 
0.1098815177 1.360704903e+12 2.730518625e+10 3332 
0.1113971248 1.313591996e+12 2.614171739e+10 3379 
0.112912732 1.157341202e+12 2.343995763e+10 3268 
0.1144283391 1.083492125e+12 2.160233067e+10 3320 
0.1159439462 1.002244318e+12 2.028368505e+10 3280 
0.1174595534 8.949894176e+11 1.851057388e+10 3150 
0.1189751605 8.061165914e+11 1.690101935e+10 3036 
0.1204907677 7.390502161e+11 1.553969586e+10 3007 
0.1220063748 6.277927684e+11 1.378665017e+10 2818 
0.1235219819 5.979910979e+11 1.294904124e+10 2895 
0.1250375891 5.262444184e+11 1.158576422e+10 2771 
0.1265531962 4.805663057e+11 1.071511831e+10 2768 
0.1280688034 4.28115676e+11 9703351867 2667 
0.1295844105 3.843254553e+11 8935109587 2583 
0.1311000176 3.389304386e+11 7934996291 2512 
0.1326156248 2.950073259e+11 7231456802 2356 
0.1341312319 2.686328333e+11 6625744205 2368 
0.1356468391 2.319455775e+11 5806372458 2308 
0.1371624462 2.07956484e+11 5300343818 2221 
0.1386780533 1.787230369e+11 4680460834 2135 
0.1401936605 1.667163508e+11 4427592783 2098 
0.1417092676 1.430409581e+11 3911995215 2034 
0.1432248748 1.254895431e+11 3468695320 2020 
0.1447404819 1.090313157e+11 3147112805 1940 
0.146256089 9.723986329e+10 2928608020 1796 
0.1477716962 8.034686845e+10 2441821724 1794 
0.1492873033 7.320467656e+10 2277326481 1737 
0.1508029105 6.417115056e+10 2036482396 1718 
