# Format: McCode with text headers
# URL: http://www.mccode.org
# Creator:  3.8.5, git
# Instrument: eqsans_cylinder.instr
# Ncount: 5000000
# Trace: no
# Gravitation: no
# Seed: 1790196108644515
# Directory: /Users/georgeyumnam/WORK/PANRAID/PaNRAID-results/Group2/panraidproject/dataset_cylinder/cyl_001895
# Param: gx=0
# Param: gy=0
# Param: sample_on=1
# Param: bs_radius=0
# Param: samp_ap=0.01
# Param: sld=5.50129
# Param: sld_solvent=1
# Param: radius=61.6954
# Param: length=554.491
# Param: pd_radius=0.141772
# Param: pd_length=0.122336
# Param: model_scale=1
# Param: model_abs=0
# Date: Wed Sep 23 22:42:06 2026 (1790196126)
# type: array_1d(100)
# Source: EQ_SANS_cylinder (eqsans_cylinder.instr)
# component: qmon
# position: 0 0 22.281
# title: QMonitor - Distribution in q (Radially averaged)
# Ncount: 5000000
# filename: qdet.dat
# statistics: X0=0.0116698; dX=0.0104785;
# signal: Min=6.77044e+11; Max=2.57552e+16; Mean=2.43084e+15;
# values: 2.43084e+17 6.27272e+15 259534
# xvar: q
# yvar: (I,I_err)
# xlabel: q [1 / AA]
# ylabel: I(q)
# xlimits: 0 0.151561
# variables: q I I_err N
0.0007578035702 2.088895758e+16 3.966118643e+15 39 
0.002273410711 2.575515794e+16 3.223471005e+15 133 
0.003789017851 2.04869391e+16 2.102856834e+15 190 
0.005304624991 1.846566067e+16 1.636443173e+15 277 
0.006820232132 1.829960371e+16 1.296893198e+15 354 
0.008335839272 1.930626108e+16 1.220172632e+15 483 
0.009851446413 1.733410776e+16 1.018000418e+15 602 
0.01136705355 1.368226341e+16 7.921320484e+14 630 
0.01288266069 1.199808019e+16 6.854755374e+14 703 
0.01439826783 1.02518988e+16 5.444615427e+14 791 
0.01591387497 8.805845982e+15 4.407937666e+14 859 
0.01742948211 7.614284964e+15 3.706139639e+14 956 
0.01894508925 6.953632178e+15 3.463809914e+14 1032 
0.0204606964 6.23546445e+15 2.848491253e+14 1113 
0.02197630354 5.381716955e+15 2.371477527e+14 1174 
0.02349191068 4.515729253e+15 1.894245792e+14 1273 
0.02500751782 4.005182118e+15 1.505672069e+14 1384 
0.02652312496 3.539364588e+15 1.371740279e+14 1495 
0.0280387321 2.980988698e+15 1.045276311e+14 1561 
0.02955433924 2.453476054e+15 9.019484016e+13 1595 
0.03106994638 2.276008344e+15 8.108054236e+13 1694 
0.03258555352 1.874990138e+15 6.460708786e+13 1754 
0.03410116066 1.644721292e+15 5.36357761e+13 1941 
0.0356167678 1.353193799e+15 4.25443949e+13 1988 
0.03713237494 1.16800394e+15 3.774238963e+13 2134 
0.03864798208 9.163796401e+14 2.814406384e+13 2149 
0.04016358922 8.084127995e+14 2.593549699e+13 2191 
0.04167919636 6.776308415e+14 2.147568355e+13 2320 
0.0431948035 5.371127024e+14 1.684039136e+13 2353 
0.04471041064 4.43120104e+14 1.353857948e+13 2468 
0.04622601778 3.407750515e+14 1.034194335e+13 2503 
0.04774162492 3.068802822e+14 9.141679586e+12 2726 
0.04925723206 2.224987797e+14 6.838527179e+12 2630 
0.0507728392 1.895107714e+14 5.96427841e+12 2818 
0.05228844634 1.457947117e+14 4.488568095e+12 2899 
0.05380405348 1.188522879e+14 3.897169431e+12 2934 
0.05531966062 9.933874047e+13 2.983519572e+12 3156 
0.05683526776 8.182437342e+13 2.514926323e+12 3134 
0.05835087491 6.512506294e+13 1.940593035e+12 3242 
0.05986648205 5.749525422e+13 1.631250676e+12 3394 
0.06138208919 4.944115291e+13 1.371188797e+12 3373 
0.06289769633 4.39178754e+13 1.176713611e+12 3418 
0.06441330347 4.036159547e+13 1.094427507e+12 3524 
0.06592891061 3.701290033e+13 9.819011846e+11 3519 
0.06744451775 3.791912303e+13 9.390254907e+11 3700 
0.06896012489 3.550623609e+13 8.647808539e+11 3691 
0.07047573203 3.273599385e+13 8.109710852e+11 3576 
0.07199133917 3.486009301e+13 8.054152226e+11 3842 
0.07350694631 3.240024333e+13 7.57481011e+11 3719 
0.07502255345 3.31250123e+13 7.388400349e+11 3930 
0.07653816059 3.052334556e+13 6.792428714e+11 3737 
0.07805376773 2.951006757e+13 6.368504479e+11 3829 
0.07956937487 2.815318828e+13 6.164702158e+11 3840 
0.08108498201 2.688989426e+13 5.621952135e+11 3877 
0.08260058915 2.553747056e+13 5.376595039e+11 3912 
0.08411619629 2.462545007e+13 5.090428426e+11 4014 
0.08563180343 2.249293789e+13 4.690044461e+11 3901 
0.08714741057 2.145806774e+13 4.369337738e+11 4052 
0.08866301771 2.050959049e+13 4.211671425e+11 4074 
0.09017862485 1.750774962e+13 3.611340747e+11 3948 
0.09169423199 1.653097737e+13 3.390983901e+11 4036 
0.09320983913 1.45679038e+13 3.034434385e+11 3928 
0.09472544627 1.345981179e+13 2.758336393e+11 3995 
0.09624105341 1.149384319e+13 2.423954486e+11 3755 
0.09775666056 1.073054024e+13 2.273414147e+11 3862 
0.0992722677 9.294907491e+12 2.006856401e+11 3713 
0.1007878748 8.410639375e+12 1.858874591e+11 3666 
0.102303482 7.415688318e+12 1.626383156e+11 3626 
0.1038190891 7.187205431e+12 1.572036542e+11 3698 
0.1053346963 6.169910679e+12 1.377868797e+11 3587 
0.1068503034 5.916597407e+12 1.33359088e+11 3481 
0.1083659105 5.213848245e+12 1.184042482e+11 3513 
0.1098815177 4.804872647e+12 1.100677148e+11 3404 
0.1113971248 4.44034676e+12 1.019109106e+11 3306 
0.112912732 4.01293471e+12 9.374953374e+10 3255 
0.1144283391 3.832594947e+12 8.8375445e+10 3361 
0.1159439462 3.669667988e+12 8.630975056e+10 3265 
0.1174595534 3.286161146e+12 7.938568761e+10 3077 
0.1189751605 3.046019834e+12 7.35707027e+10 3050 
0.1204907677 2.968664856e+12 7.168866473e+10 3018 
0.1220063748 2.804220393e+12 6.849450352e+10 2965 
0.1235219819 2.452891964e+12 6.075097742e+10 2787 
0.1250375891 2.431200033e+12 6.009952092e+10 2807 
0.1265531962 2.259901731e+12 5.686505611e+10 2682 
0.1280688034 2.176008318e+12 5.472968852e+10 2696 
0.1295844105 2.054043558e+12 5.078866115e+10 2745 
0.1311000176 1.933768631e+12 4.821331904e+10 2634 
0.1326156248 1.815574029e+12 4.613201404e+10 2529 
0.1341312319 1.557802824e+12 4.132478013e+10 2348 
0.1356468391 1.482882139e+12 3.955297974e+10 2288 
0.1371624462 1.378224482e+12 3.68318227e+10 2229 
0.1386780533 1.260427808e+12 3.442877477e+10 2202 
0.1401936605 1.187428434e+12 3.267070874e+10 2130 
0.1417092676 1.062879934e+12 2.968599351e+10 2047 
0.1432248748 1.047962849e+12 2.880277054e+10 2081 
0.1447404819 9.420853378e+11 2.681203909e+10 1985 
0.146256089 8.365120884e+11 2.442332883e+10 1888 
0.1477716962 7.686923084e+11 2.260833757e+10 1802 
0.1492873033 7.042226638e+11 2.118192757e+10 1803 
0.1508029105 6.77043983e+11 2.039559041e+10 1742 
