# Format: McCode with text headers
# URL: http://www.mccode.org
# Creator:  3.8.5, git
# Instrument: eqsans_cylinder.instr
# Ncount: 5000000
# Trace: no
# Gravitation: no
# Seed: 1790196248429944
# Directory: /Users/georgeyumnam/WORK/PANRAID/PaNRAID-results/Group2/panraidproject/dataset_cylinder/cyl_001971
# Param: gx=0
# Param: gy=0
# Param: sample_on=1
# Param: bs_radius=0
# Param: samp_ap=0.01
# Param: sld=0.7709
# Param: sld_solvent=1
# Param: radius=62.2134
# Param: length=727.178
# Param: pd_radius=0.239922
# Param: pd_length=0.290355
# Param: model_scale=1
# Param: model_abs=0
# Date: Wed Sep 23 22:44:26 2026 (1790196266)
# type: array_1d(120)
# Source: EQ_SANS_cylinder (eqsans_cylinder.instr)
# component: lambda_det
# position: 0 0 22.28
# title: Wavelength monitor
# Ncount: 5000000
# filename: lambda_det.dat
# statistics: X0=4.3521; dX=1.03191;
# signal: Min=0; Max=1.67358e+09; Mean=3.56632e+08;
# values: 4.27958e+10 5.83898e+08 288891
# xvar: L
# yvar: (I,I_err)
# xlabel: Wavelength [AA]
# ylabel: Intensity
# xlimits: 0 12
# variables: L I I_err N
0.05 0 0 0 
0.15 0 0 0 
0.25 0 0 0 
0.35 0 0 0 
0.45 0 0 0 
0.55 0 0 0 
0.65 0 0 0 
0.75 0 0 0 
0.85 0 0 0 
0.95 0 0 0 
1.05 0 0 0 
1.15 0 0 0 
1.25 0 0 0 
1.35 0 0 0 
1.45 0 0 0 
1.55 0 0 0 
1.65 0 0 0 
1.75 0 0 0 
1.85 0 0 0 
1.95 0 0 0 
2.05 0 0 0 
2.15 0 0 0 
2.25 8118855.019 4037048.287 150 
2.35 20749084.33 9931483.747 300 
2.45 48213754.34 20626192.17 500 
2.55 75912242.22 30578049.2 1350 
2.65 228243338.1 52374691.27 3250 
2.75 466544588.8 44093726.63 7450 
2.85 1112530456 88404522.87 14100 
2.95 1469353056 99173213.09 18897 
3.05 1673578293 135130492.5 18400 
3.15 1584076369 123392936.1 16700 
3.25 1449846014 96670664.47 15800 
3.35 1642750027 127298886 14300 
3.45 1448717753 133479940.6 12899 
3.55 1490670978 132067156.4 11949 
3.65 1397796658 110225619 11400 
3.75 1456693756 99460249.48 10999 
3.85 1340177097 103627434.6 10450 
3.95 1318517979 98767512.5 9649 
4.05 1196285242 92594857.49 8450 
4.15 1360675819 109697032.8 8500 
4.25 1320525154 101921512.6 7950 
4.35 1454259290 116150279.1 8650 
4.45 1066726001 103683466.3 6200 
4.55 1367490298 91585967.76 6850 
4.65 1016739233 74000846.31 5800 
4.75 1155606903 83993963.13 5749 
4.85 1253211827 113209454.8 5400 
4.95 829771652.7 67611663.86 4000 
5.05 881436087.8 97577312.1 3599 
5.15 1221788579 85484760.19 4950 
5.25 1034097055 95671477.36 3850 
5.35 1195196581 91337964.98 4100 
5.45 887216384.3 93082969.38 3000 
5.55 816883727 70701924.29 3250 
5.65 949293139.1 80323633.41 2800 
5.75 789695767.8 70139722.81 2850 
5.85 752822198.9 59977286.17 2550 
5.95 644121907.6 57870193.46 2100 
6.05 734859836.8 63693794.65 2300 
6.15 576620581.7 58933166.33 1700 
6.25 814644163.9 77791653.26 2300 
6.35 584414850.5 57982169.24 1500 
6.45 428249098.2 49035495.87 1350 
6.55 209849825.6 33569343.55 500 
6.65 20821886.9 5213041.779 100 
6.75 0 0 0 
6.85 0 0 0 
6.95 0 0 0 
7.05 0 0 0 
7.15 0 0 0 
7.25 0 0 0 
7.35 0 0 0 
7.45 0 0 0 
7.55 0 0 0 
7.65 0 0 0 
7.75 0 0 0 
7.85 0 0 0 
7.95 0 0 0 
8.05 0 0 0 
8.15 0 0 0 
8.25 0 0 0 
8.35 0 0 0 
8.45 0 0 0 
8.55 0 0 0 
8.65 0 0 0 
8.75 0 0 0 
8.85 0 0 0 
8.95 0 0 0 
9.05 0 0 0 
9.15 0 0 0 
9.25 0 0 0 
9.35 0 0 0 
9.45 0 0 0 
9.55 0 0 0 
9.65 0 0 0 
9.75 0 0 0 
9.85 0 0 0 
9.95 0 0 0 
10.05 0 0 0 
10.15 0 0 0 
10.25 0 0 0 
10.35 0 0 0 
10.45 0 0 0 
10.55 0 0 0 
10.65 0 0 0 
10.75 0 0 0 
10.85 0 0 0 
10.95 0 0 0 
11.05 0 0 0 
11.15 0 0 0 
11.25 0 0 0 
11.35 0 0 0 
11.45 0 0 0 
11.55 0 0 0 
11.65 0 0 0 
11.75 0 0 0 
11.85 0 0 0 
11.95 0 0 0 
