# Format: McCode with text headers
# URL: http://www.mccode.org
# Creator:  3.8.5, git
# Instrument: eqsans_1_fixed.instr
# Ncount: 1000000
# Trace: no
# Gravitation: no
# Seed: 1790169878335184
# Directory: /Users/georgeyumnam/WORK/PANRAID/PaNRAID-results/Group2/panraidproject/scan_guide_xy/x+05_y+17
# Param: gx=0.005
# Param: gy=0.017
# Date: Wed Sep 23 15:24:42 2026 (1790169882)
# type: array_1d(120)
# Source: EQ_SANS (eqsans_1_fixed.instr)
# component: lambda_det
# position: 0 0 22.28
# title: Wavelength monitor
# Ncount: 1000000
# filename: lambda_det.dat
# statistics: X0=4.09856; dX=0.993544;
# signal: Min=0; Max=2.26282e+06; Mean=361572;
# values: 4.33886e+07 502854 14943
# xvar: L
# yvar: (I,I_err)
# xlabel: Wavelength [AA]
# ylabel: Intensity
# xlimits: 0 12
# variables: L I I_err N
0.05 0 0 0 
0.15 0 0 0 
0.25 0 0 0 
0.35 0 0 0 
0.45 0 0 0 
0.55 0 0 0 
0.65 0 0 0 
0.75 0 0 0 
0.85 0 0 0 
0.95 0 0 0 
1.05 0 0 0 
1.15 0 0 0 
1.25 0 0 0 
1.35 0 0 0 
1.45 0 0 0 
1.55 0 0 0 
1.65 0 0 0 
1.75 0 0 0 
1.85 0 0 0 
1.95 0 0 0 
2.05 0 0 0 
2.15 6433.362209 6433.362209 1 
2.25 3888.226873 4489.737664 3 
2.35 22839.0127 10601.29821 8 
2.45 36250.90975 14122.69687 20 
2.55 120811.2606 26892.38249 45 
2.65 225796.0046 35301.41823 100 
2.75 750752.3464 68607.4871 292 
2.85 1730988.453 102507.5596 668 
2.95 2099112.158 110715.265 858 
3.05 2262822.157 119196.8044 777 
3.15 2154495.729 115247.8105 705 
3.25 2030363.904 110553.6615 753 
3.35 1983992.656 109095.1948 711 
3.45 1611630.074 97640.19238 600 
3.55 1907677.509 107772.035 620 
3.65 1710710.593 99314.94184 586 
3.75 1729327.592 101158.291 590 
3.85 1731792.398 102164.2073 524 
3.95 1380439.3 86370.16771 476 
4.05 1324753.295 84222.41076 446 
4.15 1378719.566 87786.77255 431 
4.25 1282847.328 84823.74725 429 
4.35 1112297.941 78556.88209 380 
4.45 1092197.236 77557.54624 376 
4.55 1093443.595 78624.48376 364 
4.65 1057194.27 76409.89649 353 
4.75 913532.5802 69999.57543 332 
4.85 799928.6099 66013.15556 308 
4.95 826302.1306 66528.49756 297 
5.05 827978.4885 69865.66226 258 
5.15 881390.1459 72007.10164 279 
5.25 812028.0575 69067.02687 272 
5.35 740223.3052 64324.25421 262 
5.45 578768.7283 55587.38358 222 
5.55 582229.4071 57802.79566 190 
5.65 658919.8627 62889.28856 194 
5.75 563914.4086 58312.2435 181 
5.85 410990.2798 45865.05501 160 
5.95 473725.7796 51176.45935 160 
6.05 561714.8855 59270.22824 149 
6.15 498570.6849 55072.65016 146 
6.25 521294.3827 56351.97387 147 
6.35 337032.5197 45771.31752 109 
6.45 290723.5294 41381.71045 92 
6.55 202296.0383 36359.61814 53 
6.65 65439.53976 20835.66119 16 
6.75 0 0 0 
6.85 0 0 0 
6.95 0 0 0 
7.05 0 0 0 
7.15 0 0 0 
7.25 0 0 0 
7.35 0 0 0 
7.45 0 0 0 
7.55 0 0 0 
7.65 0 0 0 
7.75 0 0 0 
7.85 0 0 0 
7.95 0 0 0 
8.05 0 0 0 
8.15 0 0 0 
8.25 0 0 0 
8.35 0 0 0 
8.45 0 0 0 
8.55 0 0 0 
8.65 0 0 0 
8.75 0 0 0 
8.85 0 0 0 
8.95 0 0 0 
9.05 0 0 0 
9.15 0 0 0 
9.25 0 0 0 
9.35 0 0 0 
9.45 0 0 0 
9.55 0 0 0 
9.65 0 0 0 
9.75 0 0 0 
9.85 0 0 0 
9.95 0 0 0 
10.05 0 0 0 
10.15 0 0 0 
10.25 0 0 0 
10.35 0 0 0 
10.45 0 0 0 
10.55 0 0 0 
10.65 0 0 0 
10.75 0 0 0 
10.85 0 0 0 
10.95 0 0 0 
11.05 0 0 0 
11.15 0 0 0 
11.25 0 0 0 
11.35 0 0 0 
11.45 0 0 0 
11.55 0 0 0 
11.65 0 0 0 
11.75 0 0 0 
11.85 0 0 0 
11.95 0 0 0 
