# Format: McCode with text headers
# URL: http://www.mccode.org
# Creator:  3.8.5, git
# Instrument: eqsans_cylinder.instr
# Ncount: 5000000
# Trace: no
# Gravitation: no
# Seed: 1790195765329037
# Directory: /Users/georgeyumnam/WORK/PANRAID/PaNRAID-results/Group2/panraidproject/dataset_cylinder/cyl_001702
# Param: gx=0
# Param: gy=0
# Param: sample_on=1
# Param: bs_radius=0
# Param: samp_ap=0.01
# Param: sld=1.52273
# Param: sld_solvent=1
# Param: radius=176.915
# Param: length=529.796
# Param: pd_radius=0.166807
# Param: pd_length=0.048353
# Param: model_scale=1
# Param: model_abs=0
# Date: Wed Sep 23 22:36:23 2026 (1790195783)
# type: array_1d(100)
# Source: EQ_SANS_cylinder (eqsans_cylinder.instr)
# component: qmon
# position: 0 0 22.281
# title: QMonitor - Distribution in q (Radially averaged)
# Ncount: 5000000
# filename: qdet.dat
# statistics: X0=0.00698091; dX=0.00571992;
# signal: Min=3.05711e+10; Max=1.394e+16; Mean=9.82536e+14;
# values: 9.82536e+16 3.98616e+15 258087
# xvar: q
# yvar: (I,I_err)
# xlabel: q [1 / AA]
# ylabel: I(q)
# xlimits: 0 0.151561
# variables: q I I_err N
0.0007578035702 1.279704285e+16 2.552139855e+15 43 
0.002273410711 1.334876722e+16 1.935478858e+15 103 
0.003789017851 1.393997354e+16 1.522846777e+15 205 
0.005304624991 1.177889448e+16 1.12400462e+15 276 
0.006820232132 9.820719076e+15 8.055744269e+14 377 
0.008335839272 8.958686446e+15 7.787268638e+14 432 
0.009851446413 6.457505463e+15 5.369119114e+14 522 
0.01136705355 5.61486614e+15 4.9559883e+14 629 
0.01288266069 4.192696331e+15 4.122846644e+14 644 
0.01439826783 3.566289563e+15 2.773026286e+14 817 
0.01591387497 2.417471075e+15 2.181325321e+14 874 
0.01742948211 1.847644851e+15 1.962704302e+14 977 
0.01894508925 9.679192209e+14 8.983698687e+13 1041 
0.0204606964 7.149678927e+14 8.903734504e+13 1071 
0.02197630354 4.557444242e+14 4.13934383e+13 1208 
0.02349191068 3.290006382e+14 3.867573735e+13 1350 
0.02500751782 2.361565148e+14 2.264296451e+13 1339 
0.02652312496 1.490607803e+14 1.375490033e+13 1417 
0.0280387321 1.275154693e+14 1.731187586e+13 1480 
0.02955433924 9.215246302e+13 7.121396999e+12 1666 
0.03106994638 7.091134427e+13 3.543387754e+12 1723 
0.03258555352 5.426970455e+13 2.287273782e+12 1807 
0.03410116066 4.353012515e+13 1.55369804e+12 1897 
0.0356167678 3.707639592e+13 1.389482613e+12 1927 
0.03713237494 3.009545388e+13 1.074422325e+12 2017 
0.03864798208 2.734027077e+13 1.001095751e+12 2164 
0.04016358922 2.082924154e+13 6.593299966e+11 2229 
0.04167919636 1.699604442e+13 5.595247351e+11 2189 
0.0431948035 1.623597352e+13 5.149013034e+11 2438 
0.04471041064 1.295044257e+13 3.958475048e+11 2440 
0.04622601778 1.144530547e+13 3.407359213e+11 2577 
0.04774162492 1.019897272e+13 2.94481432e+11 2583 
0.04925723206 8.763467732e+12 2.366911488e+11 2798 
0.0507728392 7.288632724e+12 2.025129448e+11 2752 
0.05228844634 7.09631603e+12 1.882168896e+11 2896 
0.05380405348 6.062710661e+12 1.593383459e+11 2903 
0.05531966062 5.46337891e+12 1.385191147e+11 3069 
0.05683526776 4.894502693e+12 1.207880176e+11 3185 
0.05835087491 4.574036055e+12 1.121146962e+11 3277 
0.05986648205 4.078672737e+12 9.82089707e+10 3391 
0.06138208919 3.445856673e+12 8.356177929e+10 3306 
0.06289769633 3.14458027e+12 7.554619329e+10 3349 
0.06441330347 2.755645409e+12 6.536655497e+10 3383 
0.06592891061 2.479752058e+12 5.761725654e+10 3450 
0.06744451775 2.342500802e+12 5.355637256e+10 3518 
0.06896012489 2.202460993e+12 4.976893945e+10 3620 
0.07047573203 1.944580638e+12 4.338252835e+10 3716 
0.07199133917 1.726542589e+12 3.863315442e+10 3675 
0.07350694631 1.613946832e+12 3.574437793e+10 3678 
0.07502255345 1.452909502e+12 3.193038986e+10 3723 
0.07653816059 1.391560766e+12 2.97207253e+10 3896 
0.07805376773 1.273787931e+12 2.758250372e+10 3878 
0.07956937487 1.153586973e+12 2.499760839e+10 3805 
0.08108498201 1.026515062e+12 2.188886353e+10 3849 
0.08260058915 9.714278757e+11 2.060498699e+10 3918 
0.08411619629 8.874052731e+11 1.863645615e+10 3944 
0.08563180343 8.184870674e+11 1.696182415e+10 3971 
0.08714741057 7.590920894e+11 1.58145358e+10 3969 
0.08866301771 6.868271731e+11 1.439929888e+10 3856 
0.09017862485 6.576504421e+11 1.382547727e+10 3970 
0.09169423199 6.032241454e+11 1.248154446e+10 3982 
0.09320983913 5.221041841e+11 1.107023362e+10 3758 
0.09472544627 5.023646665e+11 1.063398332e+10 3813 
0.09624105341 4.70802204e+11 9876456395 3834 
0.09775666056 4.24319596e+11 9021613313 3715 
0.0992722677 4.115823922e+11 8578190903 3797 
0.1007878748 3.756357114e+11 7862546226 3773 
0.102303482 3.505305741e+11 7307182041 3720 
0.1038190891 3.32560193e+11 6904999532 3702 
0.1053346963 3.008972294e+11 6360288136 3631 
0.1068503034 2.806077498e+11 6029843035 3528 
0.1083659105 2.585245622e+11 5515470575 3578 
0.1098815177 2.417239801e+11 5241561334 3438 
0.1113971248 2.237449346e+11 4892282996 3374 
0.112912732 1.979174071e+11 4384551492 3245 
0.1144283391 1.849885585e+11 4098756161 3215 
0.1159439462 1.765980003e+11 3928843894 3219 
0.1174595534 1.612171278e+11 3608365433 3148 
0.1189751605 1.490747578e+11 3348191042 3090 
0.1204907677 1.381780023e+11 3177817829 2979 
0.1220063748 1.264238725e+11 2940962765 2842 
0.1235219819 1.226745119e+11 2819529121 2943 
0.1250375891 1.091947176e+11 2568622376 2792 
0.1265531962 1.021818637e+11 2398135398 2768 
0.1280688034 9.47640219e+10 2264003848 2696 
0.1295844105 8.920929559e+10 2139525414 2655 
0.1311000176 8.179839547e+10 2037832680 2511 
0.1326156248 7.614719297e+10 1872261217 2519 
0.1341312319 7.006604597e+10 1728147103 2488 
0.1356468391 6.23164837e+10 1590403394 2339 
0.1371624462 5.539246105e+10 1456739230 2187 
0.1386780533 5.378203554e+10 1409970957 2197 
0.1401936605 5.102956494e+10 1347648310 2180 
0.1417092676 4.740332244e+10 1252466701 2134 
0.1432248748 4.272903892e+10 1189843704 1967 
0.1447404819 3.766864586e+10 1084161007 1840 
0.146256089 3.809538139e+10 1050663075 1933 
0.1477716962 3.459122759e+10 975815069.9 1835 
0.1492873033 3.125929478e+10 907785468.9 1764 
0.1508029105 3.057114478e+10 877215014.9 1751 
