# Format: McCode with text headers
# URL: http://www.mccode.org
# Creator:  3.8.5, git
# Instrument: eqsans_cylinder.instr
# Ncount: 5000000
# Trace: no
# Gravitation: no
# Seed: 1790195443477254
# Directory: /Users/georgeyumnam/WORK/PANRAID/PaNRAID-results/Group2/panraidproject/dataset_cylinder/cyl_001524
# Param: gx=0
# Param: gy=0
# Param: sample_on=1
# Param: bs_radius=0
# Param: samp_ap=0.01
# Param: sld=6.11284
# Param: sld_solvent=1
# Param: radius=52.3419
# Param: length=536.942
# Param: pd_radius=0.292351
# Param: pd_length=0.060583
# Param: model_scale=1
# Param: model_abs=0
# Date: Wed Sep 23 22:31:01 2026 (1790195461)
# type: array_1d(100)
# Source: EQ_SANS_cylinder (eqsans_cylinder.instr)
# component: qmon
# position: 0 0 22.281
# title: QMonitor - Distribution in q (Radially averaged)
# Ncount: 5000000
# filename: qdet.dat
# statistics: X0=0.0118972; dX=0.0110129;
# signal: Min=6.78038e+11; Max=2.23273e+16; Mean=2.16573e+15;
# values: 2.16573e+17 7.12224e+15 260224
# xvar: q
# yvar: (I,I_err)
# xlabel: q [1 / AA]
# ylabel: I(q)
# xlimits: 0 0.151561
# variables: q I I_err N
0.0007578035702 2.161651455e+16 5.127749894e+15 42 
0.002273410711 2.232725352e+16 2.980222091e+15 131 
0.003789017851 1.478280706e+16 2.023305786e+15 184 
0.005304624991 1.658218343e+16 1.832088315e+15 259 
0.006820232132 2.019748407e+16 1.88388133e+15 373 
0.008335839272 1.381538113e+16 1.147900576e+15 427 
0.009851446413 1.459207042e+16 1.17729961e+15 574 
0.01136705355 1.191399284e+16 8.09922844e+14 632 
0.01288266069 1.065045646e+16 6.838855828e+14 735 
0.01439826783 8.839142001e+15 6.168970556e+14 743 
0.01591387497 8.044727803e+15 4.685448774e+14 912 
0.01742948211 7.063774087e+15 4.101137915e+14 963 
0.01894508925 6.07484019e+15 3.154710183e+14 1041 
0.0204606964 5.634348008e+15 3.105761554e+14 1147 
0.02197630354 4.706772493e+15 2.520260898e+14 1198 
0.02349191068 4.418380745e+15 2.185030524e+14 1325 
0.02500751782 3.574554359e+15 1.575112046e+14 1394 
0.02652312496 2.990310213e+15 1.42144127e+14 1403 
0.0280387321 2.608484773e+15 1.156023178e+14 1496 
0.02955433924 2.322886953e+15 8.980187713e+13 1656 
0.03106994638 1.970488635e+15 7.876193233e+13 1699 
0.03258555352 1.60346671e+15 5.751234031e+13 1748 
0.03410116066 1.500017175e+15 5.527537765e+13 1904 
0.0356167678 1.217611505e+15 4.161814626e+13 1986 
0.03713237494 1.120341664e+15 3.861745454e+13 2099 
0.03864798208 8.564032788e+14 2.797623888e+13 2102 
0.04016358922 7.829574391e+14 2.534247359e+13 2223 
0.04167919636 6.835172512e+14 2.294897589e+13 2268 
0.0431948035 5.727114703e+14 1.770910887e+13 2434 
0.04471041064 4.737167977e+14 1.491781719e+13 2533 
0.04622601778 3.902653364e+14 1.200302104e+13 2509 
0.04774162492 3.329125301e+14 1.028203548e+13 2657 
0.04925723206 2.791629394e+14 8.065162231e+12 2674 
0.0507728392 2.391455545e+14 6.928937558e+12 2799 
0.05228844634 2.016870768e+14 5.699392485e+12 2881 
0.05380405348 1.737255016e+14 4.603743033e+12 2984 
0.05531966062 1.485484146e+14 4.035951156e+12 3056 
0.05683526776 1.25211128e+14 3.235801077e+12 3141 
0.05835087491 1.08776201e+14 2.773820435e+12 3246 
0.05986648205 9.528915107e+13 2.397428298e+12 3327 
0.06138208919 8.147490451e+13 2.071964051e+12 3353 
0.06289769633 7.268429442e+13 1.884250378e+12 3436 
0.06441330347 6.605030899e+13 1.653367845e+12 3549 
0.06592891061 5.71219286e+13 1.38699305e+12 3615 
0.06744451775 5.12767942e+13 1.240210495e+12 3660 
0.06896012489 4.810206167e+13 1.157674746e+12 3715 
0.07047573203 4.338846809e+13 1.064441049e+12 3657 
0.07199133917 4.015117495e+13 9.619138553e+11 3831 
0.07350694631 3.628812117e+13 8.736299675e+11 3709 
0.07502255345 3.288564369e+13 7.950960389e+11 3784 
0.07653816059 3.082256629e+13 7.354114996e+11 3859 
0.07805376773 2.878331402e+13 6.8770374e+11 3843 
0.07956937487 2.610014399e+13 6.152018267e+11 3890 
0.08108498201 2.438346429e+13 5.788188116e+11 3913 
0.08260058915 2.328272493e+13 5.448253175e+11 3975 
0.08411619629 2.172078336e+13 4.902150846e+11 4043 
0.08563180343 2.013022368e+13 4.441159247e+11 4041 
0.08714741057 1.770493543e+13 4.039892317e+11 3861 
0.08866301771 1.699745345e+13 3.924982456e+11 3886 
0.09017862485 1.559027812e+13 3.532051972e+11 3952 
0.09169423199 1.407684635e+13 3.186305432e+11 3850 
0.09320983913 1.321911382e+13 2.932272942e+11 3946 
0.09472544627 1.223313343e+13 2.770666377e+11 3831 
0.09624105341 1.149087971e+13 2.58723712e+11 3851 
0.09775666056 1.03537618e+13 2.328763641e+11 3831 
0.0992722677 9.880616022e+12 2.176248878e+11 3872 
0.1007878748 9.391409105e+12 2.06821625e+11 3857 
0.102303482 8.470365614e+12 1.903902983e+11 3691 
0.1038190891 7.927875841e+12 1.803612431e+11 3670 
0.1053346963 7.585429161e+12 1.677757989e+11 3771 
0.1068503034 6.570771078e+12 1.494326254e+11 3502 
0.1083659105 6.145923047e+12 1.40250841e+11 3466 
0.1098815177 5.680215875e+12 1.320218293e+11 3433 
0.1113971248 5.185659297e+12 1.208999568e+11 3375 
0.112912732 5.111957578e+12 1.181613571e+11 3450 
0.1144283391 4.69126e+12 1.075261578e+11 3360 
0.1159439462 4.194252866e+12 9.87942307e+10 3201 
0.1174595534 3.762313433e+12 9.109885837e+10 3073 
0.1189751605 3.688347191e+12 8.946340749e+10 3094 
0.1204907677 3.406155122e+12 8.276440143e+10 3064 
0.1220063748 3.257155714e+12 7.837521452e+10 3039 
0.1235219819 2.94373101e+12 7.247627843e+10 2962 
0.1250375891 2.57848632e+12 6.566390475e+10 2793 
0.1265531962 2.361646094e+12 6.11818576e+10 2664 
0.1280688034 2.268435984e+12 5.887314045e+10 2661 
0.1295844105 2.009232489e+12 5.220370822e+10 2607 
0.1311000176 2.009631977e+12 5.216359174e+10 2594 
0.1326156248 1.811786154e+12 4.856286482e+10 2516 
0.1341312319 1.706755458e+12 4.582256672e+10 2472 
0.1356468391 1.492466571e+12 4.104122459e+10 2329 
0.1371624462 1.446673183e+12 4.036088785e+10 2281 
0.1386780533 1.358641666e+12 3.789550687e+10 2269 
0.1401936605 1.231476958e+12 3.499661431e+10 2188 
0.1417092676 1.05179281e+12 3.10132062e+10 2018 
0.1432248748 1.008585648e+12 2.978067125e+10 2008 
0.1447404819 9.173126069e+11 2.748641623e+10 1900 
0.146256089 9.02210445e+11 2.69685448e+10 1912 
0.1477716962 8.512200263e+11 2.56782971e+10 1888 
0.1492873033 7.360812119e+11 2.320003254e+10 1715 
0.1508029105 6.780380065e+11 2.135792405e+10 1743 
