# Format: McCode with text headers
# URL: http://www.mccode.org
# Creator:  3.8.5, git
# Instrument: eqsans_sans.instr
# Ncount: 10000000
# Trace: no
# Gravitation: no
# Seed: 1790184832744774
# Directory: /Users/georgeyumnam/WORK/PANRAID/PaNRAID-results/Group2/panraidproject/scan_sans_sample/x+14_y+20
# Param: gx=0.014
# Param: gy=0.02
# Param: sample_on=1
# Param: R_sphere=100
# Param: Phi=0.01
# Param: bs_radius=0
# Param: samp_ap=0.01
# Date: Wed Sep 23 19:34:27 2026 (1790184867)
# type: array_1d(100)
# Source: EQ_SANS_sample (eqsans_sans.instr)
# component: qmon
# position: 0 0 22.281
# title: QMonitor - Radially averaged distribution
# Ncount: 10000000
# filename: rdet.dat
# statistics: X0=0.0579838; dX=0.0546094;
# signal: Min=0; Max=1.6958e+08; Mean=6.17615e+06;
# values: 6.17615e+08 1.37962e+08 1055
# xvar: r
# yvar: (I,I_err)
# xlabel: Radius [m]
# ylabel: I(r)
# xlimits: 0 0.5
# variables: r I I_err N
0.0025 0 0 0 
0.0075 169579595.7 120007490.4 2 
0.0125 0 0 0 
0.0175 0 0 0 
0.0225 75566615.53 43977616.17 3 
0.0275 14786494.63 14786494.63 1 
0.0325 20935700.7 20935700.7 1 
0.0375 18907316.2 18907316.2 1 
0.0425 0 0 0 
0.0475 31601083.47 18499720.77 3 
0.0525 36368685.8 19711346.06 4 
0.0575 8496043.906 8496043.906 1 
0.0625 17263225.25 12987589.64 3 
0.0675 14262684.68 8236407.841 3 
0.0725 27486854.76 13974381.03 4 
0.0775 9120660.406 6475081.593 2 
0.0825 7119403.852 5990295.576 3 
0.0875 16580116.57 8940802.835 5 
0.0925 13053606.49 8068706.873 3 
0.0975 13687220.79 7339722.151 5 
0.1025 15818235.32 7843908.435 6 
0.1075 10850251.26 6692505.017 3 
0.1125 8681095.212 4572291.011 7 
0.1175 12552590.38 5089755.925 7 
0.1225 8800947.907 4261932.922 5 
0.1275 4544559.432 2734094.551 5 
0.1325 1472413.724 1728671.126 2 
0.1375 2789603.712 2100816.003 3 
0.1425 5871859.192 2995063.808 5 
0.1475 5244125.331 2763964.777 5 
0.1525 6205956.93 3587465.384 7 
0.1575 4145049.967 2052575.45 8 
0.1625 3002934.524 1565885.683 9 
0.1675 4043196.849 1902962.32 9 
0.1725 2413764.178 1526417.643 7 
0.1775 5841083.993 2654012.842 11 
0.1825 6146909.178 2803999.616 15 
0.1875 1016753.881 957218.5213 6 
0.1925 4664190.651 1941811.945 11 
0.1975 612013.5724 527983.2717 8 
0.2025 1192927.638 745915.836 7 
0.2075 609309.4334 346026.2379 7 
0.2125 922961.9539 644640.8989 8 
0.2175 22983.47214 17781.75021 4 
0.2225 392071.6273 193626.5696 10 
0.2275 219208.6523 219608.9801 5 
0.2325 322837.6724 163421.5553 11 
0.2375 111461.167 45066.25097 9 
0.2425 387338.1955 166341.307 16 
0.2475 339431.1975 228599.1571 11 
0.2525 48921.09545 27420.41453 5 
0.2575 72343.80436 37988.23506 5 
0.2625 86280.11528 31157.9628 12 
0.2675 163072.2963 75218.74016 14 
0.2725 112862.6014 36551.11227 16 
0.2775 341130.396 164495.7249 14 
0.2825 176188.1258 94652.00793 12 
0.2875 34386.15674 18054.42345 11 
0.2925 119522.2634 60638.94413 8 
0.2975 149769.2922 58181.05472 18 
0.3025 153449.3278 104204.5207 15 
0.3075 167046.9451 135978.3841 14 
0.3125 30769.29061 16248.48783 8 
0.3175 45651.17012 19998.53204 14 
0.3225 172776.6025 94858.2477 16 
0.3275 22460.5241 10700.43492 9 
0.3325 81618.67223 28856.95775 15 
0.3375 83758.60216 29711.48648 18 
0.3425 116564.5565 71883.64885 9 
0.3475 77529.09071 25212.68936 21 
0.3525 113502.4052 36000.50566 19 
0.3575 58015.43745 22710.3008 14 
0.3625 65335.93111 24467.57153 13 
0.3675 64199.13955 21320.22962 19 
0.3725 73907.12516 24315.64325 25 
0.3775 63625.34621 23762.64199 17 
0.3825 77722.14858 25935.17868 18 
0.3875 33995.80253 15250.25266 15 
0.3925 51578.27288 19212.53748 18 
0.3975 41836.00407 19264.26961 15 
0.4025 62382.59014 23131.01674 17 
0.4075 28084.1611 14315.95599 13 
0.4125 40385.73137 16596.23727 20 
0.4175 29631.89938 10345.38346 19 
0.4225 43594.99359 18249.03201 21 
0.4275 18163.84515 8054.79359 12 
0.4325 25072.33531 14264.59979 11 
0.4375 31197.77924 14067.46995 9 
0.4425 48662.0776 19050.61905 22 
0.4475 33245.28379 11973.05662 21 
0.4525 56434.55013 19761.6911 21 
0.4575 40543.08576 18899.49648 16 
0.4625 28575.0881 11905.05021 18 
0.4675 38004.88735 12908.9568 24 
0.4725 22230.86933 11310.43309 19 
0.4775 38541.16778 15182.71636 19 
0.4825 15342.82134 6845.825119 16 
0.4875 12618.95011 5039.593106 14 
0.4925 26671.81315 8310.594556 25 
0.4975 22232.90892 10863.35401 20 
