# Format: McCode with text headers
# URL: http://www.mccode.org
# Creator:  3.8.5, git
# Instrument: eqsans_cylinder.instr
# Ncount: 5000000
# Trace: no
# Gravitation: no
# Seed: 1790194242119422
# Directory: /Users/georgeyumnam/WORK/PANRAID/PaNRAID-results/Group2/panraidproject/dataset_cylinder/cyl_000852
# Param: gx=0
# Param: gy=0
# Param: sample_on=1
# Param: bs_radius=0
# Param: samp_ap=0.01
# Param: sld=6.75978
# Param: sld_solvent=1
# Param: radius=163.786
# Param: length=502.734
# Param: pd_radius=0.188233
# Param: pd_length=0.244225
# Param: model_scale=1
# Param: model_abs=0
# Date: Wed Sep 23 22:11:00 2026 (1790194260)
# type: array_1d(100)
# Source: EQ_SANS_cylinder (eqsans_cylinder.instr)
# component: qmon
# position: 0 0 22.281
# title: QMonitor - Distribution in q (Radially averaged)
# Ncount: 5000000
# filename: qdet.dat
# statistics: X0=0.00700283; dX=0.00579788;
# signal: Min=2.99679e+12; Max=1.79597e+18; Mean=9.7185e+16;
# values: 9.7185e+18 4.33431e+17 250697
# xvar: q
# yvar: (I,I_err)
# xlabel: q [1 / AA]
# ylabel: I(q)
# xlimits: 0 0.151561
# variables: q I I_err N
0.0007578035702 1.023964633e+18 2.037974431e+17 40 
0.002273410711 1.795967813e+18 2.91692452e+17 131 
0.003789017851 1.359359809e+18 1.71599644e+17 212 
0.005304624991 9.759544688e+17 9.923432081e+16 264 
0.006820232132 9.166643444e+17 8.781478936e+16 345 
0.008335839272 8.692871393e+17 7.55942568e+16 458 
0.009851446413 6.171210224e+17 5.447971825e+16 471 
0.01136705355 5.147141524e+17 4.136378123e+16 582 
0.01288266069 4.936240669e+17 4.067402398e+16 678 
0.01439826783 3.815144797e+17 4.513808087e+16 792 
0.01591387497 2.456793324e+17 2.447239559e+16 885 
0.01742948211 1.497477627e+17 1.521164582e+16 899 
0.01894508925 1.061113716e+17 1.381184228e+16 1019 
0.0204606964 7.431730202e+16 8.757222099e+15 1096 
0.02197630354 4.789541927e+16 4.211605061e+15 1168 
0.02349191068 4.045587354e+16 5.739874756e+15 1227 
0.02500751782 2.265895023e+16 1.760890852e+15 1369 
0.02652312496 1.614872703e+16 1.177698331e+15 1481 
0.0280387321 1.202339038e+16 1.212955434e+15 1518 
0.02955433924 1.049659228e+16 9.599168861e+14 1571 
0.03106994638 6.691499956e+15 3.134726742e+14 1647 
0.03258555352 5.557329152e+15 2.984091904e+14 1724 
0.03410116066 4.628325799e+15 2.106041048e+14 1792 
0.0356167678 3.619067228e+15 1.338799345e+14 1889 
0.03713237494 3.083829199e+15 1.202426161e+14 2010 
0.03864798208 2.812583285e+15 1.051235884e+14 2037 
0.04016358922 2.140247106e+15 7.792528281e+13 2081 
0.04167919636 1.947673242e+15 6.804601644e+13 2340 
0.0431948035 1.627782741e+15 5.141101814e+13 2368 
0.04471041064 1.34085114e+15 4.420872085e+13 2342 
0.04622601778 1.192543163e+15 3.664331461e+13 2469 
0.04774162492 1.035453991e+15 3.18850961e+13 2506 
0.04925723206 9.045631209e+14 2.641705335e+13 2628 
0.0507728392 8.025090465e+14 2.322366384e+13 2729 
0.05228844634 7.054965256e+14 1.956316392e+13 2789 
0.05380405348 6.055632534e+14 1.743354325e+13 2761 
0.05531966062 5.5517867e+14 1.499087394e+13 2956 
0.05683526776 4.7494456e+14 1.277727734e+13 2993 
0.05835087491 4.468483666e+14 1.164308645e+13 3106 
0.05986648205 3.891841542e+14 1.015186667e+13 3134 
0.06138208919 3.773834633e+14 9.35636486e+12 3334 
0.06289769633 3.255024281e+14 8.017421819e+12 3296 
0.06441330347 2.907396089e+14 7.089969491e+12 3387 
0.06592891061 2.707562142e+14 6.846160265e+12 3443 
0.06744451775 2.428569789e+14 5.70930905e+12 3495 
0.06896012489 2.176596543e+14 5.11572195e+12 3536 
0.07047573203 2.062917808e+14 4.753798135e+12 3631 
0.07199133917 1.942520195e+14 4.452383709e+12 3662 
0.07350694631 1.666618088e+14 3.814340218e+12 3637 
0.07502255345 1.603278463e+14 3.640294951e+12 3793 
0.07653816059 1.39396352e+14 3.141455173e+12 3690 
0.07805376773 1.314858166e+14 2.904525948e+12 3824 
0.07956937487 1.230012005e+14 2.710888732e+12 3835 
0.08108498201 1.122435376e+14 2.478992384e+12 3840 
0.08260058915 9.786479115e+13 2.122431668e+12 3799 
0.08411619629 8.929822167e+13 1.956212984e+12 3751 
0.08563180343 8.414541143e+13 1.826900281e+12 3774 
0.08714741057 7.905673318e+13 1.709994592e+12 3850 
0.08866301771 7.007196503e+13 1.499485864e+12 3813 
0.09017862485 6.501895619e+13 1.418421577e+12 3768 
0.09169423199 6.123749176e+13 1.326114123e+12 3747 
0.09320983913 5.610378782e+13 1.224878507e+12 3758 
0.09472544627 5.36933151e+13 1.17195037e+12 3813 
0.09624105341 4.743347141e+13 1.024690469e+12 3735 
0.09775666056 4.398170427e+13 9.563087394e+11 3664 
0.0992722677 4.178345308e+13 9.190872653e+11 3630 
0.1007878748 3.943557407e+13 8.551684935e+11 3653 
0.102303482 3.606782453e+13 7.944139419e+11 3577 
0.1038190891 3.284497862e+13 7.286711473e+11 3543 
0.1053346963 3.107286451e+13 6.826278474e+11 3499 
0.1068503034 2.888131658e+13 6.445578152e+11 3436 
0.1083659105 2.627941515e+13 5.879849947e+11 3399 
0.1098815177 2.455236897e+13 5.466887963e+11 3346 
0.1113971248 2.218200272e+13 5.027582256e+11 3249 
0.112912732 2.07920954e+13 4.721571148e+11 3278 
0.1144283391 1.826344312e+13 4.264389198e+11 3018 
0.1159439462 1.777611846e+13 4.133973322e+11 3038 
0.1174595534 1.717316206e+13 3.919541338e+11 3140 
0.1189751605 1.494754553e+13 3.603298602e+11 2901 
0.1204907677 1.480828709e+13 3.453886261e+11 3007 
0.1220063748 1.324382916e+13 3.166987531e+11 2898 
0.1235219819 1.227788429e+13 3.004056194e+11 2774 
0.1250375891 1.093119935e+13 2.662392191e+11 2667 
0.1265531962 1.09366575e+13 2.690672915e+11 2713 
0.1280688034 9.928680275e+12 2.457407562e+11 2637 
0.1295844105 8.854824889e+12 2.28862659e+11 2482 
0.1311000176 8.207704388e+12 2.115979675e+11 2420 
0.1326156248 7.88242537e+12 2.046338826e+11 2388 
0.1341312319 6.988564422e+12 1.856303085e+11 2283 
0.1356468391 6.419977988e+12 1.71335569e+11 2218 
0.1371624462 5.914808458e+12 1.620864225e+11 2154 
0.1386780533 5.750616999e+12 1.572448627e+11 2133 
0.1401936605 5.47900432e+12 1.498997892e+11 2079 
0.1417092676 5.028882604e+12 1.423646667e+11 2008 
0.1432248748 4.298633745e+12 1.224795617e+11 1944 
0.1447404819 4.133636616e+12 1.198419343e+11 1882 
0.146256089 3.926363095e+12 1.139477703e+11 1845 
0.1477716962 3.593901516e+12 1.071599998e+11 1739 
0.1492873033 3.151090518e+12 9.593900946e+10 1687 
0.1508029105 2.996786247e+12 9.203395864e+10 1650 
