# Format: McCode with text headers
# URL: http://www.mccode.org
# Creator:  3.8.5, git
# Instrument: eqsans_sans.instr
# Ncount: 10000000
# Trace: no
# Gravitation: no
# Seed: 1790181301997720
# Directory: /Users/georgeyumnam/WORK/PANRAID/PaNRAID-results/Group2/panraidproject/scan_sans_sample/x-10_y-05
# Param: gx=-0.01
# Param: gy=-0.005
# Param: sample_on=1
# Param: R_sphere=100
# Param: Phi=0.01
# Param: bs_radius=0
# Param: samp_ap=0.01
# Date: Wed Sep 23 18:35:36 2026 (1790181336)
# type: array_1d(100)
# Source: EQ_SANS_sample (eqsans_sans.instr)
# component: qmon
# position: 0 0 22.281
# title: QMonitor - Distribution in q (Radially averaged)
# Ncount: 10000000
# filename: qdet.dat
# statistics: X0=0.0111342; dX=0.0103291;
# signal: Min=3955.36; Max=9.36123e+08; Mean=4.04341e+07;
# values: 4.04341e+09 8.29009e+08 4945
# xvar: q
# yvar: (I,I_err)
# xlabel: q [1 / AA]
# ylabel: I(q)
# xlimits: 0 0.151561
# variables: q I I_err N
0.0007578035702 936122852.7 861506184.1 2 
0.002273410711 175223148.1 134323685.6 2 
0.003789017851 165391245.1 100994796.7 3 
0.005304624991 248018044.4 103129324 7 
0.006820232132 160225843.9 82971523.3 5 
0.008335839272 465179986.1 176261137.1 11 
0.009851446413 215096643.2 71255095.38 11 
0.01136705355 115216883.9 53285020.57 7 
0.01288266069 209082069.5 58051576.39 17 
0.01439826783 163993385.3 47930885.69 14 
0.01591387497 161466908.4 53479050.75 15 
0.01742948211 82892660.56 21862557.78 16 
0.01894508925 177623868 42123104.11 23 
0.0204606964 132398388.8 40348573.53 20 
0.02197630354 75185811.33 25119996.72 17 
0.02349191068 91039670.04 28615287.67 24 
0.02500751782 115098628.4 29147005.03 31 
0.02652312496 97829267.12 27845936.86 25 
0.0280387321 43504031.26 11055696.19 32 
0.02955433924 51088106.9 12838796.33 34 
0.03106994638 46146004.19 12616192.6 35 
0.03258555352 12435160.41 3522768.002 25 
0.03410116066 25214985.09 7005063.722 39 
0.0356167678 12763268.13 4779800.65 29 
0.03713237494 7188445.136 1982688.83 39 
0.03864798208 14435602.6 4437600.548 39 
0.04016358922 5654143.142 1928535.306 44 
0.04167919636 3959068.136 1363420.478 33 
0.0431948035 3046541.941 926803.0585 49 
0.04471041064 2617692.375 765295.817 44 
0.04622601778 1196847.195 293133.7001 56 
0.04774162492 1534054.186 334220.7096 67 
0.04925723206 1126502.947 240921.3354 53 
0.0507728392 1382477.612 261113.9641 51 
0.05228844634 1854026.529 301733.677 64 
0.05380405348 1659761.038 259320.9067 62 
0.05531966062 1430954.189 242570.2457 47 
0.05683526776 1692633.24 254459.5727 57 
0.05835087491 1663902.722 253534.538 62 
0.05986648205 1727978.178 262509.439 65 
0.06138208919 1393015.188 214827.6101 61 
0.06289769633 1289631.826 209706.9106 61 
0.06441330347 1251801.578 198933.3201 66 
0.06592891061 1050618.757 175351.0519 63 
0.06744451775 1024309.996 160690.4038 73 
0.06896012489 844650.9638 159569.1344 75 
0.07047573203 394465.0327 75355.02661 61 
0.07199133917 604782.7526 123881.5884 68 
0.07350694631 349474.9744 70910.38174 80 
0.07502255345 245770.0246 66400.15692 68 
0.07653816059 149304.4133 34130.41585 76 
0.07805376773 131984.3649 37777.55097 56 
0.07956937487 147308.2209 25188.03601 83 
0.08108498201 192039.7179 29695.66615 96 
0.08260058915 161883.9487 29862.40682 64 
0.08411619629 213829.0861 33613.49743 84 
0.08563180343 210005.7918 32586.00109 66 
0.08714741057 280463.8701 37356.46288 84 
0.08866301771 228737.5386 33977.61154 63 
0.09017862485 274784.1433 37780.03381 74 
0.09169423199 204603.5841 30755.67957 59 
0.09320983913 249522.6103 34458.74815 74 
0.09472544627 236083.9596 32137.17695 76 
0.09624105341 248293.8558 32810.00062 82 
0.09775666056 196303.9873 29741.38043 68 
0.0992722677 186982.5071 27702.0153 81 
0.1007878748 121634.3773 20696.00108 72 
0.102303482 79534.67357 16399.51174 58 
0.1038190891 60945.98945 12051.79009 63 
0.1053346963 52539.6653 11634.03816 67 
0.1068503034 67943.38523 12975.83438 71 
0.1083659105 56236.23744 11677.42611 67 
0.1098815177 36508.9267 6625.009915 70 
0.1113971248 36043.47205 6847.512605 64 
0.112912732 32635.15647 5815.511198 69 
0.1144283391 31693.13605 5887.310833 46 
0.1159439462 37174.37118 6704.073262 53 
0.1174595534 50204.39702 7463.068063 66 
0.1189751605 40108.57585 6534.3466 57 
0.1204907677 53872.15645 7866.249196 65 
0.1220063748 57571.95782 8306.331312 69 
0.1235219819 43311.0897 6747.779325 53 
0.1250375891 63149.32936 8757.604833 65 
0.1265531962 49855.25541 7482.001696 59 
0.1280688034 49926.11817 7892.940664 56 
0.1295844105 39178.96076 6442.81287 52 
0.1311000176 34659.82221 6163.129706 51 
0.1326156248 37011.447 5770.05012 63 
0.1341312319 17432.85606 3527.848296 42 
0.1356468391 11176.5367 2378.422468 43 
0.1371624462 15184.54733 3558.543246 44 
0.1386780533 7973.825722 1909.871815 41 
0.1401936605 10177.5259 2268.056411 54 
0.1417092676 3955.364718 1084.339277 30 
0.1432248748 6088.886074 1588.945845 36 
0.1447404819 9867.875241 2157.931756 41 
0.146256089 6746.035461 1732.58528 28 
0.1477716962 8367.83331 1786.48319 37 
0.1492873033 5677.239818 1426.987246 26 
0.1508029105 8171.93286 1801.160004 29 
