# Format: McCode with text headers
# URL: http://www.mccode.org
# Creator:  3.8.5, git
# Instrument: eqsans_cylinder.instr
# Ncount: 5000000
# Trace: no
# Gravitation: no
# Seed: 1790194656359411
# Directory: /Users/georgeyumnam/WORK/PANRAID/PaNRAID-results/Group2/panraidproject/dataset_cylinder/cyl_001084
# Param: gx=0
# Param: gy=0
# Param: sample_on=1
# Param: bs_radius=0
# Param: samp_ap=0.01
# Param: sld=1.39708
# Param: sld_solvent=1
# Param: radius=42.4295
# Param: length=522.375
# Param: pd_radius=0.22997
# Param: pd_length=0.230714
# Param: model_scale=1
# Param: model_abs=0
# Date: Wed Sep 23 22:17:54 2026 (1790194674)
# type: array_1d(100)
# Source: EQ_SANS_cylinder (eqsans_cylinder.instr)
# component: qmon
# position: 0 0 22.281
# title: QMonitor - Radially averaged distribution
# Ncount: 5000000
# filename: rdet.dat
# statistics: X0=0.0726879; dX=0.0710553;
# signal: Min=1.96614e+10; Max=1.57724e+13; Mean=2.0959e+12;
# values: 2.0959e+14 6.34797e+12 156690
# xvar: r
# yvar: (I,I_err)
# xlabel: Radius [m]
# ylabel: I(r)
# xlimits: 0 0.5
# variables: r I I_err N
0.0025 1.035425847e+13 3.930959836e+12 12 
0.0075 1.228421781e+13 2.166833735e+12 51 
0.0125 1.577241785e+13 3.25965113e+12 92 
0.0175 1.052760294e+13 1.505600306e+12 118 
0.0225 9.9585422e+12 1.240291923e+12 139 
0.0275 9.272793693e+12 1.09048989e+12 162 
0.0325 9.340652885e+12 9.824704957e+11 208 
0.0375 9.820812254e+12 9.669544148e+11 239 
0.0425 8.135193995e+12 7.019929173e+11 282 
0.0475 8.551835955e+12 7.718480023e+11 301 
0.0525 7.306363239e+12 7.417481809e+11 304 
0.0575 6.955055052e+12 6.275554529e+11 368 
0.0625 5.824597073e+12 4.483903911e+11 360 
0.0675 6.255953277e+12 4.457916722e+11 446 
0.0725 5.612599074e+12 3.982056204e+11 437 
0.0775 4.687936827e+12 4.22243141e+11 467 
0.0825 4.634320994e+12 2.850530924e+11 533 
0.0875 4.508475148e+12 2.760706791e+11 585 
0.0925 3.963737762e+12 2.448894187e+11 547 
0.0975 4.109073571e+12 2.879765244e+11 642 
0.1025 3.305358326e+12 2.046106012e+11 636 
0.1075 3.253701864e+12 1.900992339e+11 685 
0.1125 2.835765659e+12 1.585092546e+11 698 
0.1175 2.755222452e+12 1.447312971e+11 736 
0.1225 2.299256504e+12 1.240910712e+11 733 
0.1275 2.533372328e+12 1.301168845e+11 832 
0.1325 2.341368774e+12 1.265742422e+11 831 
0.1375 2.108534235e+12 1.087934829e+11 903 
0.1425 1.850503084e+12 9.37431858e+10 847 
0.1475 1.836647474e+12 9.226589755e+10 892 
0.1525 1.768609295e+12 8.713980976e+10 935 
0.1575 1.579423184e+12 7.660633017e+10 994 
0.1625 1.493320962e+12 6.953190842e+10 1022 
0.1675 1.543656678e+12 7.436050961e+10 1068 
0.1725 1.335994747e+12 6.336887111e+10 1027 
0.1775 1.280623191e+12 6.338893429e+10 1092 
0.1825 1.111989506e+12 5.304513273e+10 1086 
0.1875 1.115711413e+12 5.067388765e+10 1189 
0.1925 1.035616085e+12 4.866794629e+10 1192 
0.1975 9.852242466e+11 4.4656512e+10 1261 
0.2025 9.070099653e+11 4.099094381e+10 1246 
0.2075 8.387015288e+11 3.497800374e+10 1311 
0.2125 7.417760529e+11 3.125063674e+10 1318 
0.2175 7.844916776e+11 3.351282977e+10 1412 
0.2225 6.435350629e+11 2.631587186e+10 1365 
0.2275 6.381384007e+11 2.787190557e+10 1414 
0.2325 6.085670642e+11 2.564182859e+10 1471 
0.2375 5.258922801e+11 2.358718033e+10 1422 
0.2425 5.358234312e+11 2.202792924e+10 1533 
0.2475 4.41522371e+11 1.847276509e+10 1522 
0.2525 4.732975039e+11 1.992446277e+10 1643 
0.2575 4.066412197e+11 1.704785098e+10 1556 
0.2625 3.838842423e+11 1.614590453e+10 1540 
0.2675 3.910851987e+11 1.546413143e+10 1803 
0.2725 3.471447423e+11 1.432361673e+10 1760 
0.2775 2.963553968e+11 1.21222536e+10 1714 
0.2825 2.814939732e+11 1.14356858e+10 1763 
0.2875 2.740567285e+11 1.159592053e+10 1744 
0.2925 2.608748038e+11 1.05611317e+10 1889 
0.2975 2.499521313e+11 1.031539061e+10 1899 
0.3025 2.257907207e+11 9198134595 1903 
0.3075 2.055983481e+11 8656643799 1913 
0.3125 2.054184379e+11 8212679018 2036 
0.3175 1.956123263e+11 8426558365 2021 
0.3225 1.709293458e+11 7017020879 2001 
0.3275 1.549121981e+11 6592953874 1986 
0.3325 1.532483566e+11 6046819144 2162 
0.3375 1.402075455e+11 5645012358 2077 
0.3425 1.209428874e+11 4882825598 2091 
0.3475 1.176763182e+11 4803982906 2203 
0.3525 1.180841922e+11 4696208439 2189 
0.3575 1.143119081e+11 4682116217 2322 
0.3625 9.87586055e+10 4047766835 2227 
0.3675 9.352001865e+10 3866811719 2276 
0.3725 8.969065729e+10 3662540593 2389 
0.3775 8.111407558e+10 3283779327 2364 
0.3825 8.224618559e+10 3485343481 2345 
0.3875 7.432003365e+10 3129929959 2402 
0.3925 6.832051087e+10 2716743006 2464 
0.3975 6.233288288e+10 2438537226 2515 
0.4025 6.297913933e+10 2491457902 2529 
0.4075 6.004744402e+10 2431812475 2622 
0.4125 5.525336239e+10 2160598811 2623 
0.4175 4.961692824e+10 1941076704 2593 
0.4225 4.731166067e+10 1883272700 2589 
0.4275 4.861154818e+10 1914587861 2695 
0.4325 4.315250355e+10 1691119511 2734 
0.4375 3.903470382e+10 1536404111 2782 
0.4425 3.796007631e+10 1452467340 2757 
0.4475 3.51446922e+10 1291077362 2867 
0.4525 3.323229097e+10 1245102925 2837 
0.4575 3.053562585e+10 1101496473 2905 
0.4625 2.868563132e+10 1082381497 2852 
0.4675 2.929035853e+10 1036834480 2966 
0.4725 2.868245746e+10 1044522897 2979 
0.4775 2.470484779e+10 923377654.2 2967 
0.4825 2.405040372e+10 916357464.2 3094 
0.4875 2.191914342e+10 802685515.8 3001 
0.4925 1.966144935e+10 718541280.5 2994 
0.4975 2.034105676e+10 704695101.9 3141 
