# Format: McCode with text headers
# URL: http://www.mccode.org
# Creator:  3.8.5, git
# Instrument: eqsans_sans.instr
# Ncount: 10000000
# Trace: no
# Gravitation: no
# Seed: 1790185633948195
# Directory: /Users/georgeyumnam/WORK/PANRAID/PaNRAID-results/Group2/panraidproject/scan_sans_sample/x+20_y+07
# Param: gx=0.02
# Param: gy=0.007
# Param: sample_on=1
# Param: R_sphere=100
# Param: Phi=0.01
# Param: bs_radius=0
# Param: samp_ap=0.01
# Date: Wed Sep 23 19:47:47 2026 (1790185667)
# type: array_1d(100)
# Source: EQ_SANS_sample (eqsans_sans.instr)
# component: qmon
# position: 0 0 22.281
# title: QMonitor - Radially averaged distribution
# Ncount: 10000000
# filename: rdet.dat
# statistics: X0=0.0577482; dX=0.0507558;
# signal: Min=0; Max=1.29755e+08; Mean=1.02021e+07;
# values: 1.02021e+09 1.35041e+08 1624
# xvar: r
# yvar: (I,I_err)
# xlabel: Radius [m]
# ylabel: I(r)
# xlimits: 0 0.5
# variables: r I I_err N
0.0025 0 0 0 
0.0075 106119308.3 75807035.42 2 
0.0125 67544032.63 48021112.31 2 
0.0175 129754914.9 65906228.38 4 
0.0225 11922308.5 11922308.5 1 
0.0275 39867345.47 28190860.75 2 
0.0325 30389961.23 21569007.64 2 
0.0375 83324668.82 34957929.85 6 
0.0425 0 0 0 
0.0475 69285818.09 28585623.96 6 
0.0525 90446093.8 30726976.43 9 
0.0575 41306233.48 18911568.62 5 
0.0625 22600539.55 12098581.35 5 
0.0675 17342662.43 11188418.37 3 
0.0725 21894173.26 11365279.5 4 
0.0775 21143384.14 10157544.99 6 
0.0825 51336758.26 16038850.03 11 
0.0875 24757097.73 9730144.411 8 
0.0925 19575920.36 9084861.557 5 
0.0975 8368830.881 5737937.07 3 
0.1025 21156979.25 8146281.002 9 
0.1075 9692681.833 5632360.404 3 
0.1125 15474376.36 6054200.746 8 
0.1175 10717809.41 4896437.24 8 
0.1225 10838250.87 5226242.754 9 
0.1275 7630923.222 3386844.31 8 
0.1325 12530119.95 4176449.619 13 
0.1375 3161672.865 2660432.083 4 
0.1425 11865367.4 4123990.268 13 
0.1475 2009382.109 1211132.399 7 
0.1525 5928583.775 3231161.747 9 
0.1575 3547039.958 1870228.063 9 
0.1625 4150281.371 1897861.375 8 
0.1675 5316991.057 2257724.064 14 
0.1725 3911229.203 1740822.059 10 
0.1775 3081423.666 1445555.143 12 
0.1825 5332968.105 2288795.448 15 
0.1875 798980.8439 426051.7743 11 
0.1925 2314940.073 1420461.74 14 
0.1975 1965308.203 992431.6002 12 
0.2025 4141915.955 1718770.833 16 
0.2075 234476.5416 114016.6762 9 
0.2125 1376399.961 563548.9036 16 
0.2175 2194425.838 1169577.139 15 
0.2225 2791553.242 1149473.866 17 
0.2275 1051783.862 588378.8342 15 
0.2325 1227945.271 677887.0577 16 
0.2375 437288.652 173574.4589 14 
0.2425 956994.0885 514866.1316 13 
0.2475 241606.2613 87004.00563 17 
0.2525 774072.4484 432555.3928 9 
0.2575 309552.9014 157316.9715 17 
0.2625 153803.0412 47900.98409 16 
0.2675 801883.4232 422638.7969 13 
0.2725 462172.976 261331.0032 12 
0.2775 464399.448 260445.7232 19 
0.2825 131840.9313 56522.75653 9 
0.2875 280561.0937 129275.3849 21 
0.2925 211864.9304 83008.32133 22 
0.2975 166230.7469 60409.3824 23 
0.3025 152427.3176 55610.54493 21 
0.3075 231958.9969 82730.31626 21 
0.3125 170803.6089 45190.23319 24 
0.3175 145843.5424 47367.19459 27 
0.3225 172724.877 46040.28645 21 
0.3275 153470.4899 59124.06412 24 
0.3325 135488.1567 50052.68945 17 
0.3375 87623.03547 28566.39425 20 
0.3425 159451.8804 60575.1605 21 
0.3475 102834.6053 32192.49227 18 
0.3525 114975.7194 29891.81845 25 
0.3575 112877.0481 33965.27519 29 
0.3625 110861.391 27639.65118 36 
0.3675 57982.03764 22898.14132 19 
0.3725 68020.14672 24301.76928 21 
0.3775 131886.3394 34280.08293 33 
0.3825 85101.25996 25788.93303 25 
0.3875 79302.14917 24075.80385 24 
0.3925 69170.12589 24452.62357 23 
0.3975 79261.77393 25250.54663 22 
0.4025 49802.9486 14347.31151 24 
0.4075 42786.33556 13935.77662 27 
0.4125 46149.31498 20078.12048 18 
0.4175 44624.27192 17321.59739 20 
0.4225 69541.99236 23451.7884 21 
0.4275 72420.48021 20688.21324 36 
0.4325 40390.38112 16591.79292 16 
0.4375 45731.0305 16807.84302 22 
0.4425 24855.85105 9256.479933 25 
0.4475 59874.71571 18463.518 30 
0.4525 42389.60482 17472.30628 22 
0.4575 60014.94781 20213.96281 26 
0.4625 55737.5564 17487.50939 34 
0.4675 40211.19597 11336.56273 34 
0.4725 53580.10332 16788.10899 33 
0.4775 60313.50324 19753.244 30 
0.4825 35953.47622 10198.94839 34 
0.4875 65223.70624 18747.5505 42 
0.4925 34574.96538 12103.20158 37 
0.4975 25636.18963 7706.089139 33 
