# Format: McCode with text headers
# URL: http://www.mccode.org
# Creator:  3.8.5, git
# Instrument: eqsans_sans.instr
# Ncount: 10000000
# Trace: no
# Gravitation: no
# Seed: 1790176181619367
# Directory: /Users/georgeyumnam/WORK/PANRAID/PaNRAID-results/Group2/panraidproject/scan_sans_nosample/x-01_y+07
# Param: gx=-0.001
# Param: gy=0.007
# Param: sample_on=0
# Param: R_sphere=100
# Param: Phi=0.01
# Param: bs_radius=0
# Param: samp_ap=0.01
# Date: Wed Sep 23 17:10:17 2026 (1790176217)
# type: array_1d(120)
# Source: EQ_SANS_sample (eqsans_sans.instr)
# component: lambda_det
# position: 0 0 22.28
# title: Wavelength monitor
# Ncount: 10000000
# filename: lambda_det.dat
# statistics: X0=3.9037; dX=0.933254;
# signal: Min=0; Max=376542; Mean=48338.2;
# values: 5.80059e+06 66877.1 7812
# xvar: L
# yvar: (I,I_err)
# xlabel: Wavelength [AA]
# ylabel: Intensity
# xlimits: 0 12
# variables: L I I_err N
0.05 0 0 0 
0.15 0 0 0 
0.25 0 0 0 
0.35 0 0 0 
0.45 0 0 0 
0.55 0 0 0 
0.65 0 0 0 
0.75 0 0 0 
0.85 0 0 0 
0.95 0 0 0 
1.05 0 0 0 
1.15 0 0 0 
1.25 0 0 0 
1.35 0 0 0 
1.45 0 0 0 
1.55 0 0 0 
1.65 0 0 0 
1.75 0 0 0 
1.85 0 0 0 
1.95 0 0 0 
2.05 0 0 0 
2.15 1666.017291 1178.439413 2 
2.25 897.0692933 897.0692933 1 
2.35 2821.422296 1290.842485 5 
2.45 11849.98375 2938.604982 17 
2.55 20169.96112 3838.783172 29 
2.65 53658.73539 6343.111445 74 
2.75 146289.8031 10395.43527 206 
2.85 293841.853 15011.50799 399 
2.95 376542.0215 17068.9013 506 
3.05 373468.2107 16878.39465 510 
3.15 343767.5038 16367.27916 458 
3.25 319945.8824 15766.49012 427 
3.35 276464.7986 14561.20925 375 
3.45 293226.7981 15038.49809 396 
3.55 225397.0722 13179.32104 303 
3.65 256901.9428 14129.08557 343 
3.75 231428.487 13423.97406 308 
3.85 193615.4803 12132.79593 266 
3.95 180499.8273 11864.95653 239 
4.05 186040.6588 11888.75528 255 
4.15 163570.0322 11321.85116 217 
4.25 152101.6897 10802.4205 205 
4.35 155937.6134 11035.97252 207 
4.45 131571.5338 10180.37331 173 
4.55 110817.6975 9212.267836 150 
4.65 108127.2532 9096.584141 147 
4.75 103535.0415 8918.273725 140 
4.85 111916.4203 9220.620771 153 
4.95 95796.31338 8676.648827 126 
5.05 85313.90249 8032.452443 117 
5.15 91839.58623 8472.435264 121 
5.25 90909.2877 8300.334948 124 
5.35 67879.22935 7244.440689 92 
5.45 72083.4824 7460.77985 97 
5.55 62460.1688 6977.334034 83 
5.65 57735.43764 6735.377068 76 
5.75 58527.60362 6790.276902 77 
5.85 50513.1538 6242.039807 68 
5.95 43578.90041 5903.470251 56 
6.05 47545.11517 6102.771236 63 
6.15 47346.66377 6094.899149 62 
6.25 34214.76004 5177.844614 45 
6.35 28957.29654 4695.194431 40 
6.45 24741.70439 4405.088808 33 
6.55 12971.61109 3094.865481 18 
6.65 2101.380982 1224.409186 3 
6.75 0 0 0 
6.85 0 0 0 
6.95 0 0 0 
7.05 0 0 0 
7.15 0 0 0 
7.25 0 0 0 
7.35 0 0 0 
7.45 0 0 0 
7.55 0 0 0 
7.65 0 0 0 
7.75 0 0 0 
7.85 0 0 0 
7.95 0 0 0 
8.05 0 0 0 
8.15 0 0 0 
8.25 0 0 0 
8.35 0 0 0 
8.45 0 0 0 
8.55 0 0 0 
8.65 0 0 0 
8.75 0 0 0 
8.85 0 0 0 
8.95 0 0 0 
9.05 0 0 0 
9.15 0 0 0 
9.25 0 0 0 
9.35 0 0 0 
9.45 0 0 0 
9.55 0 0 0 
9.65 0 0 0 
9.75 0 0 0 
9.85 0 0 0 
9.95 0 0 0 
10.05 0 0 0 
10.15 0 0 0 
10.25 0 0 0 
10.35 0 0 0 
10.45 0 0 0 
10.55 0 0 0 
10.65 0 0 0 
10.75 0 0 0 
10.85 0 0 0 
10.95 0 0 0 
11.05 0 0 0 
11.15 0 0 0 
11.25 0 0 0 
11.35 0 0 0 
11.45 0 0 0 
11.55 0 0 0 
11.65 0 0 0 
11.75 0 0 0 
11.85 0 0 0 
11.95 0 0 0 
