# Format: McCode with text headers
# URL: http://www.mccode.org
# Creator:  3.8.5, git
# Instrument: eqsans_cylinder.instr
# Ncount: 5000000
# Trace: no
# Gravitation: no
# Seed: 1790193538419239
# Directory: /Users/georgeyumnam/WORK/PANRAID/PaNRAID-results/Group2/panraidproject/dataset_cylinder/cyl_000464
# Param: gx=0
# Param: gy=0
# Param: sample_on=1
# Param: bs_radius=0
# Param: samp_ap=0.01
# Param: sld=7.41551
# Param: sld_solvent=1
# Param: radius=26.6382
# Param: length=285.762
# Param: pd_radius=0.22214
# Param: pd_length=0.277461
# Param: model_scale=1
# Param: model_abs=0
# Date: Wed Sep 23 21:59:16 2026 (1790193556)
# type: array_1d(120)
# Source: EQ_SANS_cylinder (eqsans_cylinder.instr)
# component: lambda_det
# position: 0 0 22.28
# title: Wavelength monitor
# Ncount: 5000000
# filename: lambda_det.dat
# statistics: X0=4.31641; dX=1.02828;
# signal: Min=0; Max=3.73485e+10; Mean=8.01048e+09;
# values: 9.61258e+11 5.57978e+09 290380
# xvar: L
# yvar: (I,I_err)
# xlabel: Wavelength [AA]
# ylabel: Intensity
# xlimits: 0 12
# variables: L I I_err N
0.05 0 0 0 
0.15 0 0 0 
0.25 0 0 0 
0.35 0 0 0 
0.45 0 0 0 
0.55 0 0 0 
0.65 0 0 0 
0.75 0 0 0 
0.85 0 0 0 
0.95 0 0 0 
1.05 0 0 0 
1.15 0 0 0 
1.25 0 0 0 
1.35 0 0 0 
1.45 0 0 0 
1.55 0 0 0 
1.65 0 0 0 
1.75 0 0 0 
1.85 0 0 0 
1.95 0 0 0 
2.05 0 0 0 
2.15 52546061.04 25379446.89 50 
2.25 8883026.489 3324460.215 50 
2.35 136803112.9 36181722.53 150 
2.45 505838723.7 84460947.05 400 
2.55 3268588827 952601352.1 1650 
2.65 4502451628 322146842.8 3050 
2.75 1.222869563e+10 563476309.2 7899 
2.85 2.859985977e+10 920576538 15899 
2.95 3.683888597e+10 1068517165 19297 
3.05 3.622917501e+10 1020574209 18698 
3.15 3.375149542e+10 1051826097 15100 
3.25 3.682142023e+10 1113233514 15900 
3.35 3.058865882e+10 951317526.9 13800 
3.45 3.734845621e+10 1094048946 15049 
3.55 3.264656377e+10 1011971378 12250 
3.65 3.408604043e+10 991528860.1 12098 
3.75 2.728886346e+10 904220511.6 8850 
3.85 3.452069778e+10 997788967.8 11200 
3.95 3.00553219e+10 1015530028 8899 
4.05 2.899113012e+10 855013360.9 9200 
4.15 3.270940883e+10 1170379048 8600 
4.25 3.035884644e+10 932915213.3 8150 
4.35 3.079107103e+10 1002941701 7700 
4.45 2.719607763e+10 861740263.3 6849 
4.55 2.970992656e+10 1004548630 6700 
4.65 2.564801755e+10 899057531.6 5549 
4.75 2.787948466e+10 1006557684 5900 
4.85 2.771984117e+10 911921901.3 5799 
4.95 2.192126309e+10 805746725.9 4400 
5.05 2.124728701e+10 862439064.5 4049 
5.15 2.769059081e+10 941259600.8 5049 
5.25 1.688642125e+10 711162225.2 3100 
5.35 1.467480942e+10 711483614.4 2700 
5.45 2.143438362e+10 808604906.8 3500 
5.55 1.830225108e+10 794835365.9 2899 
5.65 1.496724754e+10 733984668.2 2499 
5.75 1.635212226e+10 734134822.2 2549 
5.85 1.492668889e+10 689816146.6 2300 
5.95 1.590348199e+10 733818848.7 2300 
6.05 1.591678729e+10 639073789.8 2300 
6.15 1.408409978e+10 637055388.1 2000 
6.25 1.69716747e+10 794252421.9 2150 
6.35 1.50650286e+10 710439228.7 1999 
6.45 9049880037 509481219.6 1150 
6.55 4346518093 423978476.4 550 
6.65 1034034966 178747094.7 150 
6.75 0 0 0 
6.85 0 0 0 
6.95 0 0 0 
7.05 0 0 0 
7.15 0 0 0 
7.25 0 0 0 
7.35 0 0 0 
7.45 0 0 0 
7.55 0 0 0 
7.65 0 0 0 
7.75 0 0 0 
7.85 0 0 0 
7.95 0 0 0 
8.05 0 0 0 
8.15 0 0 0 
8.25 0 0 0 
8.35 0 0 0 
8.45 0 0 0 
8.55 0 0 0 
8.65 0 0 0 
8.75 0 0 0 
8.85 0 0 0 
8.95 0 0 0 
9.05 0 0 0 
9.15 0 0 0 
9.25 0 0 0 
9.35 0 0 0 
9.45 0 0 0 
9.55 0 0 0 
9.65 0 0 0 
9.75 0 0 0 
9.85 0 0 0 
9.95 0 0 0 
10.05 0 0 0 
10.15 0 0 0 
10.25 0 0 0 
10.35 0 0 0 
10.45 0 0 0 
10.55 0 0 0 
10.65 0 0 0 
10.75 0 0 0 
10.85 0 0 0 
10.95 0 0 0 
11.05 0 0 0 
11.15 0 0 0 
11.25 0 0 0 
11.35 0 0 0 
11.45 0 0 0 
11.55 0 0 0 
11.65 0 0 0 
11.75 0 0 0 
11.85 0 0 0 
11.95 0 0 0 
