# Format: McCode with text headers
# URL: http://www.mccode.org
# Creator:  3.8.5, git
# Instrument: eqsans_sans.instr
# Ncount: 10000000
# Trace: no
# Gravitation: no
# Seed: 1790180816252097
# Directory: /Users/georgeyumnam/WORK/PANRAID/PaNRAID-results/Group2/panraidproject/scan_sans_sample/x-14_y+17
# Param: gx=-0.014
# Param: gy=0.017
# Param: sample_on=1
# Param: R_sphere=100
# Param: Phi=0.01
# Param: bs_radius=0
# Param: samp_ap=0.01
# Date: Wed Sep 23 18:27:30 2026 (1790180850)
# type: array_1d(100)
# Source: EQ_SANS_sample (eqsans_sans.instr)
# component: qmon
# position: 0 0 22.281
# title: QMonitor - Distribution in q (Radially averaged)
# Ncount: 10000000
# filename: qdet.dat
# statistics: X0=0.0111888; dX=0.00916179;
# signal: Min=0; Max=2.99108e+08; Mean=2.03568e+07;
# values: 2.03568e+09 3.12171e+08 2308
# xvar: q
# yvar: (I,I_err)
# xlabel: q [1 / AA]
# ylabel: I(q)
# xlimits: 0 0.151561
# variables: q I I_err N
0.0007578035702 0 0 0 
0.002273410711 227445943.9 172795713.5 2 
0.003789017851 299108134.8 164631746.8 4 
0.005304624991 128556082.2 92086592.62 2 
0.006820232132 252557768.2 131334038.8 6 
0.008335839272 140217850.3 61411959.23 6 
0.009851446413 137226460.6 64700665.87 5 
0.01136705355 201500187.3 73113411.84 10 
0.01288266069 114398415.7 45403484.54 7 
0.01439826783 37086452.73 22801012.87 3 
0.01591387497 81670262.37 31217994.14 9 
0.01742948211 46718482.43 18831999.3 8 
0.01894508925 51665355.15 29025017.78 5 
0.0204606964 75991424.55 25570632.4 13 
0.02197630354 27117659.56 12120924.51 6 
0.02349191068 25224127.81 11916213.75 7 
0.02500751782 38155611.51 14527730.84 11 
0.02652312496 20352216.66 7040435.384 10 
0.0280387321 30756744.91 11425866.1 15 
0.02955433924 29796912.95 11209982.07 17 
0.03106994638 14718245.46 5540002.253 12 
0.03258555352 14933814.42 4699791.135 20 
0.03410116066 4835885.253 1579068.77 16 
0.0356167678 9897041.529 4450173.836 20 
0.03713237494 2234007.677 1419700.904 10 
0.03864798208 2433916.565 848634.9677 17 
0.04016358922 3680210.969 1790575.099 20 
0.04167919636 945902.7472 365373.1277 17 
0.0431948035 646308.4215 299373.8119 15 
0.04471041064 1020848.086 454578.1108 23 
0.04622601778 1207673.018 591320.0069 28 
0.04774162492 1120102.796 719780.7409 29 
0.04925723206 480277.9842 116496.891 25 
0.0507728392 639564.0313 164906.5762 25 
0.05228844634 901113.7447 191069.4256 33 
0.05380405348 826674.2578 172772.0508 30 
0.05531966062 641759.9365 155320.0309 25 
0.05683526776 813132.883 197030.5704 26 
0.05835087491 873360.5425 186865.9587 32 
0.05986648205 889339.5515 182335.2624 33 
0.06138208919 783529.394 158222.0178 33 
0.06289769633 798561.536 177876.0691 30 
0.06441330347 714965.7241 167308.7817 30 
0.06592891061 582135.9342 139102.1005 30 
0.06744451775 302709.7534 87656.09994 26 
0.06896012489 387407.1193 98096.18703 34 
0.07047573203 319154.9565 94754.50211 30 
0.07199133917 55799.36418 20283.43109 17 
0.07350694631 69033.44931 27332.57832 22 
0.07502255345 94259.763 36343.94635 35 
0.07653816059 104405.4306 36885.96233 35 
0.07805376773 100974.3341 35009.54649 40 
0.07956937487 67299.66259 17605.23756 39 
0.08108498201 51890.63887 13352.20949 27 
0.08260058915 98941.83248 23147.48775 35 
0.08411619629 90154.17746 18294.32523 38 
0.08563180343 132033.1536 27596.2123 36 
0.08714741057 97029.97183 21336.18938 29 
0.08866301771 156164.086 30511.02258 37 
0.09017862485 149618.9544 27370.12912 38 
0.09169423199 87256.10827 22134.86827 22 
0.09320983913 118093.3281 22749.83922 36 
0.09472544627 148629.3379 27822.2491 38 
0.09624105341 101021.1068 18830.993 37 
0.09775666056 92021.96217 18956.64043 38 
0.0992722677 96712.74003 18338.01926 51 
0.1007878748 64824.58844 14626.27096 39 
0.102303482 65108.94491 15738.69378 35 
0.1038190891 30172.03537 11111.63544 27 
0.1053346963 31894.59037 9166.008291 28 
0.1068503034 14921.81401 4303.807298 28 
0.1083659105 11496.01152 3453.282538 29 
0.1098815177 18437.96475 4829.163931 41 
0.1113971248 19559.40122 4346.279865 38 
0.112912732 14136.32496 3431.296464 28 
0.1144283391 14450.39077 4194.272438 20 
0.1159439462 16536.00862 4300.072453 20 
0.1174595534 25138.73704 5549.522292 27 
0.1189751605 18928.47364 4969.468014 25 
0.1204907677 24459.37795 5121.704421 30 
0.1220063748 24860.59757 5471.034801 27 
0.1235219819 35445.7022 6454.25271 39 
0.1250375891 27968.52081 5899.738252 27 
0.1265531962 20955.98349 4555.401419 25 
0.1280688034 21248.23152 4866.551155 25 
0.1295844105 15340.99827 4128.265437 24 
0.1311000176 15796.18217 4327.092046 21 
0.1326156248 12080.89093 3618.468422 20 
0.1341312319 12627.0712 3735.783628 23 
0.1356468391 4250.62004 1269.100743 25 
0.1371624462 6246.300734 2022.36219 19 
0.1386780533 4939.269553 1625.482915 17 
0.1401936605 1814.345694 1186.794325 16 
0.1417092676 2775.019907 917.2829753 19 
0.1432248748 4168.770375 1361.572134 22 
0.1447404819 2412.19521 901.2629494 13 
0.146256089 3605.00839 1235.511768 16 
0.1477716962 4092.506257 1303.533824 14 
0.1492873033 4060.227299 1211.953106 20 
0.1508029105 3749.843477 1160.955935 16 
