# Format: McCode with text headers
# URL: http://www.mccode.org
# Creator:  3.8.5, git
# Instrument: eqsans_sans.instr
# Ncount: 10000000
# Trace: no
# Gravitation: no
# Seed: 1790183572556640
# Directory: /Users/georgeyumnam/WORK/PANRAID/PaNRAID-results/Group2/panraidproject/scan_sans_sample/x+06_y-14
# Param: gx=0.006
# Param: gy=-0.014
# Param: sample_on=1
# Param: R_sphere=100
# Param: Phi=0.01
# Param: bs_radius=0
# Param: samp_ap=0.01
# Date: Wed Sep 23 19:13:28 2026 (1790183608)
# type: array_1d(120)
# Source: EQ_SANS_sample (eqsans_sans.instr)
# component: lambda_det
# position: 0 0 22.28
# title: Wavelength monitor
# Ncount: 10000000
# filename: lambda_det.dat
# statistics: X0=4.37948; dX=1.01358;
# signal: Min=0; Max=6025.77; Mean=923.848;
# values: 110862 8045.28 4241
# xvar: L
# yvar: (I,I_err)
# xlabel: Wavelength [AA]
# ylabel: Intensity
# xlimits: 0 12
# variables: L I I_err N
0.05 0 0 0 
0.15 0 0 0 
0.25 0 0 0 
0.35 0 0 0 
0.45 0 0 0 
0.55 0 0 0 
0.65 0 0 0 
0.75 0 0 0 
0.85 0 0 0 
0.95 0 0 0 
1.05 0 0 0 
1.15 0 0 0 
1.25 0 0 0 
1.35 0 0 0 
1.45 0 0 0 
1.55 0 0 0 
1.65 0 0 0 
1.75 0 0 0 
1.85 0 0 0 
1.95 0 0 0 
2.05 0 0 0 
2.15 0 0 0 
2.25 0.192299527 0.192299527 1 
2.35 0.8571368385 0.6242071627 6 
2.45 10.22150285 10.95363587 5 
2.55 223.1805531 217.147845 17 
2.65 63.90332021 44.94031919 40 
2.75 1299.022811 787.1612677 100 
2.85 2103.086481 896.3852613 212 
2.95 2134.927013 737.111586 267 
3.05 3675.308126 1588.144248 279 
3.15 5704.414509 2088.561751 266 
3.25 2801.364947 1183.477801 224 
3.35 4974.620047 1751.110631 248 
3.45 5329.772779 1982.61976 209 
3.55 4283.986567 1480.268231 168 
3.65 3563.482883 1302.466579 180 
3.75 6025.768831 2063.322888 139 
3.85 2858.433815 1208.106134 152 
3.95 1167.61123 435.3936024 130 
4.05 1613.6076 697.4785244 123 
4.15 3777.922541 1298.903037 122 
4.25 5086.575959 2107.06062 105 
4.35 1879.566906 842.1842942 102 
4.45 3361.51722 1556.734542 92 
4.55 4951.340417 1696.083757 90 
4.65 4599.112693 1789.867332 99 
4.75 2043.672731 915.9123878 83 
4.85 1053.548704 599.0256996 67 
4.95 4667.641291 1888.867701 72 
5.05 1225.013831 464.37519 58 
5.15 4141.97852 1905.627172 72 
5.25 1356.268525 792.4087196 59 
5.35 1325.209917 644.5642578 48 
5.45 959.4125485 526.0886108 44 
5.55 4214.498543 1634.692419 52 
5.65 1409.648127 686.2882393 39 
5.75 4000.124375 1699.331599 48 
5.85 3189.585148 1222.807245 40 
5.95 1221.079995 550.9802116 48 
6.05 2278.778693 1197.123926 22 
6.15 3796.112399 1566.312088 31 
6.25 256.9114966 106.4304541 30 
6.35 904.3954827 663.5522576 24 
6.45 978.4669726 604.3815591 18 
6.55 342.1626561 219.3712268 9 
6.65 7.46227754 7.46227754 1 
6.75 0 0 0 
6.85 0 0 0 
6.95 0 0 0 
7.05 0 0 0 
7.15 0 0 0 
7.25 0 0 0 
7.35 0 0 0 
7.45 0 0 0 
7.55 0 0 0 
7.65 0 0 0 
7.75 0 0 0 
7.85 0 0 0 
7.95 0 0 0 
8.05 0 0 0 
8.15 0 0 0 
8.25 0 0 0 
8.35 0 0 0 
8.45 0 0 0 
8.55 0 0 0 
8.65 0 0 0 
8.75 0 0 0 
8.85 0 0 0 
8.95 0 0 0 
9.05 0 0 0 
9.15 0 0 0 
9.25 0 0 0 
9.35 0 0 0 
9.45 0 0 0 
9.55 0 0 0 
9.65 0 0 0 
9.75 0 0 0 
9.85 0 0 0 
9.95 0 0 0 
10.05 0 0 0 
10.15 0 0 0 
10.25 0 0 0 
10.35 0 0 0 
10.45 0 0 0 
10.55 0 0 0 
10.65 0 0 0 
10.75 0 0 0 
10.85 0 0 0 
10.95 0 0 0 
11.05 0 0 0 
11.15 0 0 0 
11.25 0 0 0 
11.35 0 0 0 
11.45 0 0 0 
11.55 0 0 0 
11.65 0 0 0 
11.75 0 0 0 
11.85 0 0 0 
11.95 0 0 0 
