# Format: McCode with text headers
# URL: http://www.mccode.org
# Creator:  3.8.5, git
# Instrument: eqsans_cylinder.instr
# Ncount: 5000000
# Trace: no
# Gravitation: no
# Seed: 1790193543385283
# Directory: /Users/georgeyumnam/WORK/PANRAID/PaNRAID-results/Group2/panraidproject/dataset_cylinder/cyl_000469
# Param: gx=0
# Param: gy=0
# Param: sample_on=1
# Param: bs_radius=0
# Param: samp_ap=0.01
# Param: sld=7.9967
# Param: sld_solvent=1
# Param: radius=108.258
# Param: length=337.236
# Param: pd_radius=0.024796
# Param: pd_length=0.288955
# Param: model_scale=1
# Param: model_abs=0
# Date: Wed Sep 23 21:59:21 2026 (1790193561)
# type: array_1d(120)
# Source: EQ_SANS_cylinder (eqsans_cylinder.instr)
# component: lambda_det
# position: 0 0 22.28
# title: Wavelength monitor
# Ncount: 5000000
# filename: lambda_det.dat
# statistics: X0=4.37104; dX=1.06516;
# signal: Min=0; Max=2.63461e+12; Mean=5.68094e+11;
# values: 6.81713e+13 8.64462e+11 285989
# xvar: L
# yvar: (I,I_err)
# xlabel: Wavelength [AA]
# ylabel: Intensity
# xlimits: 0 12
# variables: L I I_err N
0.05 0 0 0 
0.15 0 0 0 
0.25 0 0 0 
0.35 0 0 0 
0.45 0 0 0 
0.55 0 0 0 
0.65 0 0 0 
0.75 0 0 0 
0.85 0 0 0 
0.95 0 0 0 
1.05 0 0 0 
1.15 0 0 0 
1.25 0 0 0 
1.35 0 0 0 
1.45 0 0 0 
1.55 0 0 0 
1.65 0 0 0 
1.75 0 0 0 
1.85 0 0 0 
1.95 0 0 0 
2.05 0 0 0 
2.15 288240024.1 151422832.9 50 
2.25 1291482011 1152633161 50 
2.35 2.74899667e+10 1.697395075e+10 250 
2.45 6.29529282e+10 2.227441325e+10 550 
2.55 1.457896704e+11 4.706692842e+10 1350 
2.65 3.365102566e+11 5.469663468e+10 2900 
2.75 9.246916223e+11 1.099361557e+11 8200 
2.85 1.949195329e+12 1.579803938e+11 14250 
2.95 2.296326887e+12 1.692278019e+11 16900 
3.05 2.621547747e+12 1.793855772e+11 17950 
3.15 2.416821808e+12 1.642910977e+11 16700 
3.25 2.519490541e+12 1.738411006e+11 16049 
3.35 2.241127395e+12 1.522092182e+11 14648 
3.45 2.464551619e+12 1.73114292e+11 14200 
3.55 2.376899155e+12 1.569067079e+11 12899 
3.65 2.403140867e+12 1.640410524e+11 12000 
3.75 2.63461197e+12 1.690128193e+11 11550 
3.85 2.149784052e+12 1.53202883e+11 10250 
3.95 2.116952164e+12 1.516684341e+11 9200 
4.05 1.823862314e+12 1.265193496e+11 8750 
4.15 2.158027144e+12 1.535305572e+11 7949 
4.25 1.864618382e+12 1.358036664e+11 7600 
4.35 1.72909823e+12 1.273831609e+11 6250 
4.45 2.020910447e+12 1.454573038e+11 6750 
4.55 1.727534125e+12 1.339374655e+11 5700 
4.65 1.305542353e+12 1.087886557e+11 4448 
4.75 1.493212003e+12 1.20774162e+11 4599 
4.85 1.858506413e+12 1.377942303e+11 5500 
4.95 1.912470985e+12 1.457130554e+11 5100 
5.05 1.548613397e+12 1.26326956e+11 4400 
5.15 1.433234222e+12 1.248611101e+11 3799 
5.25 1.484458827e+12 1.246349875e+11 3850 
5.35 1.35978406e+12 1.219285366e+11 3200 
5.45 1.784636931e+12 1.413774005e+11 3500 
5.55 1.676532994e+12 1.356971721e+11 3549 
5.65 1.177216688e+12 1.124843998e+11 2550 
5.75 1.445653665e+12 1.209162668e+11 3349 
5.85 1.248044495e+12 1.032331743e+11 2800 
5.95 9.014187537e+11 9.72522975e+10 1900 
6.05 1.406110747e+12 1.21479768e+11 2750 
6.15 1.401494424e+12 1.353226561e+11 2200 
6.25 7.76001899e+11 1.024507212e+11 1100 
6.35 1.462671815e+12 1.336213709e+11 2250 
6.45 1.045552798e+12 1.099302623e+11 1600 
6.55 4.227371534e+11 7.339041922e+10 550 
6.65 0 0 0 
6.75 1.39054552e+10 7329514371 50 
6.85 0 0 0 
6.95 0 0 0 
7.05 0 0 0 
7.15 0 0 0 
7.25 0 0 0 
7.35 0 0 0 
7.45 0 0 0 
7.55 0 0 0 
7.65 0 0 0 
7.75 0 0 0 
7.85 0 0 0 
7.95 0 0 0 
8.05 0 0 0 
8.15 0 0 0 
8.25 0 0 0 
8.35 0 0 0 
8.45 0 0 0 
8.55 0 0 0 
8.65 0 0 0 
8.75 0 0 0 
8.85 0 0 0 
8.95 0 0 0 
9.05 0 0 0 
9.15 0 0 0 
9.25 0 0 0 
9.35 0 0 0 
9.45 0 0 0 
9.55 0 0 0 
9.65 0 0 0 
9.75 0 0 0 
9.85 0 0 0 
9.95 0 0 0 
10.05 0 0 0 
10.15 0 0 0 
10.25 0 0 0 
10.35 0 0 0 
10.45 0 0 0 
10.55 0 0 0 
10.65 0 0 0 
10.75 0 0 0 
10.85 0 0 0 
10.95 0 0 0 
11.05 0 0 0 
11.15 0 0 0 
11.25 0 0 0 
11.35 0 0 0 
11.45 0 0 0 
11.55 0 0 0 
11.65 0 0 0 
11.75 0 0 0 
11.85 0 0 0 
11.95 0 0 0 
