# Format: McCode with text headers
# URL: http://www.mccode.org
# Creator:  3.8.5, git
# Instrument: eqsans_cylinder.instr
# Ncount: 5000000
# Trace: no
# Gravitation: no
# Seed: 1790194206563875
# Directory: /Users/georgeyumnam/WORK/PANRAID/PaNRAID-results/Group2/panraidproject/dataset_cylinder/cyl_000835
# Param: gx=0
# Param: gy=0
# Param: sample_on=1
# Param: bs_radius=0
# Param: samp_ap=0.01
# Param: sld=7.33178
# Param: sld_solvent=1
# Param: radius=33.2491
# Param: length=354.475
# Param: pd_radius=0.263514
# Param: pd_length=0.233556
# Param: model_scale=1
# Param: model_abs=0
# Date: Wed Sep 23 22:10:24 2026 (1790194224)
# type: array_1d(100)
# Source: EQ_SANS_cylinder (eqsans_cylinder.instr)
# component: qmon
# position: 0 0 22.281
# title: QMonitor - Distribution in q (Radially averaged)
# Ncount: 5000000
# filename: qdet.dat
# statistics: X0=0.0169416; dX=0.0161338;
# signal: Min=4.64887e+11; Max=3.28823e+15; Mean=3.63658e+14;
# values: 3.63658e+16 1.09924e+15 255394
# xvar: q
# yvar: (I,I_err)
# xlabel: q [1 / AA]
# ylabel: I(q)
# xlimits: 0 0.151561
# variables: q I I_err N
0.0007578035702 3.288226467e+15 8.664547197e+14 48 
0.002273410711 2.535442404e+15 4.351636183e+14 112 
0.003789017851 2.70505124e+15 3.032391454e+14 222 
0.005304624991 2.085669351e+15 2.176093603e+14 276 
0.006820232132 2.015254249e+15 2.03790897e+14 343 
0.008335839272 1.976772613e+15 1.668809199e+14 435 
0.009851446413 1.554387475e+15 1.10333359e+14 526 
0.01136705355 1.738192592e+15 1.198928051e+14 635 
0.01288266069 1.631846924e+15 1.086147238e+14 693 
0.01439826783 1.493420927e+15 8.997016325e+13 814 
0.01591387497 1.370147222e+15 7.84411653e+13 868 
0.01742948211 1.183926056e+15 6.466704855e+13 960 
0.01894508925 1.186096277e+15 6.079133659e+13 1069 
0.0204606964 9.791003506e+14 4.849265628e+13 1130 
0.02197630354 9.464528473e+14 4.593593487e+13 1191 
0.02349191068 8.192374963e+14 3.674319872e+13 1282 
0.02500751782 7.669936719e+14 3.391949115e+13 1333 
0.02652312496 7.102529106e+14 3.448127337e+13 1353 
0.0280387321 6.266024216e+14 2.783275488e+13 1467 
0.02955433924 6.385480129e+14 2.578884814e+13 1635 
0.03106994638 5.425789854e+14 2.201413099e+13 1643 
0.03258555352 5.19040484e+14 1.935026005e+13 1787 
0.03410116066 4.573696754e+14 1.655556091e+13 1852 
0.0356167678 4.05300054e+14 1.391635758e+13 1931 
0.03713237494 3.883628683e+14 1.315437221e+13 1971 
0.03864798208 3.492053481e+14 1.183475207e+13 2109 
0.04016358922 3.332151717e+14 1.103604975e+13 2192 
0.04167919636 2.809098106e+14 9.012121267e+12 2163 
0.0431948035 2.603222344e+14 7.968856783e+12 2286 
0.04471041064 2.400247576e+14 6.966670721e+12 2450 
0.04622601778 2.24766174e+14 6.415360344e+12 2581 
0.04774162492 1.973584715e+14 5.59462435e+12 2558 
0.04925723206 1.924258818e+14 5.368699749e+12 2677 
0.0507728392 1.747545233e+14 4.839405687e+12 2689 
0.05228844634 1.51879164e+14 4.005633626e+12 2795 
0.05380405348 1.384956372e+14 3.595582664e+12 2909 
0.05531966062 1.259106749e+14 3.274202422e+12 2966 
0.05683526776 1.122522103e+14 2.742497208e+12 3072 
0.05835087491 1.065603498e+14 2.602451186e+12 3242 
0.05986648205 9.361308115e+13 2.234237016e+12 3226 
0.06138208919 8.291636156e+13 1.983734218e+12 3201 
0.06289769633 7.696622372e+13 1.811050621e+12 3361 
0.06441330347 6.770897833e+13 1.561121249e+12 3443 
0.06592891061 6.277146752e+13 1.418079209e+12 3498 
0.06744451775 5.415495039e+13 1.207816421e+12 3505 
0.06896012489 4.8538906e+13 1.091167346e+12 3492 
0.07047573203 4.265728914e+13 9.5373776e+11 3513 
0.07199133917 4.015752967e+13 8.826576019e+11 3719 
0.07350694631 3.489913072e+13 7.572126016e+11 3745 
0.07502255345 3.030750714e+13 6.623636176e+11 3673 
0.07653816059 2.747105094e+13 5.888883325e+11 3822 
0.07805376773 2.439143435e+13 5.255840974e+11 3770 
0.07956937487 2.262986888e+13 4.799258518e+11 3967 
0.08108498201 1.940925775e+13 4.068791028e+11 3904 
0.08260058915 1.751565653e+13 3.713216604e+11 3925 
0.08411619629 1.531330918e+13 3.296319766e+11 3883 
0.08563180343 1.329357522e+13 2.881779599e+11 3836 
0.08714741057 1.259537305e+13 2.687175904e+11 3996 
0.08866301771 1.107379673e+13 2.381335203e+11 3991 
0.09017862485 9.950452954e+12 2.156208895e+11 3941 
0.09169423199 8.986663648e+12 1.921442663e+11 3972 
0.09320983913 7.816441481e+12 1.709111557e+11 3853 
0.09472544627 7.334166914e+12 1.609774254e+11 3962 
0.09624105341 6.294839243e+12 1.384680021e+11 3815 
0.09775666056 6.008581466e+12 1.333195277e+11 3876 
0.0992722677 5.302288112e+12 1.212104107e+11 3683 
0.1007878748 4.746705493e+12 1.084371822e+11 3634 
0.102303482 4.345831872e+12 9.866040355e+10 3659 
0.1038190891 4.144448356e+12 9.763208504e+10 3567 
0.1053346963 3.880740892e+12 8.942469743e+10 3587 
0.1068503034 3.609596789e+12 8.610741512e+10 3526 
0.1083659105 3.179128118e+12 7.659353125e+10 3372 
0.1098815177 3.133789812e+12 7.582546066e+10 3430 
0.1113971248 2.849079017e+12 7.060626142e+10 3319 
0.112912732 2.748417255e+12 6.785418505e+10 3337 
0.1144283391 2.463403097e+12 6.101351578e+10 3265 
0.1159439462 2.32409427e+12 6.011371837e+10 3105 
0.1174595534 2.204372507e+12 5.651810503e+10 3110 
0.1189751605 1.928978234e+12 5.02613496e+10 2950 
0.1204907677 2.01330952e+12 5.111119856e+10 3119 
0.1220063748 1.750803943e+12 4.59185796e+10 2844 
0.1235219819 1.661371629e+12 4.51346938e+10 2786 
0.1250375891 1.534446231e+12 4.17959077e+10 2748 
0.1265531962 1.433605925e+12 3.98466393e+10 2697 
0.1280688034 1.360596457e+12 3.702325073e+10 2658 
0.1295844105 1.272421559e+12 3.436644489e+10 2599 
0.1311000176 1.181508291e+12 3.27188335e+10 2504 
0.1326156248 1.107879149e+12 3.138745736e+10 2421 
0.1341312319 1.056337581e+12 2.967368716e+10 2390 
0.1356468391 9.757335909e+11 2.781209867e+10 2319 
0.1371624462 8.835889876e+11 2.545250793e+10 2219 
0.1386780533 8.099184957e+11 2.34754605e+10 2187 
0.1401936605 7.706672407e+11 2.282563455e+10 2080 
0.1417092676 7.133566282e+11 2.135330174e+10 2037 
0.1432248748 6.521595099e+11 1.966241494e+10 2031 
0.1447404819 6.140363544e+11 1.892888875e+10 1929 
0.146256089 6.000865349e+11 1.87249307e+10 1892 
0.1477716962 5.184577416e+11 1.60109497e+10 1819 
0.1492873033 4.648866461e+11 1.469715416e+10 1700 
0.1508029105 4.660652845e+11 1.480919735e+10 1717 
