# Format: McCode with text headers
# URL: http://www.mccode.org
# Creator:  3.8.5, git
# Instrument: eqsans_cylinder.instr
# Ncount: 5000000
# Trace: no
# Gravitation: no
# Seed: 1790194728730878
# Directory: /Users/georgeyumnam/WORK/PANRAID/PaNRAID-results/Group2/panraidproject/dataset_cylinder/cyl_001125
# Param: gx=0
# Param: gy=0
# Param: sample_on=1
# Param: bs_radius=0
# Param: samp_ap=0.01
# Param: sld=1.45251
# Param: sld_solvent=1
# Param: radius=153.174
# Param: length=900.349
# Param: pd_radius=0.260382
# Param: pd_length=0.085503
# Param: model_scale=1
# Param: model_abs=0
# Date: Wed Sep 23 22:19:06 2026 (1790194746)
# type: array_1d(100)
# Source: EQ_SANS_cylinder (eqsans_cylinder.instr)
# component: qmon
# position: 0 0 22.281
# title: QMonitor - Radially averaged distribution
# Ncount: 5000000
# filename: rdet.dat
# statistics: X0=0.0343096; dX=0.0299049;
# signal: Min=1.85711e+11; Max=5.39949e+15; Mean=4.53911e+14;
# values: 4.53911e+16 2.57459e+15 164338
# xvar: r
# yvar: (I,I_err)
# xlabel: Radius [m]
# ylabel: I(r)
# xlimits: 0 0.5
# variables: r I I_err N
0.0025 4.21219666e+15 1.629429498e+15 21 
0.0075 5.399485723e+15 1.444791314e+15 44 
0.0125 3.804331949e+15 6.619846522e+14 75 
0.0175 3.946883382e+15 5.948836925e+14 115 
0.0225 3.802946034e+15 5.945665454e+14 143 
0.0275 3.916107769e+15 5.917974321e+14 188 
0.0325 2.242362618e+15 2.845230816e+14 194 
0.0375 3.056255856e+15 4.265589406e+14 225 
0.0425 1.95860761e+15 2.417727271e+14 269 
0.0475 2.021527897e+15 2.078271912e+14 327 
0.0525 2.313513098e+15 2.620766759e+14 382 
0.0575 1.42596961e+15 1.719036766e+14 360 
0.0625 1.393255546e+15 1.42596244e+14 443 
0.0675 9.958128185e+14 9.062948564e+13 427 
0.0725 8.258565448e+14 8.294189553e+13 477 
0.0775 8.650049135e+14 8.549149499e+13 542 
0.0825 6.58465075e+14 7.263581865e+13 524 
0.0875 5.520434046e+14 5.908082822e+13 593 
0.0925 3.385541426e+14 3.640070667e+13 640 
0.0975 3.158903434e+14 3.539522183e+13 675 
0.1025 2.592154707e+14 2.957540146e+13 657 
0.1075 1.907648817e+14 1.75618195e+13 746 
0.1125 1.360544756e+14 1.315255362e+13 741 
0.1175 1.320907045e+14 1.310063713e+13 801 
0.1225 9.079196422e+13 7.564998365e+12 814 
0.1275 7.402409362e+13 6.577339317e+12 855 
0.1325 6.162325389e+13 5.754434026e+12 912 
0.1375 5.225567282e+13 4.283613349e+12 871 
0.1425 4.531855093e+13 3.753243357e+12 908 
0.1475 3.578178448e+13 3.042202241e+12 957 
0.1525 3.420858433e+13 3.293775849e+12 1016 
0.1575 2.788292537e+13 2.281621132e+12 1026 
0.1625 2.120932181e+13 1.561566034e+12 1108 
0.1675 1.690117786e+13 1.104877607e+12 1114 
0.1725 1.541746171e+13 1.121041466e+12 1062 
0.1775 1.453198435e+13 9.366157385e+11 1168 
0.1825 1.193107678e+13 7.163855647e+11 1198 
0.1875 1.181415831e+13 7.051360805e+11 1262 
0.1925 9.343497168e+12 5.02137715e+11 1263 
0.1975 8.67076588e+12 5.072277359e+11 1237 
0.2025 8.074891354e+12 4.441605952e+11 1367 
0.2075 6.881774288e+12 3.584698319e+11 1336 
0.2125 5.91340647e+12 3.097931311e+11 1391 
0.2175 5.666528718e+12 2.890118534e+11 1506 
0.2225 5.235421597e+12 2.587491413e+11 1541 
0.2275 4.674348245e+12 2.31701214e+11 1499 
0.2325 4.181623844e+12 2.043587993e+11 1505 
0.2375 4.189436209e+12 2.120192199e+11 1620 
0.2425 3.48820741e+12 1.617401695e+11 1535 
0.2475 3.144543498e+12 1.501743002e+11 1570 
0.2525 3.042547814e+12 1.476529033e+11 1718 
0.2575 2.919563265e+12 1.29920956e+11 1710 
0.2625 2.544649556e+12 1.128862632e+11 1794 
0.2675 2.407748838e+12 1.169345726e+11 1708 
0.2725 2.197468739e+12 9.964115553e+10 1815 
0.2775 2.110490483e+12 9.234061757e+10 1829 
0.2825 1.868803814e+12 8.167244898e+10 1867 
0.2875 1.635149102e+12 7.536227209e+10 1801 
0.2925 1.693624781e+12 7.513691267e+10 1991 
0.2975 1.510725545e+12 6.518895291e+10 1957 
0.3025 1.424133825e+12 6.321449942e+10 2016 
0.3075 1.345589744e+12 5.60865619e+10 2006 
0.3125 1.224561468e+12 5.205645719e+10 2018 
0.3175 1.117475754e+12 4.576903306e+10 2068 
0.3225 1.127723955e+12 4.396869883e+10 2098 
0.3275 1.071370116e+12 4.476331553e+10 2113 
0.3325 9.688568652e+11 3.958900797e+10 2170 
0.3375 1.00949852e+12 4.159726474e+10 2257 
0.3425 8.358247768e+11 3.360157937e+10 2223 
0.3475 7.771615059e+11 3.178917928e+10 2248 
0.3525 7.888412673e+11 3.118058867e+10 2361 
0.3575 6.767779178e+11 2.592216584e+10 2299 
0.3625 7.197830011e+11 2.792077332e+10 2411 
0.3675 6.505525573e+11 2.508925734e+10 2384 
0.3725 6.457050094e+11 2.547711967e+10 2451 
0.3775 5.961432308e+11 2.265595471e+10 2535 
0.3825 5.286001924e+11 2.059932184e+10 2422 
0.3875 5.086208653e+11 1.956670731e+10 2476 
0.3925 5.038156916e+11 1.789846557e+10 2676 
0.3975 4.412727038e+11 1.594960464e+10 2647 
0.4025 4.696711222e+11 1.667147641e+10 2775 
0.4075 4.35893974e+11 1.589966896e+10 2654 
0.4125 3.950399853e+11 1.430293611e+10 2699 
0.4175 3.632829803e+11 1.314211098e+10 2683 
0.4225 3.749422592e+11 1.402950049e+10 2771 
0.4275 3.499588264e+11 1.22786589e+10 2773 
0.4325 3.18925912e+11 1.096393655e+10 2908 
0.4375 3.145807469e+11 1.094506451e+10 2821 
0.4425 2.988008082e+11 1.008785586e+10 2856 
0.4475 2.806941213e+11 9322331971 2956 
0.4525 2.781061937e+11 9414790003 3005 
0.4575 2.660421022e+11 8968852905 2976 
0.4625 2.546274542e+11 8510959728 3072 
0.4675 2.435832569e+11 8196436207 3038 
0.4725 2.355728485e+11 7706538196 3190 
0.4775 2.189506797e+11 7377346568 3066 
0.4825 2.084557682e+11 6909717237 3091 
0.4875 2.02378207e+11 6777542723 3165 
0.4925 1.893063461e+11 6183286612 3202 
0.4975 1.857114821e+11 5982620920 3318 
