# Format: McCode with text headers
# URL: http://www.mccode.org
# Creator:  3.8.5, git
# Instrument: eqsans_sans.instr
# Ncount: 10000000
# Trace: no
# Gravitation: no
# Seed: 1790184969458015
# Directory: /Users/georgeyumnam/WORK/PANRAID/PaNRAID-results/Group2/panraidproject/scan_sans_sample/x+15_y+16
# Param: gx=0.015
# Param: gy=0.016
# Param: sample_on=1
# Param: R_sphere=100
# Param: Phi=0.01
# Param: bs_radius=0
# Param: samp_ap=0.01
# Date: Wed Sep 23 19:36:44 2026 (1790185004)
# type: array_1d(100)
# Source: EQ_SANS_sample (eqsans_sans.instr)
# component: qmon
# position: 0 0 22.281
# title: QMonitor - Radially averaged distribution
# Ncount: 10000000
# filename: rdet.dat
# statistics: X0=0.0610674; dX=0.0563497;
# signal: Min=0; Max=1.47458e+08; Mean=5.85965e+06;
# values: 5.85965e+08 1.09937e+08 1310
# xvar: r
# yvar: (I,I_err)
# xlabel: Radius [m]
# ylabel: I(r)
# xlimits: 0 0.5
# variables: r I I_err N
0.0025 0 0 0 
0.0075 0 0 0 
0.0125 147458219.1 86051620.64 3 
0.0175 35174255.59 35174255.59 1 
0.0225 24928634.36 24928634.36 1 
0.0275 37208854.2 26517392.04 2 
0.0325 21110679.21 21110679.21 1 
0.0375 39013115.57 22641347.86 3 
0.0425 8052510.257 8052510.257 1 
0.0475 15035993.8 15035993.8 1 
0.0525 9794469.093 7044588.667 2 
0.0575 21621367.56 13021918.54 3 
0.0625 0 0 0 
0.0675 16267564.06 9410249.691 3 
0.0725 12010481.58 8495886.992 2 
0.0775 22781010.09 11449869.33 5 
0.0825 17804811.29 9024512.976 5 
0.0875 12875062.08 8790813.962 3 
0.0925 10984764.28 6702813.708 3 
0.0975 11262060.47 5664441.879 4 
0.1025 11335250.48 5673509.131 7 
0.1075 14159761.14 6113196.37 8 
0.1125 2544432.143 2544432.143 1 
0.1175 4003253.752 2372283.906 4 
0.1225 10057644.66 4529786.459 7 
0.1275 5815698.372 3160325.35 7 
0.1325 12054352.02 5376501.102 10 
0.1375 3600889.41 2283134.291 4 
0.1425 9300136.331 4406803.389 9 
0.1475 5034165.795 2602296.321 6 
0.1525 4135292.873 2320543.608 6 
0.1575 7733474.427 3384297.764 10 
0.1625 2029351.449 1111891.704 8 
0.1675 3328138.8 1648489.947 8 
0.1725 3852360.216 2014426.371 12 
0.1775 3083342.466 1727600.916 7 
0.1825 1468291.036 673486.8421 8 
0.1875 2377011.442 1150721.829 13 
0.1925 1768897.858 1281391.322 9 
0.1975 2118669.606 1516173.924 7 
0.2025 1981178.36 974600.2562 16 
0.2075 953863.9214 460467.7006 9 
0.2125 497047.5209 333034.0196 8 
0.2175 1154668.897 711107.0036 11 
0.2225 693286.3345 390195.9092 13 
0.2275 1046383.651 665704.1998 12 
0.2325 187663.0146 95391.5955 9 
0.2375 202086.3681 100171.813 8 
0.2425 772574.1602 404056.8529 12 
0.2475 88342.59287 37615.87601 6 
0.2525 526830.029 232038.394 14 
0.2575 177509.2307 56633.45893 15 
0.2625 133905.4078 53965.80544 10 
0.2675 409427.1826 222236.9079 16 
0.2725 352412.5605 148402.1868 18 
0.2775 222945.188 151744.032 9 
0.2825 102251.941 34825.40673 15 
0.2875 349948.5403 169934.1375 16 
0.2925 70378.67227 32207.63496 8 
0.2975 155712.7556 51684.05311 16 
0.3025 73692.17205 35235.98318 11 
0.3075 227219.2519 55946.37215 25 
0.3125 159974.4258 58328.86078 21 
0.3175 113908.3678 34526.93961 21 
0.3225 74979.08159 28968.56413 17 
0.3275 66724.4619 28049.75712 17 
0.3325 63250.30042 26893.37377 13 
0.3375 75328.33304 28770.44347 13 
0.3425 109744.3276 36750.22221 18 
0.3475 109970.5576 31212.65441 23 
0.3525 80718.27275 30208.52843 14 
0.3575 90941.14972 26230.07328 23 
0.3625 99831.98526 31731.09776 21 
0.3675 47891.32555 20496.88204 18 
0.3725 71315.54594 24213.68386 16 
0.3775 84384.48446 28637.88766 19 
0.3825 88503.78893 24477.01261 26 
0.3875 66952.1571 21968.98152 22 
0.3925 78801.58427 26026.27328 24 
0.3975 69008.37187 23982.27188 25 
0.4025 56494.33095 22875.12817 15 
0.4075 107431.2743 26586.46682 36 
0.4125 45862.44608 16123.16635 25 
0.4175 54114.79577 16250.06531 25 
0.4225 57929.07109 19771.99885 25 
0.4275 40838.34045 13005.34768 22 
0.4325 53696.76839 13741.70998 40 
0.4375 59246.55835 18974.79165 26 
0.4425 27880.53253 10475.52047 22 
0.4475 42360.11626 15470.6473 23 
0.4525 30802.24719 13181.16141 22 
0.4575 21045.0083 7087.568782 26 
0.4625 40300.91875 14062.89735 18 
0.4675 55390.87142 18058.16186 26 
0.4725 11220.18481 6194.102826 16 
0.4775 55652.03416 20061.70156 21 
0.4825 17835.59244 4320.524161 26 
0.4875 19734.62215 10212.36755 23 
0.4925 23366.82511 9395.965974 26 
0.4975 28320.27164 11297.60002 25 
