# Format: McCode with text headers
# URL: http://www.mccode.org
# Creator:  3.8.5, git
# Instrument: eqsans_sans.instr
# Ncount: 10000000
# Trace: no
# Gravitation: no
# Seed: 1790174390069572
# Directory: /Users/georgeyumnam/WORK/PANRAID/PaNRAID-results/Group2/panraidproject/scan_sans_nosample/x-13_y-07
# Param: gx=-0.013
# Param: gy=-0.007
# Param: sample_on=0
# Param: R_sphere=100
# Param: Phi=0.01
# Param: bs_radius=0
# Param: samp_ap=0.01
# Date: Wed Sep 23 16:40:25 2026 (1790174425)
# type: array_1d(120)
# Source: EQ_SANS_sample (eqsans_sans.instr)
# component: lambda_det
# position: 0 0 22.28
# title: Wavelength monitor
# Ncount: 10000000
# filename: lambda_det.dat
# statistics: X0=3.85704; dX=0.930722;
# signal: Min=0; Max=229395; Mean=28008.9;
# values: 3.36107e+06 51433.9 4442
# xvar: L
# yvar: (I,I_err)
# xlabel: Wavelength [AA]
# ylabel: Intensity
# xlimits: 0 12
# variables: L I I_err N
0.05 0 0 0 
0.15 0 0 0 
0.25 0 0 0 
0.35 0 0 0 
0.45 0 0 0 
0.55 0 0 0 
0.65 0 0 0 
0.75 0 0 0 
0.85 0 0 0 
0.95 0 0 0 
1.05 0 0 0 
1.15 0 0 0 
1.25 0 0 0 
1.35 0 0 0 
1.45 0 0 0 
1.55 0 0 0 
1.65 0 0 0 
1.75 0 0 0 
1.85 0 0 0 
1.95 0 0 0 
2.05 0 0 0 
2.15 0 0 0 
2.25 1978.959616 1215.181365 3 
2.35 5025.235767 1953.727063 7 
2.45 4664.970069 1945.410511 6 
2.55 20644.2416 4020.672819 27 
2.65 38638.55655 5425.551997 53 
2.75 116557.4571 9332.854036 162 
2.85 208494.1546 12804.56495 276 
2.95 229394.9487 13506.97989 300 
3.05 206748.3135 12719.4266 275 
3.15 178048.4811 11814.8132 237 
3.25 206429.2512 12819.56891 270 
3.35 164705.2497 11436.1016 216 
3.45 155693.7881 11035.60414 206 
3.55 137797.8892 10433.92766 182 
3.65 111650.2233 9271.239268 151 
3.75 138492.2477 10503.64098 180 
3.85 104782.6278 9236.140123 134 
3.95 106254.5985 9068.182498 143 
4.05 108598.011 9272.372009 142 
4.15 89977.83312 8481.470228 117 
4.25 74429.40168 7665.391165 98 
4.35 76834.46804 7718.964091 103 
4.45 77771.11074 7758.561855 105 
4.55 77125.1847 7892.071597 99 
4.65 69335.01099 7422.028718 91 
4.75 60714.21811 6973.537605 79 
4.85 66723.4867 7370.941242 85 
4.95 48159.40513 6135.279825 64 
5.05 51047.28645 6278.4307 69 
5.15 53954.27844 6599.686407 69 
5.25 34284.53213 5216.682826 45 
5.35 43289.51203 5771.862481 59 
5.45 47055.25217 6095.065136 62 
5.55 37977.03295 5580.526445 48 
5.65 23713.88961 4279.128296 32 
5.75 34692.62752 5098.883243 48 
5.85 19000.89622 3785.658261 26 
5.95 26579.99964 4564.40434 35 
6.05 21391.1418 4063.879252 29 
6.15 21174.43332 4101.651264 28 
6.25 26956.52594 4535.695992 37 
6.35 15849.07897 3596.288862 20 
6.45 11209.69918 3038.105803 14 
6.55 7224.064382 2358.121287 10 
6.65 0 0 0 
6.75 0 0 0 
6.85 0 0 0 
6.95 0 0 0 
7.05 0 0 0 
7.15 0 0 0 
7.25 0 0 0 
7.35 0 0 0 
7.45 0 0 0 
7.55 0 0 0 
7.65 0 0 0 
7.75 0 0 0 
7.85 0 0 0 
7.95 0 0 0 
8.05 0 0 0 
8.15 0 0 0 
8.25 0 0 0 
8.35 0 0 0 
8.45 0 0 0 
8.55 0 0 0 
8.65 0 0 0 
8.75 0 0 0 
8.85 0 0 0 
8.95 0 0 0 
9.05 0 0 0 
9.15 0 0 0 
9.25 0 0 0 
9.35 0 0 0 
9.45 0 0 0 
9.55 0 0 0 
9.65 0 0 0 
9.75 0 0 0 
9.85 0 0 0 
9.95 0 0 0 
10.05 0 0 0 
10.15 0 0 0 
10.25 0 0 0 
10.35 0 0 0 
10.45 0 0 0 
10.55 0 0 0 
10.65 0 0 0 
10.75 0 0 0 
10.85 0 0 0 
10.95 0 0 0 
11.05 0 0 0 
11.15 0 0 0 
11.25 0 0 0 
11.35 0 0 0 
11.45 0 0 0 
11.55 0 0 0 
11.65 0 0 0 
11.75 0 0 0 
11.85 0 0 0 
11.95 0 0 0 
