# Format: McCode with text headers
# URL: http://www.mccode.org
# Creator:  3.8.5, git
# Instrument: eqsans_cylinder.instr
# Ncount: 5000000
# Trace: no
# Gravitation: no
# Seed: 1790195819615825
# Directory: /Users/georgeyumnam/WORK/PANRAID/PaNRAID-results/Group2/panraidproject/dataset_cylinder/cyl_001732
# Param: gx=0
# Param: gy=0
# Param: sample_on=1
# Param: bs_radius=0
# Param: samp_ap=0.01
# Param: sld=4.70649
# Param: sld_solvent=1
# Param: radius=178.005
# Param: length=973.712
# Param: pd_radius=0.244798
# Param: pd_length=0.25697
# Param: model_scale=1
# Param: model_abs=0
# Date: Wed Sep 23 22:37:17 2026 (1790195837)
# type: array_1d(100)
# Source: EQ_SANS_cylinder (eqsans_cylinder.instr)
# component: qmon
# position: 0 0 22.281
# title: QMonitor - Radially averaged distribution
# Ncount: 5000000
# filename: rdet.dat
# statistics: X0=0.0348273; dX=0.0264368;
# signal: Min=1.45968e+13; Max=7.52101e+17; Mean=5.30433e+16;
# values: 5.30433e+18 2.96529e+17 160192
# xvar: r
# yvar: (I,I_err)
# xlabel: Radius [m]
# ylabel: I(r)
# xlimits: 0 0.5
# variables: r I I_err N
0.0025 2.801169663e+17 1.230802002e+17 12 
0.0075 3.617982337e+17 9.079162631e+16 40 
0.0125 4.188490595e+17 8.093310607e+16 83 
0.0175 7.521009143e+17 1.838358858e+17 103 
0.0225 4.871425601e+17 8.000144551e+16 126 
0.0275 4.625096467e+17 6.105553718e+16 189 
0.0325 4.367341454e+17 8.25442833e+16 210 
0.0375 3.257698829e+17 3.962181738e+16 239 
0.0425 3.123162877e+17 4.896732174e+16 267 
0.0475 2.318669667e+17 2.697653703e+16 294 
0.0525 2.665546845e+17 4.535433644e+16 328 
0.0575 2.159696922e+17 2.432409645e+16 441 
0.0625 1.642686103e+17 2.136648576e+16 419 
0.0675 1.138818778e+17 1.407451932e+16 448 
0.0725 1.264283351e+17 1.797126368e+16 487 
0.0775 7.035763413e+16 8.789491751e+15 498 
0.0825 5.261637407e+16 5.495799738e+15 546 
0.0875 4.722105915e+16 5.484221824e+15 545 
0.0925 3.775254349e+16 5.11277958e+15 632 
0.0975 3.190769004e+16 4.379420954e+15 614 
0.1025 2.335542547e+16 2.97892045e+15 673 
0.1075 1.327420706e+16 1.324892214e+15 664 
0.1125 1.177307931e+16 1.452157663e+15 684 
0.1175 9.578978593e+15 1.07031303e+15 717 
0.1225 6.885417471e+15 8.041144466e+14 720 
0.1275 7.028516523e+15 7.963906484e+14 798 
0.1325 4.692080343e+15 4.582863757e+14 819 
0.1375 3.981093501e+15 3.513647108e+14 900 
0.1425 3.506253837e+15 2.921099067e+14 930 
0.1475 2.916210409e+15 2.43865292e+14 950 
0.1525 2.144422545e+15 1.642849136e+14 903 
0.1575 1.836187637e+15 1.142160797e+14 1035 
0.1625 1.828847063e+15 1.424724489e+14 1017 
0.1675 1.471766286e+15 9.736786858e+13 1088 
0.1725 1.450714069e+15 8.669977109e+13 1180 
0.1775 1.106617319e+15 7.432890061e+13 1135 
0.1825 9.637812702e+14 5.338617159e+13 1207 
0.1875 8.451637485e+14 4.925802792e+13 1179 
0.1925 7.31562148e+14 4.201882305e+13 1226 
0.1975 6.887081554e+14 4.094594587e+13 1260 
0.2025 6.531949578e+14 3.985306433e+13 1330 
0.2075 5.861985632e+14 3.135674611e+13 1327 
0.2125 5.702271723e+14 3.290129653e+13 1362 
0.2175 4.467224783e+14 2.528315217e+13 1352 
0.2225 4.427793117e+14 2.478001943e+13 1426 
0.2275 4.367422558e+14 2.5084976e+13 1536 
0.2325 3.493775451e+14 1.911565125e+13 1483 
0.2375 3.255940038e+14 1.672793334e+13 1528 
0.2425 3.192293364e+14 1.699886171e+13 1577 
0.2475 2.927028953e+14 1.52609871e+13 1542 
0.2525 2.348873513e+14 1.168856235e+13 1584 
0.2575 2.300454547e+14 1.082066334e+13 1640 
0.2625 2.060712584e+14 1.083364378e+13 1638 
0.2675 1.898926223e+14 9.607114113e+12 1653 
0.2725 1.884940139e+14 8.860574603e+12 1793 
0.2775 1.862636248e+14 8.874654792e+12 1781 
0.2825 1.54285222e+14 7.207034448e+12 1753 
0.2875 1.494972054e+14 6.947983263e+12 1876 
0.2925 1.464009219e+14 6.393346141e+12 1912 
0.2975 1.306672919e+14 5.895819695e+12 1872 
0.3025 1.198614639e+14 5.288173214e+12 1906 
0.3075 1.131303987e+14 4.706418713e+12 2046 
0.3125 1.033202654e+14 4.28736498e+12 1986 
0.3175 9.832803787e+13 4.12699422e+12 2094 
0.3225 8.864206691e+13 3.814910901e+12 2080 
0.3275 8.399196105e+13 3.390643299e+12 2134 
0.3325 8.052272665e+13 3.337047844e+12 2120 
0.3375 7.730628848e+13 3.171675511e+12 2203 
0.3425 6.893718942e+13 2.916020616e+12 2089 
0.3475 6.926590193e+13 2.73926054e+12 2267 
0.3525 5.949696671e+13 2.352856578e+12 2305 
0.3575 6.093362965e+13 2.388511838e+12 2342 
0.3625 5.486476544e+13 2.247751641e+12 2330 
0.3675 5.621915293e+13 2.331402527e+12 2404 
0.3725 5.176667275e+13 1.997255331e+12 2388 
0.3775 4.610691625e+13 1.818293085e+12 2419 
0.3825 3.883054773e+13 1.544068825e+12 2399 
0.3875 4.569363676e+13 1.673615811e+12 2533 
0.3925 4.107192242e+13 1.634767513e+12 2532 
0.3975 3.689255541e+13 1.390490109e+12 2512 
0.4025 3.548745996e+13 1.261993705e+12 2579 
0.4075 3.491392053e+13 1.30015179e+12 2659 
0.4125 3.193677585e+13 1.16299976e+12 2608 
0.4175 3.091773708e+13 1.170720831e+12 2552 
0.4225 2.983793509e+13 1.079007381e+12 2655 
0.4275 2.825187814e+13 1.011873975e+12 2791 
0.4325 2.707208777e+13 9.729970962e+11 2751 
0.4375 2.554381507e+13 9.23137628e+11 2839 
0.4425 2.369126791e+13 8.148919356e+11 2798 
0.4475 2.338348299e+13 8.035788821e+11 2871 
0.4525 2.236090169e+13 7.906176538e+11 2930 
0.4575 2.047343006e+13 7.294578437e+11 2900 
0.4625 2.083503155e+13 7.244143506e+11 3048 
0.4675 1.968953988e+13 6.909594404e+11 2983 
0.4725 1.998896894e+13 7.037712521e+11 3035 
0.4775 1.825789458e+13 6.293268815e+11 3068 
0.4825 1.803335653e+13 6.155794355e+11 3090 
0.4875 1.614262072e+13 5.380192791e+11 3082 
0.4925 1.621624617e+13 5.351385882e+11 3156 
0.4975 1.459680525e+13 4.901192854e+11 3137 
