# Format: McCode with text headers
# URL: http://www.mccode.org
# Creator:  3.8.5, git
# Instrument: eqsans_cylinder.instr
# Ncount: 5000000
# Trace: no
# Gravitation: no
# Seed: 1790193718437737
# Directory: /Users/georgeyumnam/WORK/PANRAID/PaNRAID-results/Group2/panraidproject/dataset_cylinder/cyl_000568
# Param: gx=0
# Param: gy=0
# Param: sample_on=1
# Param: bs_radius=0
# Param: samp_ap=0.01
# Param: sld=1.08231
# Param: sld_solvent=1
# Param: radius=138.766
# Param: length=298.871
# Param: pd_radius=0.069976
# Param: pd_length=0.230395
# Param: model_scale=1
# Param: model_abs=0
# Date: Wed Sep 23 22:02:16 2026 (1790193736)
# type: array_1d(120)
# Source: EQ_SANS_cylinder (eqsans_cylinder.instr)
# component: lambda_det
# position: 0 0 22.28
# title: Wavelength monitor
# Ncount: 5000000
# filename: lambda_det.dat
# statistics: X0=4.35469; dX=1.0235;
# signal: Min=0; Max=6.42867e+08; Mean=1.37378e+08;
# values: 1.64854e+10 2.4488e+08 287136
# xvar: L
# yvar: (I,I_err)
# xlabel: Wavelength [AA]
# ylabel: Intensity
# xlimits: 0 12
# variables: L I I_err N
0.05 0 0 0 
0.15 0 0 0 
0.25 0 0 0 
0.35 0 0 0 
0.45 0 0 0 
0.55 0 0 0 
0.65 0 0 0 
0.75 0 0 0 
0.85 0 0 0 
0.95 0 0 0 
1.05 0 0 0 
1.15 0 0 0 
1.25 0 0 0 
1.35 0 0 0 
1.45 0 0 0 
1.55 0 0 0 
1.65 0 0 0 
1.75 0 0 0 
1.85 0 0 0 
1.95 0 0 0 
2.05 0 0 0 
2.15 69926.67985 38009.42503 50 
2.25 2455523.245 1475373.176 250 
2.35 5241816.422 4345159.326 250 
2.45 11874721.96 7969060.338 400 
2.55 31389394.43 9859366.29 1350 
2.65 75823936.3 15671038.94 3100 
2.75 187586045.6 24683333.25 8298 
2.85 447306899.3 37812310.7 15847 
2.95 595398426.4 44869102.34 19650 
3.05 559239448.9 47151900.45 16350 
3.15 623622514.2 49387854.92 17199 
3.25 532557863.7 43876970.53 14999 
3.35 626386327.6 46045721.04 14000 
3.45 472272017.3 41249103.24 11999 
3.55 531396723.8 40618854.1 12499 
3.65 584002438.9 43690994.32 12900 
3.75 642866751.3 58969830.84 11000 
3.85 545149154.1 43684236.53 10049 
3.95 569231069.7 47770734.54 9300 
4.05 508145130.2 41774278.47 9299 
4.15 460059339.7 40551043.88 7000 
4.25 477033269.9 42683336.15 7098 
4.35 462845480.2 36666222.7 7700 
4.45 516566502.1 44166613.54 6800 
4.55 387545746.5 36659056.24 5900 
4.65 481866980.9 45025072.32 5650 
4.75 505909443.6 40364218.01 6050 
4.85 435607167.3 40739385.07 4850 
4.95 416335162 39934954.58 4749 
5.05 534908150.3 45303899.4 5650 
5.15 373630137.7 38855340.14 3750 
5.25 350506124.2 35381934.2 3800 
5.35 359309687.4 30118811.44 3700 
5.45 464631202.6 45736440.71 3350 
5.55 268997358.7 29629998.36 2600 
5.65 195037832.2 23352205.43 2100 
5.75 337652894.1 34215434.69 2800 
5.85 375032815.7 38992898.73 3000 
5.95 324207113.9 35583602.59 2300 
6.05 210820460.1 26728152.86 2050 
6.15 316244956.6 30371165.1 2400 
6.25 247321960.6 27689367.37 2000 
6.35 186280905.5 25130570.06 1350 
6.45 123809488.2 18265125.5 1000 
6.55 115858959.4 22878541.81 650 
6.65 5324333.371 3863308.026 50 
6.75 0 0 0 
6.85 0 0 0 
6.95 0 0 0 
7.05 0 0 0 
7.15 0 0 0 
7.25 0 0 0 
7.35 0 0 0 
7.45 0 0 0 
7.55 0 0 0 
7.65 0 0 0 
7.75 0 0 0 
7.85 0 0 0 
7.95 0 0 0 
8.05 0 0 0 
8.15 0 0 0 
8.25 0 0 0 
8.35 0 0 0 
8.45 0 0 0 
8.55 0 0 0 
8.65 0 0 0 
8.75 0 0 0 
8.85 0 0 0 
8.95 0 0 0 
9.05 0 0 0 
9.15 0 0 0 
9.25 0 0 0 
9.35 0 0 0 
9.45 0 0 0 
9.55 0 0 0 
9.65 0 0 0 
9.75 0 0 0 
9.85 0 0 0 
9.95 0 0 0 
10.05 0 0 0 
10.15 0 0 0 
10.25 0 0 0 
10.35 0 0 0 
10.45 0 0 0 
10.55 0 0 0 
10.65 0 0 0 
10.75 0 0 0 
10.85 0 0 0 
10.95 0 0 0 
11.05 0 0 0 
11.15 0 0 0 
11.25 0 0 0 
11.35 0 0 0 
11.45 0 0 0 
11.55 0 0 0 
11.65 0 0 0 
11.75 0 0 0 
11.85 0 0 0 
11.95 0 0 0 
