# Format: McCode with text headers
# URL: http://www.mccode.org
# Creator:  3.8.5, git
# Instrument: eqsans_cylinder.instr
# Ncount: 5000000
# Trace: no
# Gravitation: no
# Seed: 1790196086550425
# Directory: /Users/georgeyumnam/WORK/PANRAID/PaNRAID-results/Group2/panraidproject/dataset_cylinder/cyl_001880
# Param: gx=0
# Param: gy=0
# Param: sample_on=1
# Param: bs_radius=0
# Param: samp_ap=0.01
# Param: sld=2.45014
# Param: sld_solvent=1
# Param: radius=153.676
# Param: length=466.619
# Param: pd_radius=0.270585
# Param: pd_length=0.022863
# Param: model_scale=1
# Param: model_abs=0
# Date: Wed Sep 23 22:41:44 2026 (1790196104)
# type: array_1d(100)
# Source: EQ_SANS_cylinder (eqsans_cylinder.instr)
# component: qmon
# position: 0 0 22.281
# title: QMonitor - Radially averaged distribution
# Ncount: 5000000
# filename: rdet.dat
# statistics: X0=0.0388951; dX=0.032778;
# signal: Min=1.20964e+12; Max=1.90047e+16; Mean=1.88147e+15;
# values: 1.88147e+17 8.30044e+15 162982
# xvar: r
# yvar: (I,I_err)
# xlabel: Radius [m]
# ylabel: I(r)
# xlimits: 0 0.5
# variables: r I I_err N
0.0025 1.900470066e+16 5.860445356e+15 18 
0.0075 1.353696085e+16 2.843534551e+15 50 
0.0125 1.272420331e+16 2.445613783e+15 74 
0.0175 1.560550456e+16 2.425482498e+15 95 
0.0225 1.573447251e+16 1.94954669e+15 150 
0.0275 1.143119214e+16 1.494236883e+15 162 
0.0325 1.407511231e+16 1.765637094e+15 211 
0.0375 1.075622355e+16 1.190964779e+15 235 
0.0425 1.007297483e+16 1.035983566e+15 279 
0.0475 1.147706058e+16 1.142741961e+15 329 
0.0525 7.17752158e+15 7.08131382e+14 316 
0.0575 7.577512143e+15 7.73958101e+14 383 
0.0625 6.182573528e+15 5.961739722e+14 429 
0.0675 4.986906062e+15 5.24060278e+14 421 
0.0725 5.599548683e+15 6.018840027e+14 491 
0.0775 4.661893942e+15 5.52493914e+14 505 
0.0825 2.968092528e+15 2.905238533e+14 552 
0.0875 2.487332566e+15 2.516397422e+14 571 
0.0925 2.310799565e+15 1.971023953e+14 640 
0.0975 1.507506471e+15 1.569344398e+14 621 
0.1025 1.336197032e+15 1.307494753e+14 644 
0.1075 1.248883111e+15 1.11595695e+14 731 
0.1125 1.014270401e+15 1.175391899e+14 706 
0.1175 8.077569392e+14 9.217464146e+13 779 
0.1225 5.607579066e+14 5.364733782e+13 805 
0.1275 4.138520974e+14 3.305294109e+13 773 
0.1325 4.314212335e+14 3.984386209e+13 878 
0.1375 3.354141198e+14 2.752110842e+13 925 
0.1425 2.874119357e+14 2.94650612e+13 908 
0.1475 2.378124747e+14 1.935551856e+13 976 
0.1525 1.694645813e+14 1.236046175e+13 1023 
0.1575 1.803252121e+14 1.611583522e+13 1000 
0.1625 1.143861992e+14 7.05691585e+12 1041 
0.1675 1.088009186e+14 7.92966526e+12 1055 
0.1725 8.814327581e+13 5.889620945e+12 1075 
0.1775 9.862082261e+13 6.978011219e+12 1219 
0.1825 7.8726026e+13 6.253091633e+12 1179 
0.1875 6.415302296e+13 4.902664778e+12 1198 
0.1925 6.248686108e+13 3.394053456e+12 1338 
0.1975 4.871690194e+13 2.871696525e+12 1258 
0.2025 4.715245876e+13 2.498253138e+12 1385 
0.2075 4.247530263e+13 2.168072047e+12 1422 
0.2125 3.576846816e+13 1.794072337e+12 1354 
0.2175 3.395362865e+13 1.798925056e+12 1408 
0.2225 2.994867993e+13 1.508143614e+12 1416 
0.2275 3.033329595e+13 1.807070167e+12 1449 
0.2325 2.553811084e+13 1.246571859e+12 1521 
0.2375 2.295913714e+13 1.097684569e+12 1486 
0.2425 2.191307541e+13 1.026603523e+12 1557 
0.2475 1.86876174e+13 8.684378376e+11 1584 
0.2525 1.837687497e+13 8.73785263e+11 1585 
0.2575 1.677314886e+13 7.479281847e+11 1670 
0.2625 1.658137491e+13 7.368766928e+11 1757 
0.2675 1.467365879e+13 6.520721561e+11 1741 
0.2725 1.38138978e+13 6.135649454e+11 1753 
0.2775 1.237907388e+13 5.609898215e+11 1748 
0.2825 1.097569013e+13 4.71714021e+11 1784 
0.2875 1.018592638e+13 4.570273575e+11 1883 
0.2925 1.049754368e+13 4.439960502e+11 1953 
0.2975 9.537283088e+12 4.230970837e+11 1924 
0.3025 9.01050166e+12 3.724456408e+11 2011 
0.3075 8.317554987e+12 3.383031229e+11 2008 
0.3125 7.542024078e+12 3.052163226e+11 2023 
0.3175 6.941841817e+12 2.924897684e+11 2011 
0.3225 6.724562724e+12 2.808991725e+11 2048 
0.3275 5.892943659e+12 2.28739788e+11 2078 
0.3325 5.726647132e+12 2.326572947e+11 2116 
0.3375 5.511285547e+12 2.186332648e+11 2185 
0.3425 5.129002881e+12 1.918582891e+11 2291 
0.3475 5.085068323e+12 1.952844509e+11 2302 
0.3525 4.894869434e+12 1.809764672e+11 2317 
0.3575 4.35693104e+12 1.636765865e+11 2248 
0.3625 4.083203193e+12 1.472197196e+11 2333 
0.3675 3.902718796e+12 1.406830556e+11 2425 
0.3725 3.636222057e+12 1.380415827e+11 2401 
0.3775 3.435344797e+12 1.280860248e+11 2418 
0.3825 3.278448069e+12 1.218215482e+11 2428 
0.3875 3.219818837e+12 1.214238511e+11 2517 
0.3925 3.117255856e+12 1.10488826e+11 2657 
0.3975 2.906657863e+12 1.111529579e+11 2568 
0.4025 2.54925731e+12 8.933710169e+10 2650 
0.4075 2.742489387e+12 9.590644818e+10 2788 
0.4125 2.506554414e+12 8.90391486e+10 2733 
0.4175 2.390898846e+12 8.527289986e+10 2721 
0.4225 2.305752861e+12 7.944757827e+10 2798 
0.4275 2.158310466e+12 7.472867917e+10 2895 
0.4325 2.07363268e+12 7.039074446e+10 2854 
0.4375 1.855542911e+12 6.233051527e+10 2754 
0.4425 1.7475198e+12 5.946226504e+10 2820 
0.4475 1.745464475e+12 5.852976298e+10 2933 
0.4525 1.682811451e+12 5.506653136e+10 2965 
0.4575 1.664502719e+12 5.562009853e+10 3029 
0.4625 1.374265674e+12 4.500610541e+10 2934 
0.4675 1.568479724e+12 5.132481123e+10 3166 
0.4725 1.288470576e+12 4.171809178e+10 3030 
0.4775 1.302824794e+12 4.240885097e+10 3103 
0.4825 1.331035085e+12 4.205534206e+10 3208 
0.4875 1.236869803e+12 3.935159178e+10 3237 
0.4925 1.233549139e+12 3.878321035e+10 3281 
0.4975 1.2096357e+12 3.96406727e+10 3275 
