# Format: McCode with text headers
# URL: http://www.mccode.org
# Creator:  3.8.5, git
# Instrument: eqsans_sans.instr
# Ncount: 10000000
# Trace: no
# Gravitation: no
# Seed: 1790174249998497
# Directory: /Users/georgeyumnam/WORK/PANRAID/PaNRAID-results/Group2/panraidproject/scan_sans_nosample/x-14_y-04
# Param: gx=-0.014
# Param: gy=-0.004
# Param: sample_on=0
# Param: R_sphere=100
# Param: Phi=0.01
# Param: bs_radius=0
# Param: samp_ap=0.01
# Date: Wed Sep 23 16:38:05 2026 (1790174285)
# type: array_1d(120)
# Source: EQ_SANS_sample (eqsans_sans.instr)
# component: lambda_det
# position: 0 0 22.28
# title: Wavelength monitor
# Ncount: 10000000
# filename: lambda_det.dat
# statistics: X0=3.87208; dX=0.946599;
# signal: Min=0; Max=236427; Mean=30928.6;
# values: 3.71143e+06 54149.7 4877
# xvar: L
# yvar: (I,I_err)
# xlabel: Wavelength [AA]
# ylabel: Intensity
# xlimits: 0 12
# variables: L I I_err N
0.05 0 0 0 
0.15 0 0 0 
0.25 0 0 0 
0.35 0 0 0 
0.45 0 0 0 
0.55 0 0 0 
0.65 0 0 0 
0.75 0 0 0 
0.85 0 0 0 
0.95 0 0 0 
1.05 0 0 0 
1.15 0 0 0 
1.25 0 0 0 
1.35 0 0 0 
1.45 0 0 0 
1.55 0 0 0 
1.65 0 0 0 
1.75 0 0 0 
1.85 0 0 0 
1.95 0 0 0 
2.05 0 0 0 
2.15 0 0 0 
2.25 1532.834104 1133.279666 2 
2.35 6359.698348 2149.578075 9 
2.45 6741.133679 2276.64957 9 
2.55 16140.26536 3503.655432 22 
2.65 52585.55424 6214.684863 74 
2.75 135922.5424 10165.23731 186 
2.85 236426.5604 13624.49728 313 
2.95 228480.8359 13457.9587 300 
3.05 226466.2369 13349.98192 299 
3.15 193088.5662 12387.45652 252 
3.25 203674.2854 12653.39008 268 
3.35 190187.9509 12256.83754 250 
3.45 181737.0803 11889.69953 242 
3.55 167129.0886 11568.80673 216 
3.65 126414.9053 10049.15845 164 
3.75 139405.7756 10510.90652 183 
3.85 134665.7378 10291.65455 178 
3.95 109334.6034 9405.315226 140 
4.05 102556.4302 9004.713855 134 
4.15 92108.0628 8505.539055 122 
4.25 105450.0511 9055.297725 141 
4.35 84480.20387 8267.043391 108 
4.45 87543.72461 8500.37416 110 
4.55 69391.49556 7461.375891 90 
4.65 64288.52577 7197.319221 82 
4.75 72272.03622 7622.011612 93 
4.85 56670.99654 6749.202661 73 
4.95 64771.85823 7198.063608 84 
5.05 51098.78941 6402.143458 66 
5.15 58060.90257 6812.364091 76 
5.25 52808.25981 6450.106781 69 
5.35 31642.25096 4947.463169 43 
5.45 51504.87439 6406.857326 67 
5.55 48477.01782 6135.566865 65 
5.65 39064.14746 5489.729473 53 
5.75 39763.25204 5574.839973 53 
5.85 36465.76636 5298.04003 50 
5.95 17560.23425 3739.528772 23 
6.05 30125.24626 4975.139084 38 
6.15 28807.25006 4745.878137 39 
6.25 32629.88537 5137.098819 42 
6.35 21264.94617 4087.676854 28 
6.45 10455.17815 2860.182895 14 
6.55 5872.223786 2260.599668 7 
6.65 0 0 0 
6.75 0 0 0 
6.85 0 0 0 
6.95 0 0 0 
7.05 0 0 0 
7.15 0 0 0 
7.25 0 0 0 
7.35 0 0 0 
7.45 0 0 0 
7.55 0 0 0 
7.65 0 0 0 
7.75 0 0 0 
7.85 0 0 0 
7.95 0 0 0 
8.05 0 0 0 
8.15 0 0 0 
8.25 0 0 0 
8.35 0 0 0 
8.45 0 0 0 
8.55 0 0 0 
8.65 0 0 0 
8.75 0 0 0 
8.85 0 0 0 
8.95 0 0 0 
9.05 0 0 0 
9.15 0 0 0 
9.25 0 0 0 
9.35 0 0 0 
9.45 0 0 0 
9.55 0 0 0 
9.65 0 0 0 
9.75 0 0 0 
9.85 0 0 0 
9.95 0 0 0 
10.05 0 0 0 
10.15 0 0 0 
10.25 0 0 0 
10.35 0 0 0 
10.45 0 0 0 
10.55 0 0 0 
10.65 0 0 0 
10.75 0 0 0 
10.85 0 0 0 
10.95 0 0 0 
11.05 0 0 0 
11.15 0 0 0 
11.25 0 0 0 
11.35 0 0 0 
11.45 0 0 0 
11.55 0 0 0 
11.65 0 0 0 
11.75 0 0 0 
11.85 0 0 0 
11.95 0 0 0 
