# Format: McCode with text headers
# URL: http://www.mccode.org
# Creator:  3.8.5, git
# Instrument: eqsans_sans.instr
# Ncount: 10000000
# Trace: no
# Gravitation: no
# Seed: 1790183747230533
# Directory: /Users/georgeyumnam/WORK/PANRAID/PaNRAID-results/Group2/panraidproject/scan_sans_sample/x+07_y-06
# Param: gx=0.007
# Param: gy=-0.006
# Param: sample_on=1
# Param: R_sphere=100
# Param: Phi=0.01
# Param: bs_radius=0
# Param: samp_ap=0.01
# Date: Wed Sep 23 19:16:21 2026 (1790183781)
# type: array_1d(100)
# Source: EQ_SANS_sample (eqsans_sans.instr)
# component: qmon
# position: 0 0 22.281
# title: QMonitor - Distribution in q (Radially averaged)
# Ncount: 10000000
# filename: qdet.dat
# statistics: X0=0.0123217; dX=0.00969267;
# signal: Min=0; Max=6.68002e+08; Mean=3.87439e+07;
# values: 3.87439e+09 4.14822e+08 5252
# xvar: q
# yvar: (I,I_err)
# xlabel: q [1 / AA]
# ylabel: I(q)
# xlimits: 0 0.151561
# variables: q I I_err N
0.0007578035702 0 0 0 
0.002273410711 668002076.9 293341736.4 6 
0.003789017851 221396091.5 137606540.9 3 
0.005304624991 180471890.7 98849009.17 4 
0.006820232132 353100201.7 124924663.5 10 
0.008335839272 404758150.8 130069383.7 13 
0.009851446413 172491087.3 73526613.76 8 
0.01136705355 195082663.8 72222765.46 12 
0.01288266069 292940276.4 75220339.34 22 
0.01439826783 245085138.4 64777939.04 20 
0.01591387497 160441880.4 50500986.94 19 
0.01742948211 104858763.9 33472681.58 18 
0.01894508925 151121539 35512326.47 29 
0.0204606964 71097475.5 22122400.6 16 
0.02197630354 152462166.7 40945195.37 27 
0.02349191068 72923994.61 20507055.98 23 
0.02500751782 98454744.79 21836136.46 33 
0.02652312496 51803039.26 17372604.08 24 
0.0280387321 53880313.72 12697484.9 33 
0.02955433924 49562534.12 12371359.39 36 
0.03106994638 45305417.54 10476609.44 41 
0.03258555352 28815666.02 7481657.342 32 
0.03410116066 22480379.2 5727585.162 37 
0.0356167678 14206432.91 3292527.97 40 
0.03713237494 14298000.68 4364047.139 42 
0.03864798208 8749158.287 2825369.62 55 
0.04016358922 3351431.762 1231831.41 41 
0.04167919636 3307572.121 903223.5315 50 
0.0431948035 1490740.096 601616.7896 42 
0.04471041064 1794056.346 545519.9175 51 
0.04622601778 2401502.565 843480.0416 67 
0.04774162492 1578635.262 294555.001 62 
0.04925723206 1130354.153 347193.133 37 
0.0507728392 1494663.768 250523.7204 65 
0.05228844634 1373707.672 256504.0741 48 
0.05380405348 1773847.83 272762.5591 63 
0.05531966062 2050842.212 294399.2253 68 
0.05683526776 1713983.797 268977.8038 57 
0.05835087491 1813131.414 269589.8917 64 
0.05986648205 1528792.673 244224.9557 58 
0.06138208919 2095224.378 284980.1061 78 
0.06289769633 1703250.256 253944.0143 66 
0.06441330347 985971.8784 170531.9019 57 
0.06592891061 1334040.726 185935.4108 83 
0.06744451775 813974.95 141263.4745 70 
0.06896012489 780934.2417 120810.8475 78 
0.07047573203 380573.8228 77744.58639 68 
0.07199133917 350867.8871 77771.9917 63 
0.07350694631 306251.8069 69886.74848 70 
0.07502255345 321214.2591 60270.92701 100 
0.07653816059 173478.71 35450.83968 78 
0.07805376773 148120.7628 26976.41315 74 
0.07956937487 136567.8164 24952.18077 74 
0.08108498201 189341.6841 31791.7756 88 
0.08260058915 179921.0007 29439.46305 71 
0.08411619629 130440.1524 22429.29343 69 
0.08563180343 239327.0993 30852.05182 84 
0.08714741057 268878.4643 37496.80027 84 
0.08866301771 281574.2012 36571.5505 80 
0.09017862485 322019.1065 38382.18719 92 
0.09169423199 270741.1865 36499.15731 78 
0.09320983913 242617.4124 31070.28453 80 
0.09472544627 234776.1422 31141.7975 81 
0.09624105341 215500.1852 32008.71778 74 
0.09775666056 173637.411 26105.91608 73 
0.0992722677 205099.9911 27467.61746 93 
0.1007878748 130355.4389 22550.23018 65 
0.102303482 138090.686 21060.66679 83 
0.1038190891 97350.64316 18813.07142 66 
0.1053346963 73732.2278 13353.60043 78 
0.1068503034 40380.21168 8080.358488 66 
0.1083659105 36797.64077 8283.095961 76 
0.1098815177 23493.97868 4207.586327 64 
0.1113971248 28066.01682 5463.40437 67 
0.112912732 40070.29785 8107.90992 66 
0.1144283391 47656.18047 7084.556135 75 
0.1159439462 46547.23715 7151.11304 62 
0.1174595534 40890.36881 6698.404163 54 
0.1189751605 46763.4993 7094.81341 61 
0.1204907677 44081.81963 7163.281933 55 
0.1220063748 46845.43962 7628.627628 51 
0.1235219819 62982.62849 8732.061614 67 
0.1250375891 45826.88662 7151.316065 56 
0.1265531962 65742.2895 8579.366557 76 
0.1280688034 40301.69487 6875.559204 55 
0.1295844105 38406.89292 6507.952333 61 
0.1311000176 27901.59165 5194.953537 52 
0.1326156248 22479.07771 4239.783509 51 
0.1341312319 21055.32862 4305.024946 46 
0.1356468391 20206.77118 4702.264673 46 
0.1371624462 8302.09307 1883.285366 43 
0.1386780533 11318.63386 2738.622486 44 
0.1401936605 10940.95412 2510.269137 47 
0.1417092676 11187.47329 2568.988677 41 
0.1432248748 5046.289615 1297.369288 33 
0.1447404819 6005.877985 1464.977732 30 
0.146256089 10333.2912 2181.370528 39 
0.1477716962 8507.259376 1915.61427 30 
0.1492873033 8944.280682 2020.649425 32 
0.1508029105 8637.927277 1775.62229 32 
