# Format: McCode with text headers
# URL: http://www.mccode.org
# Creator:  3.8.5, git
# Instrument: eqsans_sans.instr
# Ncount: 10000000
# Trace: no
# Gravitation: no
# Seed: 1790185210466074
# Directory: /Users/georgeyumnam/WORK/PANRAID/PaNRAID-results/Group2/panraidproject/scan_sans_sample/x+17_y+04
# Param: gx=0.017
# Param: gy=0.004
# Param: sample_on=1
# Param: R_sphere=100
# Param: Phi=0.01
# Param: bs_radius=0
# Param: samp_ap=0.01
# Date: Wed Sep 23 19:40:45 2026 (1790185245)
# type: array_1d(100)
# Source: EQ_SANS_sample (eqsans_sans.instr)
# component: qmon
# position: 0 0 22.281
# title: QMonitor - Radially averaged distribution
# Ncount: 10000000
# filename: rdet.dat
# statistics: X0=0.0757218; dX=0.0574555;
# signal: Min=0; Max=7.52716e+07; Mean=7.9331e+06;
# values: 7.9331e+08 1.11388e+08 2065
# xvar: r
# yvar: (I,I_err)
# xlabel: Radius [m]
# ylabel: I(r)
# xlimits: 0 0.5
# variables: r I I_err N
0.0025 0 0 0 
0.0075 75271570.58 75271570.58 1 
0.0125 29494435.43 29494435.43 1 
0.0175 36294038.91 36294038.91 1 
0.0225 67774435.25 42501180.38 3 
0.0275 25104878.74 19689235.83 2 
0.0325 0 0 0 
0.0375 10415504.29 10415504.29 1 
0.0425 14035555.66 14035555.66 1 
0.0475 20985541.66 13230771.18 3 
0.0525 11138017.6 7876238.202 2 
0.0575 23554272.47 13497977.91 4 
0.0625 31845441.44 14493258.16 6 
0.0675 44364697.01 16994629.05 7 
0.0725 44232250.89 14660843.06 10 
0.0775 26900870 11512296.28 6 
0.0825 37328673.03 14427477.43 7 
0.0875 31061302.48 11993289.55 9 
0.0925 37196864.95 12563161.52 10 
0.0975 10703916.81 6200185.858 3 
0.1025 17198692.65 6987778.123 7 
0.1075 11066319.21 4776520.145 8 
0.1125 32334206.6 9745837.818 17 
0.1175 29785211.25 10185310.05 13 
0.1225 11549101.43 5157376.078 8 
0.1275 9328762.733 3862546.333 11 
0.1325 13595141.59 5235864.692 14 
0.1375 7521021.457 3280201.838 9 
0.1425 5886963.745 2789901.124 6 
0.1475 8010016.582 3729816.601 8 
0.1525 2294225.86 1251400.862 10 
0.1575 6999404.75 2540972.943 12 
0.1625 3106680.458 2105957.454 9 
0.1675 3954128.869 1615893.458 17 
0.1725 5797243.229 2448532.091 21 
0.1775 4570770.795 1945464.939 11 
0.1825 3192194.03 1417619.938 15 
0.1875 3431331.386 1711985.201 12 
0.1925 6453958.317 2223403.924 19 
0.1975 1940747.802 783487.0965 15 
0.2025 1472826.664 586953.2992 18 
0.2075 3196236.156 1471453.154 13 
0.2125 2373099.32 1155833.671 17 
0.2175 1474551.496 845415.6917 11 
0.2225 3780257.441 1101778.021 29 
0.2275 2377902.908 1019686.974 17 
0.2325 633231.3233 314531.9071 20 
0.2375 1188371.243 662428.1669 16 
0.2425 933658.7796 445086.7835 25 
0.2475 982112.8239 432155.9975 22 
0.2525 909208.2085 380679.5701 20 
0.2575 927188.9375 398629.5541 25 
0.2625 142664.2524 44385.95018 12 
0.2675 642787.6748 254010.1244 21 
0.2725 505436.8668 219931.4419 21 
0.2775 722734.5053 326931.6877 24 
0.2825 227902.4472 98420.90062 24 
0.2875 391288.3204 142117.7928 20 
0.2925 241530.9722 78544.62768 20 
0.2975 310973.3044 125413.3476 21 
0.3025 256018.4614 100605.6533 22 
0.3075 190142.9048 51932.46421 25 
0.3125 300393.7352 89509.99105 36 
0.3175 176774.9362 64648.00254 21 
0.3225 157250.6729 39307.01837 27 
0.3275 132864.7316 36637.8257 28 
0.3325 151226.7461 35125.58794 30 
0.3375 105924.3849 32074.85381 23 
0.3425 166462.8155 40966.97651 34 
0.3475 109925.387 30759.84123 32 
0.3525 129566.1783 34262.47162 26 
0.3575 122073.1177 29773.7036 39 
0.3625 121063.522 35978.18377 28 
0.3675 87937.71977 24255.47676 32 
0.3725 118481.3562 33543.08163 25 
0.3775 200976.2828 43717.5242 35 
0.3825 107850.9813 29961.45946 32 
0.3875 83329.99293 25884.21153 28 
0.3925 79639.37344 25067.6486 31 
0.3975 81924.76598 23285.09115 34 
0.4025 77861.76112 21396.05922 35 
0.4075 79343.44169 22966.46693 34 
0.4125 84694.95902 22463.48239 37 
0.4175 109251.3551 29396.69523 38 
0.4225 98878.65683 26685.12695 41 
0.4275 72885.31753 19530.19946 34 
0.4325 74838.92509 21712.69692 40 
0.4375 72939.02425 22088.2005 36 
0.4425 65260.18775 19947.26096 38 
0.4475 91061.71347 23817.8104 37 
0.4525 38293.74868 14717.13921 36 
0.4575 36562.68469 11374.7948 33 
0.4625 60507.31661 16075.98251 42 
0.4675 32579.81347 7817.152093 38 
0.4725 44845.26784 13806.11118 34 
0.4775 50775.11769 19006.89772 38 
0.4825 43905.95449 14215.65971 44 
0.4875 45161.72676 9926.446621 45 
0.4925 38997.26436 10772.42361 37 
0.4975 59103.09611 17755.34987 45 
