# Format: McCode with text headers
# URL: http://www.mccode.org
# Creator:  3.8.5, git
# Instrument: eqsans_sans.instr
# Ncount: 10000000
# Trace: no
# Gravitation: no
# Seed: 1790176575525316
# Directory: /Users/georgeyumnam/WORK/PANRAID/PaNRAID-results/Group2/panraidproject/scan_sans_nosample/x+02_y-07
# Param: gx=0.002
# Param: gy=-0.007
# Param: sample_on=0
# Param: R_sphere=100
# Param: Phi=0.01
# Param: bs_radius=0
# Param: samp_ap=0.01
# Date: Wed Sep 23 17:16:51 2026 (1790176611)
# type: array_1d(120)
# Source: EQ_SANS_sample (eqsans_sans.instr)
# component: lambda_det
# position: 0 0 22.28
# title: Wavelength monitor
# Ncount: 10000000
# filename: lambda_det.dat
# statistics: X0=3.89629; dX=0.942223;
# signal: Min=0; Max=350105; Mean=45396;
# values: 5.44752e+06 64998.3 7296
# xvar: L
# yvar: (I,I_err)
# xlabel: Wavelength [AA]
# ylabel: Intensity
# xlimits: 0 12
# variables: L I I_err N
0.05 0 0 0 
0.15 0 0 0 
0.25 0 0 0 
0.35 0 0 0 
0.45 0 0 0 
0.55 0 0 0 
0.65 0 0 0 
0.75 0 0 0 
0.85 0 0 0 
0.95 0 0 0 
1.05 0 0 0 
1.15 0 0 0 
1.25 0 0 0 
1.35 0 0 0 
1.45 0 0 0 
1.55 0 0 0 
1.65 0 0 0 
1.75 0 0 0 
1.85 0 0 0 
1.95 0 0 0 
2.05 0 0 0 
2.15 0 0 0 
2.25 1664.943133 1195.863532 2 
2.35 4902.538784 2015.477609 6 
2.45 11420.08807 2805.92113 17 
2.55 27133.6793 4545.224128 37 
2.65 59199.25958 6746.411566 80 
2.75 136105.3657 10092.2852 190 
2.85 276419.3172 14798.15899 363 
2.95 350104.6154 16465.78738 470 
3.05 341707.9846 16253.80975 459 
3.15 334612.5247 16111.01915 448 
3.25 308786.1697 15606.18959 407 
3.35 293008.5151 14990.53119 396 
3.45 252539.9835 14069.23028 334 
3.55 198519.7636 12419.75167 266 
3.65 252321.5307 13907.05033 341 
3.75 197368.5937 12351.53441 265 
3.85 199750.265 12446.30012 268 
3.95 167157.6883 11323.3468 225 
4.05 170697.7457 11508.56451 228 
4.15 174226.0097 11674.06805 230 
4.25 133761.2148 10131.23693 182 
4.35 148191.7623 10833.12518 195 
4.45 95617.02604 8600.245242 129 
4.55 111942.2786 9363.441164 149 
4.65 101152.9577 8800.495839 138 
4.75 103764.5116 8886.122103 142 
4.85 113012.7164 9428.598978 149 
4.95 85599.08832 8156.340954 115 
5.05 72782.15669 7567.118244 96 
5.15 67652.91701 7332.21658 88 
5.25 64809.83628 7035.387742 88 
5.35 63395.58797 7071.018735 83 
5.45 57375.22888 6597.347361 79 
5.55 52844.78357 6280.71062 74 
5.65 61540.78492 6834.266173 85 
5.75 52596.93438 6369.332237 71 
5.85 55732.88032 6607.897475 73 
5.95 48476.4669 6111.435927 65 
6.05 41216.71893 5704.376705 54 
6.15 41119.97341 5681.256908 54 
6.25 38876.5456 5537.633489 51 
6.35 34157.95681 5182.836908 45 
6.45 26970.4788 4603.613169 36 
6.55 12499.62797 3085.659434 17 
6.65 4779.605681 1956.702281 6 
6.75 0 0 0 
6.85 0 0 0 
6.95 0 0 0 
7.05 0 0 0 
7.15 0 0 0 
7.25 0 0 0 
7.35 0 0 0 
7.45 0 0 0 
7.55 0 0 0 
7.65 0 0 0 
7.75 0 0 0 
7.85 0 0 0 
7.95 0 0 0 
8.05 0 0 0 
8.15 0 0 0 
8.25 0 0 0 
8.35 0 0 0 
8.45 0 0 0 
8.55 0 0 0 
8.65 0 0 0 
8.75 0 0 0 
8.85 0 0 0 
8.95 0 0 0 
9.05 0 0 0 
9.15 0 0 0 
9.25 0 0 0 
9.35 0 0 0 
9.45 0 0 0 
9.55 0 0 0 
9.65 0 0 0 
9.75 0 0 0 
9.85 0 0 0 
9.95 0 0 0 
10.05 0 0 0 
10.15 0 0 0 
10.25 0 0 0 
10.35 0 0 0 
10.45 0 0 0 
10.55 0 0 0 
10.65 0 0 0 
10.75 0 0 0 
10.85 0 0 0 
10.95 0 0 0 
11.05 0 0 0 
11.15 0 0 0 
11.25 0 0 0 
11.35 0 0 0 
11.45 0 0 0 
11.55 0 0 0 
11.65 0 0 0 
11.75 0 0 0 
11.85 0 0 0 
11.95 0 0 0 
