# Format: McCode with text headers
# URL: http://www.mccode.org
# Creator:  3.8.5, git
# Instrument: eqsans_cylinder.instr
# Ncount: 5000000
# Trace: no
# Gravitation: no
# Seed: 1790194619310404
# Directory: /Users/georgeyumnam/WORK/PANRAID/PaNRAID-results/Group2/panraidproject/dataset_cylinder/cyl_001060
# Param: gx=0
# Param: gy=0
# Param: sample_on=1
# Param: bs_radius=0
# Param: samp_ap=0.01
# Param: sld=3.8478
# Param: sld_solvent=1
# Param: radius=32.3446
# Param: length=542.409
# Param: pd_radius=0.102293
# Param: pd_length=0.269056
# Param: model_scale=1
# Param: model_abs=0
# Date: Wed Sep 23 22:17:16 2026 (1790194636)
# type: array_1d(120)
# Source: EQ_SANS_cylinder (eqsans_cylinder.instr)
# component: lambda_det
# position: 0 0 22.28
# title: Wavelength monitor
# Ncount: 5000000
# filename: lambda_det.dat
# statistics: X0=4.34714; dX=1.03379;
# signal: Min=0; Max=2.44445e+10; Mean=5.04256e+09;
# values: 6.05107e+11 3.58316e+09 280638
# xvar: L
# yvar: (I,I_err)
# xlabel: Wavelength [AA]
# ylabel: Intensity
# xlimits: 0 12
# variables: L I I_err N
0.05 0 0 0 
0.15 0 0 0 
0.25 0 0 0 
0.35 0 0 0 
0.45 0 0 0 
0.55 0 0 0 
0.65 0 0 0 
0.75 0 0 0 
0.85 0 0 0 
0.95 0 0 0 
1.05 0 0 0 
1.15 0 0 0 
1.25 0 0 0 
1.35 0 0 0 
1.45 0 0 0 
1.55 0 0 0 
1.65 0 0 0 
1.75 0 0 0 
1.85 0 0 0 
1.95 0 0 0 
2.05 0 0 0 
2.15 0 0 0 
2.25 40031466.9 11212905.36 150 
2.35 349379418 229727096.9 200 
2.45 629942278.4 94061885.24 850 
2.55 1505793884 151756946.7 1600 
2.65 2383744200 188287407.9 3200 
2.75 8506038639 364820639.5 8550 
2.85 1.643304058e+10 581016973.9 14298 
2.95 2.028891488e+10 628587155.1 17400 
3.05 2.183755467e+10 701712988.1 16349 
3.15 2.353822459e+10 770064068 16698 
3.25 2.027458132e+10 578258328.2 15050 
3.35 2.148158698e+10 735956629.7 13450 
3.45 1.973601239e+10 623024312.2 12399 
3.55 2.119923154e+10 671024328.6 12399 
3.65 2.157905464e+10 647283203.3 11899 
3.75 1.858794962e+10 576017233.5 10300 
3.85 2.444454737e+10 728090218 11650 
3.95 1.833750777e+10 644761699.9 9400 
4.05 1.86250078e+10 619627192.5 8200 
4.15 2.03210051e+10 643886031.1 8850 
4.25 1.7204371e+10 575199105.3 7450 
4.35 1.519806156e+10 589498823.2 5749 
4.45 1.825983741e+10 616939931.1 6750 
4.55 1.729809106e+10 576145857.9 6049 
4.65 1.755959761e+10 614130082.3 6200 
4.75 1.584091361e+10 632738256.5 4900 
4.85 1.472874927e+10 599215267.6 4650 
4.95 1.418200204e+10 560110426.1 4400 
5.05 1.252712925e+10 518576577.5 4000 
5.15 1.597351922e+10 568327463.6 4400 
5.25 1.231455686e+10 464426430 3350 
5.35 1.366067665e+10 571239912.4 3450 
5.45 1.455418867e+10 578449326.5 3550 
5.55 1.284403065e+10 530753542.6 3100 
5.65 1.329516711e+10 581152107.6 2900 
5.75 1.238764056e+10 520045252.7 2848 
5.85 9308839808 411622140.7 2250 
5.95 9269135178 444721768.2 2100 
6.05 1.319018249e+10 529002956.3 2650 
6.15 1.09042143e+10 454409392.6 2250 
6.25 5924699501 288075930.8 1400 
6.35 5787377694 364744532.3 1150 
6.45 9496328903 448542363.9 1600 
6.55 3098559991 296829635.1 550 
6.65 200364463.6 43931545.35 50 
6.75 0 0 0 
6.85 0 0 0 
6.95 0 0 0 
7.05 0 0 0 
7.15 0 0 0 
7.25 0 0 0 
7.35 0 0 0 
7.45 0 0 0 
7.55 0 0 0 
7.65 0 0 0 
7.75 0 0 0 
7.85 0 0 0 
7.95 0 0 0 
8.05 0 0 0 
8.15 0 0 0 
8.25 0 0 0 
8.35 0 0 0 
8.45 0 0 0 
8.55 0 0 0 
8.65 0 0 0 
8.75 0 0 0 
8.85 0 0 0 
8.95 0 0 0 
9.05 0 0 0 
9.15 0 0 0 
9.25 0 0 0 
9.35 0 0 0 
9.45 0 0 0 
9.55 0 0 0 
9.65 0 0 0 
9.75 0 0 0 
9.85 0 0 0 
9.95 0 0 0 
10.05 0 0 0 
10.15 0 0 0 
10.25 0 0 0 
10.35 0 0 0 
10.45 0 0 0 
10.55 0 0 0 
10.65 0 0 0 
10.75 0 0 0 
10.85 0 0 0 
10.95 0 0 0 
11.05 0 0 0 
11.15 0 0 0 
11.25 0 0 0 
11.35 0 0 0 
11.45 0 0 0 
11.55 0 0 0 
11.65 0 0 0 
11.75 0 0 0 
11.85 0 0 0 
11.95 0 0 0 
