# Format: McCode with text headers
# URL: http://www.mccode.org
# Creator:  3.8.5, git
# Instrument: eqsans_cylinder.instr
# Ncount: 5000000
# Trace: no
# Gravitation: no
# Seed: 1790193073754133
# Directory: /Users/georgeyumnam/WORK/PANRAID/PaNRAID-results/Group2/panraidproject/dataset_cylinder/cyl_000208
# Param: gx=0
# Param: gy=0
# Param: sample_on=1
# Param: bs_radius=0
# Param: samp_ap=0.01
# Param: sld=5.87675
# Param: sld_solvent=1
# Param: radius=26.3519
# Param: length=556.585
# Param: pd_radius=0.093248
# Param: pd_length=0.076003
# Param: model_scale=1
# Param: model_abs=0
# Date: Wed Sep 23 21:51:31 2026 (1790193091)
# type: array_1d(100)
# Source: EQ_SANS_cylinder (eqsans_cylinder.instr)
# component: qmon
# position: 0 0 22.281
# title: QMonitor - Distribution in q (Radially averaged)
# Ncount: 5000000
# filename: qdet.dat
# statistics: X0=0.020117; dX=0.0201022;
# signal: Min=1.06087e+11; Max=1.02678e+15; Mean=1.29285e+14;
# values: 1.29285e+16 2.35492e+14 258507
# xvar: q
# yvar: (I,I_err)
# xlabel: q [1 / AA]
# ylabel: I(q)
# xlimits: 0 0.151561
# variables: q I I_err N
0.0007578035702 1.026777566e+15 1.715491245e+14 51 
0.002273410711 7.05343425e+14 8.839523228e+13 101 
0.003789017851 9.193306916e+14 7.543132972e+13 226 
0.005304624991 9.167206455e+14 6.541893934e+13 324 
0.006820232132 7.396826156e+14 4.950651105e+13 363 
0.008335839272 6.714248251e+14 4.025953762e+13 452 
0.009851446413 5.557146652e+14 3.061426848e+13 534 
0.01136705355 5.516702365e+14 2.84519462e+13 628 
0.01288266069 5.290882084e+14 2.60025978e+13 742 
0.01439826783 4.588314218e+14 2.068000214e+13 810 
0.01591387497 4.214153542e+14 1.829955882e+13 895 
0.01742948211 3.60837015e+14 1.544180145e+13 925 
0.01894508925 3.505179572e+14 1.440706224e+13 1065 
0.0204606964 3.006635802e+14 1.182881708e+13 1087 
0.02197630354 2.84129933e+14 1.048524504e+13 1214 
0.02349191068 2.827051753e+14 9.716470053e+12 1370 
0.02500751782 2.373161863e+14 8.010255589e+12 1377 
0.02652312496 2.309314769e+14 7.656221469e+12 1448 
0.0280387321 2.211658776e+14 7.079483108e+12 1581 
0.02955433924 1.984448702e+14 6.100611197e+12 1615 
0.03106994638 1.838648632e+14 5.476020428e+12 1699 
0.03258555352 1.817314063e+14 5.267277593e+12 1838 
0.03410116066 1.676993e+14 4.740631712e+12 1904 
0.0356167678 1.559118927e+14 4.330369974e+12 1947 
0.03713237494 1.480508911e+14 4.028650855e+12 2063 
0.03864798208 1.397028706e+14 3.641464537e+12 2183 
0.04016358922 1.307286666e+14 3.399070718e+12 2256 
0.04167919636 1.246099609e+14 3.105472251e+12 2332 
0.0431948035 1.170484334e+14 2.93062821e+12 2372 
0.04471041064 1.057039015e+14 2.657724809e+12 2402 
0.04622601778 9.745024274e+13 2.369829492e+12 2491 
0.04774162492 9.116212327e+13 2.212313824e+12 2535 
0.04925723206 9.358538759e+13 2.134000265e+12 2836 
0.0507728392 8.63737117e+13 1.968664377e+12 2843 
0.05228844634 8.223365126e+13 1.830715548e+12 2923 
0.05380405348 7.835817719e+13 1.682868986e+12 3090 
0.05531966062 6.998248525e+13 1.557110235e+12 2975 
0.05683526776 6.635273556e+13 1.419062589e+12 3161 
0.05835087491 6.628959074e+13 1.369729269e+12 3406 
0.05986648205 5.941394941e+13 1.230977779e+12 3334 
0.06138208919 5.35546722e+13 1.122249836e+12 3302 
0.06289769633 5.144121444e+13 1.047721834e+12 3419 
0.06441330347 4.828277688e+13 9.660688012e+11 3531 
0.06592891061 4.57779142e+13 9.079203749e+11 3558 
0.06744451775 4.281597814e+13 8.5245577e+11 3596 
0.06896012489 3.95113373e+13 7.801182005e+11 3605 
0.07047573203 3.697164404e+13 7.225547184e+11 3662 
0.07199133917 3.450034085e+13 6.709648946e+11 3747 
0.07350694631 3.22534832e+13 6.162312409e+11 3794 
0.07502255345 2.892985896e+13 5.573309161e+11 3734 
0.07653816059 2.745845824e+13 5.165055014e+11 3894 
0.07805376773 2.557958841e+13 4.836203463e+11 3870 
0.07956937487 2.302625986e+13 4.390936678e+11 3783 
0.08108498201 2.146220396e+13 4.01823579e+11 3909 
0.08260058915 1.965553437e+13 3.735282645e+11 3845 
0.08411619629 1.914852254e+13 3.525424954e+11 4053 
0.08563180343 1.704632121e+13 3.167472324e+11 3952 
0.08714741057 1.513217858e+13 2.828547484e+11 3886 
0.08866301771 1.407577314e+13 2.624244606e+11 3928 
0.09017862485 1.301167616e+13 2.413321226e+11 3934 
0.09169423199 1.17841038e+13 2.204618343e+11 3887 
0.09320983913 1.096578764e+13 2.037408121e+11 3971 
0.09472544627 9.814164513e+12 1.828475851e+11 3896 
0.09624105341 8.837237047e+12 1.663552871e+11 3849 
0.09775666056 7.587517542e+12 1.463906334e+11 3688 
0.0992722677 7.152805349e+12 1.353825469e+11 3839 
0.1007878748 6.43407636e+12 1.224618187e+11 3792 
0.102303482 5.818283302e+12 1.132910613e+11 3681 
0.1038190891 5.211461957e+12 1.011022384e+11 3705 
0.1053346963 4.553918832e+12 9.074872422e+10 3490 
0.1068503034 4.141465215e+12 8.274719434e+10 3564 
0.1083659105 3.670276347e+12 7.428248364e+10 3534 
0.1098815177 3.108275016e+12 6.457504123e+10 3384 
0.1113971248 2.725927828e+12 5.756413063e+10 3308 
0.112912732 2.492112289e+12 5.279175873e+10 3305 
0.1144283391 2.178451728e+12 4.727347094e+10 3264 
0.1159439462 1.951939132e+12 4.339834387e+10 3128 
0.1174595534 1.57948046e+12 3.629302628e+10 3006 
0.1189751605 1.412916161e+12 3.251913384e+10 3055 
0.1204907677 1.264796225e+12 2.932018969e+10 3092 
0.1220063748 1.058952598e+12 2.515161453e+10 2998 
0.1235219819 9.08741639e+11 2.247433203e+10 2876 
0.1250375891 7.667158735e+11 1.983973344e+10 2756 
0.1265531962 6.476391508e+11 1.680931912e+10 2710 
0.1280688034 5.546597067e+11 1.487077582e+10 2703 
0.1295844105 4.850041161e+11 1.355155726e+10 2524 
0.1311000176 4.073250237e+11 1.152792679e+10 2509 
0.1326156248 3.45081427e+11 1.003749487e+10 2429 
0.1341312319 2.980256468e+11 8994783938 2345 
0.1356468391 2.567414736e+11 7967510933 2228 
0.1371624462 2.187761547e+11 6793301438 2257 
0.1386780533 1.878951955e+11 5897671699 2157 
0.1401936605 1.720268029e+11 5651338992 2098 
0.1417092676 1.522907143e+11 4898966683 2115 
0.1432248748 1.466422171e+11 4854079432 2068 
0.1447404819 1.298864021e+11 4408289173 1901 
0.146256089 1.167507308e+11 4008788255 1815 
0.1477716962 1.092661989e+11 3978527566 1752 
0.1492873033 1.060866659e+11 3796882110 1723 
0.1508029105 1.068364032e+11 3820349490 1705 
