# Format: McCode with text headers
# URL: http://www.mccode.org
# Creator:  3.8.5, git
# Instrument: eqsans_1_fixed.instr
# Ncount: 1000000
# Trace: no
# Gravitation: no
# Seed: 1790169766836850
# Directory: /Users/georgeyumnam/WORK/PANRAID/PaNRAID-results/Group2/panraidproject/scan_guide_xy/x-02_y+16
# Param: gx=-0.002
# Param: gy=0.016
# Date: Wed Sep 23 15:22:50 2026 (1790169770)
# type: array_1d(120)
# Source: EQ_SANS (eqsans_1_fixed.instr)
# component: lambda_det
# position: 0 0 22.28
# title: Wavelength monitor
# Ncount: 1000000
# filename: lambda_det.dat
# statistics: X0=4.05812; dX=0.972743;
# signal: Min=0; Max=2.97131e+06; Mean=456021;
# values: 5.47225e+07 560736 19034
# xvar: L
# yvar: (I,I_err)
# xlabel: Wavelength [AA]
# ylabel: Intensity
# xlimits: 0 12
# variables: L I I_err N
0.05 0 0 0 
0.15 0 0 0 
0.25 0 0 0 
0.35 0 0 0 
0.45 0 0 0 
0.55 0 0 0 
0.65 0 0 0 
0.75 0 0 0 
0.85 0 0 0 
0.95 0 0 0 
1.05 0 0 0 
1.15 0 0 0 
1.25 0 0 0 
1.35 0 0 0 
1.45 0 0 0 
1.55 0 0 0 
1.65 0 0 0 
1.75 0 0 0 
1.85 0 0 0 
1.95 0 0 0 
2.05 0 0 0 
2.15 9175.976433 10831.80448 2 
2.25 5888.453771 5317.892383 3 
2.35 26798.06334 12709.69598 13 
2.45 62952.18183 20356.48505 21 
2.55 96398.07786 24356.99345 49 
2.65 413444.0521 48827.69498 146 
2.75 1004117.612 77733.45784 396 
2.85 2187048.107 113327.931 849 
2.95 2971313.551 131728.0815 1077 
3.05 2942950.419 133431.6212 1029 
3.15 2765004.544 128266.7216 1042 
3.25 2687250.937 126490.6655 958 
3.35 2412292.978 119273.9497 881 
3.45 2318238.251 116053.0429 835 
3.55 2181824.192 113151.9732 748 
3.65 2159986.366 112514.7807 729 
3.75 2014845.07 107292.8898 698 
3.85 1900637.225 102867.191 659 
3.95 1870867.6 102161.8034 637 
4.05 1909993.432 102996.339 628 
4.15 1710964.498 100217.6176 542 
4.25 1627600.252 94437.30179 537 
4.35 1438323.888 88321.04115 480 
4.45 1565860.618 94166.95541 499 
4.55 1308656.781 84182.98275 449 
4.65 1367965.904 89830.17619 437 
4.75 1260818.247 85069.4186 395 
4.85 1023741.155 75805.57567 374 
4.95 1064177.654 74194.31713 398 
5.05 1005908.426 73365.63313 356 
5.15 927481.1398 71407.95413 331 
5.25 852862.1248 69453.57818 301 
5.35 897402.5726 72895.82905 291 
5.45 748622.1097 65660.93744 270 
5.55 821889.8875 68889.4015 277 
5.65 818291.125 68749.40687 244 
5.75 636145.5176 61448.10256 212 
5.85 599814.1468 57799.10401 205 
5.95 653297.1536 61696.53303 204 
6.05 546526.1604 54935.40118 183 
6.15 438083.0564 49338.98337 147 
6.25 443392.1695 47746.80762 168 
6.35 403552.888 47222.04 146 
6.45 412647.793 49796.29186 123 
6.55 159657.797 31507.82198 49 
6.65 47756.39811 17275.84286 16 
6.75 0 0 0 
6.85 0 0 0 
6.95 0 0 0 
7.05 0 0 0 
7.15 0 0 0 
7.25 0 0 0 
7.35 0 0 0 
7.45 0 0 0 
7.55 0 0 0 
7.65 0 0 0 
7.75 0 0 0 
7.85 0 0 0 
7.95 0 0 0 
8.05 0 0 0 
8.15 0 0 0 
8.25 0 0 0 
8.35 0 0 0 
8.45 0 0 0 
8.55 0 0 0 
8.65 0 0 0 
8.75 0 0 0 
8.85 0 0 0 
8.95 0 0 0 
9.05 0 0 0 
9.15 0 0 0 
9.25 0 0 0 
9.35 0 0 0 
9.45 0 0 0 
9.55 0 0 0 
9.65 0 0 0 
9.75 0 0 0 
9.85 0 0 0 
9.95 0 0 0 
10.05 0 0 0 
10.15 0 0 0 
10.25 0 0 0 
10.35 0 0 0 
10.45 0 0 0 
10.55 0 0 0 
10.65 0 0 0 
10.75 0 0 0 
10.85 0 0 0 
10.95 0 0 0 
11.05 0 0 0 
11.15 0 0 0 
11.25 0 0 0 
11.35 0 0 0 
11.45 0 0 0 
11.55 0 0 0 
11.65 0 0 0 
11.75 0 0 0 
11.85 0 0 0 
11.95 0 0 0 
