# Format: McCode with text headers
# URL: http://www.mccode.org
# Creator:  3.8.5, git
# Instrument: eqsans_cylinder.instr
# Ncount: 5000000
# Trace: no
# Gravitation: no
# Seed: 1790195139155984
# Directory: /Users/georgeyumnam/WORK/PANRAID/PaNRAID-results/Group2/panraidproject/dataset_cylinder/cyl_001354
# Param: gx=0
# Param: gy=0
# Param: sample_on=1
# Param: bs_radius=0
# Param: samp_ap=0.01
# Param: sld=3.78804
# Param: sld_solvent=1
# Param: radius=45.3886
# Param: length=324.35
# Param: pd_radius=0.224174
# Param: pd_length=0.025249
# Param: model_scale=1
# Param: model_abs=0
# Date: Wed Sep 23 22:25:56 2026 (1790195156)
# type: array_1d(120)
# Source: EQ_SANS_cylinder (eqsans_cylinder.instr)
# component: lambda_det
# position: 0 0 22.28
# title: Wavelength monitor
# Ncount: 5000000
# filename: lambda_det.dat
# statistics: X0=4.36036; dX=1.0422;
# signal: Min=0; Max=3.85346e+10; Mean=8.21853e+09;
# values: 9.86223e+11 8.07124e+09 285790
# xvar: L
# yvar: (I,I_err)
# xlabel: Wavelength [AA]
# ylabel: Intensity
# xlimits: 0 12
# variables: L I I_err N
0.05 0 0 0 
0.15 0 0 0 
0.25 0 0 0 
0.35 0 0 0 
0.45 0 0 0 
0.55 0 0 0 
0.65 0 0 0 
0.75 0 0 0 
0.85 0 0 0 
0.95 0 0 0 
1.05 0 0 0 
1.15 0 0 0 
1.25 0 0 0 
1.35 0 0 0 
1.45 0 0 0 
1.55 0 0 0 
1.65 0 0 0 
1.75 0 0 0 
1.85 0 0 0 
1.95 0 0 0 
2.05 0 0 0 
2.15 0 0 0 
2.25 332079481.9 141442268.8 200 
2.35 141731793.7 59513290.16 150 
2.45 394303678.6 141933621.3 300 
2.55 1821505994 370607396.9 1050 
2.65 4943994703 680456343.6 3150 
2.75 1.249629945e+10 753738810.9 8150 
2.85 2.464124508e+10 1349750786 13550 
2.95 3.534111924e+10 1552877171 18849 
3.05 3.259553813e+10 1280429673 17949 
3.15 3.17865078e+10 1367109249 15550 
3.25 3.853460795e+10 1727584479 15350 
3.35 3.576923456e+10 1498791879 14300 
3.45 3.804684878e+10 1597250358 15400 
3.55 3.572960868e+10 1416373009 13950 
3.65 3.227850177e+10 1395166110 11100 
3.75 3.531719512e+10 1460494183 11750 
3.85 3.026166845e+10 1368125566 9150 
3.95 3.78151422e+10 1607075825 10950 
4.05 3.300472626e+10 1487982760 9349 
4.15 2.795779542e+10 1507351482 7550 
4.25 2.621810466e+10 1254872432 6800 
4.35 3.065970245e+10 1598400146 7050 
4.45 3.077616689e+10 1494231304 6900 
4.55 2.079689101e+10 1201768627 4650 
4.65 2.802576335e+10 1265767087 5898 
4.75 2.554884971e+10 1324571021 5148 
4.85 2.299330257e+10 1187720969 4849 
4.95 2.129439297e+10 1111997781 4100 
5.05 2.09437824e+10 1162964498 3700 
5.15 2.147742055e+10 1255875678 3850 
5.25 1.971142079e+10 982376165.1 3450 
5.35 2.309977778e+10 1171572448 4200 
5.45 1.914412908e+10 1089000936 2950 
5.55 2.800112836e+10 1627686416 3800 
5.65 2.297977758e+10 1227990811 3300 
5.75 1.866955099e+10 1123312155 2649 
5.85 1.576861563e+10 1019837122 2000 
5.95 1.838070725e+10 1230909312 2350 
6.05 2.059565412e+10 1014701550 2850 
6.15 1.701439165e+10 995474516.5 2100 
6.25 1.315006339e+10 1001571009 1550 
6.35 1.356332653e+10 866122788.8 1749 
6.45 8956895053 679987414.5 1200 
6.55 6507595028 837382670.5 700 
6.65 2736053036 468695485.7 250 
6.75 0 0 0 
6.85 0 0 0 
6.95 0 0 0 
7.05 0 0 0 
7.15 0 0 0 
7.25 0 0 0 
7.35 0 0 0 
7.45 0 0 0 
7.55 0 0 0 
7.65 0 0 0 
7.75 0 0 0 
7.85 0 0 0 
7.95 0 0 0 
8.05 0 0 0 
8.15 0 0 0 
8.25 0 0 0 
8.35 0 0 0 
8.45 0 0 0 
8.55 0 0 0 
8.65 0 0 0 
8.75 0 0 0 
8.85 0 0 0 
8.95 0 0 0 
9.05 0 0 0 
9.15 0 0 0 
9.25 0 0 0 
9.35 0 0 0 
9.45 0 0 0 
9.55 0 0 0 
9.65 0 0 0 
9.75 0 0 0 
9.85 0 0 0 
9.95 0 0 0 
10.05 0 0 0 
10.15 0 0 0 
10.25 0 0 0 
10.35 0 0 0 
10.45 0 0 0 
10.55 0 0 0 
10.65 0 0 0 
10.75 0 0 0 
10.85 0 0 0 
10.95 0 0 0 
11.05 0 0 0 
11.15 0 0 0 
11.25 0 0 0 
11.35 0 0 0 
11.45 0 0 0 
11.55 0 0 0 
11.65 0 0 0 
11.75 0 0 0 
11.85 0 0 0 
11.95 0 0 0 
