# Format: McCode with text headers
# URL: http://www.mccode.org
# Creator:  3.8.5, git
# Instrument: eqsans_sans.instr
# Ncount: 10000000
# Trace: no
# Gravitation: no
# Seed: 1790182938984680
# Directory: /Users/georgeyumnam/WORK/PANRAID/PaNRAID-results/Group2/panraidproject/scan_sans_sample/x+01_y+09
# Param: gx=0.001
# Param: gy=0.009
# Param: sample_on=1
# Param: R_sphere=100
# Param: Phi=0.01
# Param: bs_radius=0
# Param: samp_ap=0.01
# Date: Wed Sep 23 19:02:53 2026 (1790182973)
# type: array_1d(100)
# Source: EQ_SANS_sample (eqsans_sans.instr)
# component: qmon
# position: 0 0 22.281
# title: QMonitor - Distribution in q (Radially averaged)
# Ncount: 10000000
# filename: qdet.dat
# statistics: X0=0.0122333; dX=0.00996571;
# signal: Min=5432.81; Max=4.33597e+08; Mean=4.32883e+07;
# values: 4.32883e+09 4.86706e+08 6150
# xvar: q
# yvar: (I,I_err)
# xlabel: q [1 / AA]
# ylabel: I(q)
# xlimits: 0 0.151561
# variables: q I I_err N
0.0007578035702 307274385.9 307274385.9 1 
0.002273410711 433597033.5 235434329.7 4 
0.003789017851 372930692.7 145402806 7 
0.005304624991 250322462.8 108586331.4 6 
0.006820232132 360764205.4 147003265.6 9 
0.008335839272 194337301.9 65596965.51 10 
0.009851446413 218097091.8 83127201.91 9 
0.01136705355 325436871.3 82717519.93 21 
0.01288266069 206902331.4 60607715.79 14 
0.01439826783 299460501.3 69641619.71 26 
0.01591387497 261443497.4 61513633.83 25 
0.01742948211 102955058.9 32416761.14 16 
0.01894508925 132555325.3 29734145.03 24 
0.0204606964 144971238.6 32944254.81 31 
0.02197630354 144139686.9 33283878.67 30 
0.02349191068 116180867.9 25104075.23 37 
0.02500751782 122900816.8 23945599.8 44 
0.02652312496 62818224.88 13543907.66 35 
0.0280387321 46938521.2 10868765.96 29 
0.02955433924 36707365.83 8604308.395 35 
0.03106994638 24480305.91 6713593.597 32 
0.03258555352 34835734.06 7218104.068 47 
0.03410116066 29471451.39 7380647.33 55 
0.0356167678 13495020.52 3798820.709 45 
0.03713237494 12333546.7 4034035.034 47 
0.03864798208 14698691.93 4122385.685 58 
0.04016358922 13205357.99 4786656.385 71 
0.04167919636 5723004.994 1848234.685 56 
0.0431948035 2912978.441 869064.3219 59 
0.04471041064 1944082.691 478728.917 59 
0.04622601778 1588155.53 597079.7823 43 
0.04774162492 2673268.36 1327715.571 57 
0.04925723206 1518232.307 297351.3289 74 
0.0507728392 1568606.031 327821.9734 54 
0.05228844634 1288647.866 219069.3597 57 
0.05380405348 2281234.751 324974.2081 74 
0.05531966062 2083451.651 291908.9256 73 
0.05683526776 1832660.675 268035.1554 69 
0.05835087491 2191129.616 290376.201 85 
0.05986648205 1914968.664 262872.4508 82 
0.06138208919 1904859.993 252896.0383 78 
0.06289769633 1804465.977 242041.5794 89 
0.06441330347 1722507.39 238318.7322 95 
0.06592891061 985659.7307 152163.3505 72 
0.06744451775 1122857.331 171674.1599 89 
0.06896012489 817737.3363 147343.0915 79 
0.07047573203 761908.2694 129743.6415 82 
0.07199133917 548662.2114 100273.2885 90 
0.07350694631 379728.4096 73443.60729 99 
0.07502255345 377528.6664 78772.12907 88 
0.07653816059 327018.4643 66385.82964 105 
0.07805376773 249424.074 46159.41216 86 
0.07956937487 222664.7164 48256.38579 84 
0.08108498201 145103.7366 24221.23868 82 
0.08260058915 242916.8559 34015.1087 90 
0.08411619629 339032.5635 42350.79694 118 
0.08563180343 246304.5021 31237.87293 91 
0.08714741057 248572.6211 30452.40635 93 
0.08866301771 373549.1912 41992.71682 104 
0.09017862485 303019.8982 36498.73609 93 
0.09169423199 271133.4085 33280.96683 88 
0.09320983913 246862.3211 33202.58473 75 
0.09472544627 250889.2874 33696.28671 84 
0.09624105341 236287.0213 32762.77621 80 
0.09775666056 269259.7853 33579.6109 100 
0.0992722677 156848.7461 23803.49947 76 
0.1007878748 138574.1861 19831.7773 81 
0.102303482 126589.7732 19659.6589 88 
0.1038190891 90970.83658 15238.24495 99 
0.1053346963 92458.34828 15370.68862 95 
0.1068503034 76623.08961 12590.55729 90 
0.1083659105 55830.93506 10091.40364 93 
0.1098815177 37529.14841 7022.664101 74 
0.1113971248 42806.76203 7902.669838 74 
0.112912732 45789.8105 6619.142117 92 
0.1144283391 40327.12366 6453.26714 71 
0.1159439462 53709.50796 7564.013345 76 
0.1174595534 47626.25145 7370.56413 70 
0.1189751605 60153.59269 8278.761422 75 
0.1204907677 61844.77303 8312.546596 75 
0.1220063748 55359.9735 7863.407679 65 
0.1235219819 62467.79585 8498.6226 73 
0.1250375891 62395.51788 8268.540681 73 
0.1265531962 64331.96412 8835.694813 70 
0.1280688034 43107.6952 7097.102333 56 
0.1295844105 30141.65638 5434.849174 47 
0.1311000176 26922.1522 4650.43699 57 
0.1326156248 27223.31381 5399.589023 50 
0.1341312319 22399.97564 4112.247887 65 
0.1356468391 21402.04205 4005.718385 54 
0.1371624462 12793.16581 2781.047023 51 
0.1386780533 15751.99125 3307.671717 59 
0.1401936605 10231.08709 2403.498633 43 
0.1417092676 9704.621391 2143.283979 41 
0.1432248748 11334.29175 2098.483695 58 
0.1447404819 11790.4703 2138.399498 42 
0.146256089 5432.812483 1101.793483 38 
0.1477716962 9576.867129 1824.086714 50 
0.1492873033 11283.16873 2035.997771 42 
0.1508029105 13467.07874 2356.027431 43 
