# Format: McCode with text headers
# URL: http://www.mccode.org
# Creator:  3.8.5, git
# Instrument: eqsans_cylinder.instr
# Ncount: 5000000
# Trace: no
# Gravitation: no
# Seed: 1790196052223654
# Directory: /Users/georgeyumnam/WORK/PANRAID/PaNRAID-results/Group2/panraidproject/dataset_cylinder/cyl_001863
# Param: gx=0
# Param: gy=0
# Param: sample_on=1
# Param: bs_radius=0
# Param: samp_ap=0.01
# Param: sld=3.09452
# Param: sld_solvent=1
# Param: radius=74.4173
# Param: length=610.374
# Param: pd_radius=0.290086
# Param: pd_length=0.047362
# Param: model_scale=1
# Param: model_abs=0
# Date: Wed Sep 23 22:41:10 2026 (1790196070)
# type: array_1d(100)
# Source: EQ_SANS_cylinder (eqsans_cylinder.instr)
# component: qmon
# position: 0 0 22.281
# title: QMonitor - Distribution in q (Radially averaged)
# Ncount: 5000000
# filename: qdet.dat
# statistics: X0=0.00994801; dX=0.00858487;
# signal: Min=1.99013e+11; Max=1.78915e+16; Mean=1.31531e+15;
# values: 1.31531e+17 4.46471e+15 254769
# xvar: q
# yvar: (I,I_err)
# xlabel: q [1 / AA]
# ylabel: I(q)
# xlimits: 0 0.151561
# variables: q I I_err N
0.0007578035702 7.070090217e+15 1.94654163e+15 31 
0.002273410711 1.789146637e+16 2.734832083e+15 129 
0.003789017851 1.532266153e+16 1.940513284e+15 201 
0.005304624991 1.240581957e+16 1.26083955e+15 276 
0.006820232132 1.19492953e+16 1.078873312e+15 347 
0.008335839272 1.063411284e+16 9.18500782e+14 443 
0.009851446413 9.299848573e+15 6.701209018e+14 523 
0.01136705355 7.330573826e+15 5.344772547e+14 619 
0.01288266069 6.850207969e+15 4.876630875e+14 689 
0.01439826783 5.567180191e+15 3.575645131e+14 748 
0.01591387497 5.089336201e+15 3.586612271e+14 845 
0.01742948211 3.931082675e+15 2.863668193e+14 889 
0.01894508925 3.227079453e+15 1.906565811e+14 1003 
0.0204606964 2.687765569e+15 1.720352441e+14 1057 
0.02197630354 2.345262228e+15 1.366854689e+14 1221 
0.02349191068 1.870452936e+15 1.119546357e+14 1231 
0.02500751782 1.649759802e+15 1.201438915e+14 1350 
0.02652312496 1.251302339e+15 6.547276746e+13 1449 
0.0280387321 9.381635145e+14 4.647782322e+13 1500 
0.02955433924 7.795183918e+14 3.23462399e+13 1616 
0.03106994638 6.20716871e+14 4.093793607e+13 1613 
0.03258555352 4.742659734e+14 1.924352692e+13 1741 
0.03410116066 3.864640655e+14 1.621233959e+13 1847 
0.0356167678 3.156804962e+14 1.291923746e+13 1899 
0.03713237494 2.606447662e+14 1.123689242e+13 2053 
0.03864798208 2.005241484e+14 7.560557363e+12 2093 
0.04016358922 1.615364606e+14 6.172220957e+12 2194 
0.04167919636 1.25737805e+14 4.446367778e+12 2221 
0.0431948035 1.01716519e+14 3.491159552e+12 2336 
0.04471041064 8.3186604e+13 2.695098223e+12 2447 
0.04622601778 7.525701062e+13 2.516825659e+12 2521 
0.04774162492 6.153264924e+13 2.049323425e+12 2469 
0.04925723206 5.77949879e+13 1.779189449e+12 2759 
0.0507728392 4.907513954e+13 1.494787866e+12 2782 
0.05228844634 4.155403084e+13 1.239514722e+12 2803 
0.05380405348 3.724586778e+13 1.055592832e+12 2938 
0.05531966062 3.443142265e+13 9.649298159e+11 3017 
0.05683526776 3.105796969e+13 8.52076854e+11 3074 
0.05835087491 2.79311313e+13 7.554022074e+11 3191 
0.05986648205 2.496201461e+13 6.5530079e+11 3184 
0.06138208919 2.28800955e+13 5.925034645e+11 3275 
0.06289769633 2.119962263e+13 5.366868157e+11 3362 
0.06441330347 1.953928904e+13 4.956500448e+11 3492 
0.06592891061 1.684672291e+13 4.087592751e+11 3545 
0.06744451775 1.572199011e+13 3.843310474e+11 3576 
0.06896012489 1.437812595e+13 3.448450399e+11 3593 
0.07047573203 1.242279469e+13 3.065843498e+11 3520 
0.07199133917 1.195558998e+13 2.797796751e+11 3747 
0.07350694631 1.122856303e+13 2.61431506e+11 3837 
0.07502255345 9.447209203e+12 2.212523235e+11 3755 
0.07653816059 8.931873313e+12 2.082140811e+11 3801 
0.07805376773 7.986324492e+12 1.882831201e+11 3691 
0.07956937487 7.553675938e+12 1.715617802e+11 3886 
0.08108498201 7.247048466e+12 1.649330527e+11 3950 
0.08260058915 6.583592148e+12 1.486007893e+11 3945 
0.08411619629 5.596745297e+12 1.291668041e+11 3811 
0.08563180343 5.439864457e+12 1.220949276e+11 3872 
0.08714741057 4.875638296e+12 1.112888004e+11 3888 
0.08866301771 4.737317233e+12 1.050617827e+11 3947 
0.09017862485 4.20105868e+12 9.440998009e+10 3855 
0.09169423199 3.874893404e+12 8.767285448e+10 3761 
0.09320983913 3.737070245e+12 8.303203577e+10 3922 
0.09472544627 3.345939335e+12 7.542916931e+10 3769 
0.09624105341 2.995689063e+12 6.86112566e+10 3630 
0.09775666056 2.860222091e+12 6.378668189e+10 3774 
0.0992722677 2.675741992e+12 6.074731809e+10 3779 
0.1007878748 2.421217521e+12 5.452903348e+10 3650 
0.102303482 2.17508934e+12 4.959740818e+10 3551 
0.1038190891 2.08518358e+12 4.693901564e+10 3595 
0.1053346963 1.941541778e+12 4.465970672e+10 3570 
0.1068503034 1.779026255e+12 4.144048333e+10 3449 
0.1083659105 1.698419144e+12 3.866853116e+10 3467 
0.1098815177 1.552277176e+12 3.523727611e+10 3443 
0.1113971248 1.396801567e+12 3.21182948e+10 3308 
0.112912732 1.31707889e+12 3.084034197e+10 3257 
0.1144283391 1.2682305e+12 2.989275023e+10 3217 
0.1159439462 1.13732668e+12 2.70409726e+10 3137 
0.1174595534 1.035745487e+12 2.472327736e+10 3014 
0.1189751605 9.86366985e+11 2.378972365e+10 3090 
0.1204907677 9.068571326e+11 2.261043466e+10 2952 
0.1220063748 8.248556331e+11 2.054209432e+10 2852 
0.1235219819 7.821054585e+11 1.935236337e+10 2873 
0.1250375891 7.057602466e+11 1.807318227e+10 2713 
0.1265531962 6.729981108e+11 1.715237777e+10 2737 
0.1280688034 6.340483295e+11 1.606893867e+10 2727 
0.1295844105 5.635235443e+11 1.48536023e+10 2528 
0.1311000176 5.079154936e+11 1.352947787e+10 2474 
0.1326156248 4.905403432e+11 1.294296451e+10 2483 
0.1341312319 4.440816131e+11 1.185203485e+10 2401 
0.1356468391 4.099441132e+11 1.127629188e+10 2278 
0.1371624462 3.906103772e+11 1.076569219e+10 2281 
0.1386780533 3.476236301e+11 9916589779 2133 
0.1401936605 3.287108325e+11 9383393083 2143 
0.1417092676 3.024475672e+11 8934884403 1999 
0.1432248748 2.684807095e+11 8091938570 1919 
0.1447404819 2.642715014e+11 7781720504 1928 
0.146256089 2.425522906e+11 7251995992 1925 
0.1477716962 2.399757639e+11 7204560916 1858 
0.1492873033 2.096932189e+11 6586827371 1742 
0.1508029105 1.990134039e+11 6117725081 1743 
