# Format: McCode with text headers
# URL: http://www.mccode.org
# Creator:  3.8.5, git
# Instrument: eqsans_sans.instr
# Ncount: 10000000
# Trace: no
# Gravitation: no
# Seed: 1790180369316272
# Directory: /Users/georgeyumnam/WORK/PANRAID/PaNRAID-results/Group2/panraidproject/scan_sans_sample/x-17_y+13
# Param: gx=-0.017
# Param: gy=0.013
# Param: sample_on=1
# Param: R_sphere=100
# Param: Phi=0.01
# Param: bs_radius=0
# Param: samp_ap=0.01
# Date: Wed Sep 23 18:20:03 2026 (1790180403)
# type: array_1d(100)
# Source: EQ_SANS_sample (eqsans_sans.instr)
# component: qmon
# position: 0 0 22.281
# title: QMonitor - Radially averaged distribution
# Ncount: 10000000
# filename: rdet.dat
# statistics: X0=0.0639301; dX=0.0586841;
# signal: Min=0; Max=2.10854e+08; Mean=6.77368e+06;
# values: 6.77368e+08 1.35893e+08 1541
# xvar: r
# yvar: (I,I_err)
# xlabel: Radius [m]
# ylabel: I(r)
# xlimits: 0 0.5
# variables: r I I_err N
0.0025 0 0 0 
0.0075 210853533.9 123875288.7 3 
0.0125 0 0 0 
0.0175 0 0 0 
0.0225 43952489.86 32186186.89 2 
0.0275 6344128.717 6344128.717 1 
0.0325 24845766.02 20657813.31 2 
0.0375 14485886.23 14485886.23 1 
0.0425 0 0 0 
0.0475 0 0 0 
0.0525 9768756.023 7108444.335 2 
0.0575 33444873.57 18007161.47 4 
0.0625 35834255.16 17026376.57 5 
0.0675 29117745.3 13636795.75 6 
0.0725 23494440.39 11557927.68 5 
0.0775 33174164.52 14448221.02 6 
0.0825 15813519.12 8684635.554 4 
0.0875 16317995.9 8958874.053 5 
0.0925 1598592.909 1598592.909 1 
0.0975 4594171.182 3254698.876 2 
0.1025 24015332.83 9333616.135 8 
0.1075 11240929.7 5985983.604 4 
0.1125 17406372.15 6889864.488 7 
0.1175 16930467.58 7202301.45 8 
0.1225 11501892.76 5019608.839 11 
0.1275 8317351.257 4544859.623 6 
0.1325 10912001.38 4379022.266 8 
0.1375 6517160.834 3030476.921 9 
0.1425 2099882.974 1274871.326 4 
0.1475 6576395.361 3008196.323 10 
0.1525 6154401.625 2594634.004 13 
0.1575 7330886.644 3421518.612 12 
0.1625 5879636.7 2658460.879 13 
0.1675 5768675.826 2629875.475 10 
0.1725 4223130.769 2189604.292 9 
0.1775 5876921.855 2671324.905 13 
0.1825 820709.5093 699235.7433 10 
0.1875 3479290 1958902.974 13 
0.1925 1575360.257 873306.0696 14 
0.1975 692978.889 374567.4806 11 
0.2025 1407409.53 753237.4273 14 
0.2075 428955.0875 235327.6101 14 
0.2125 994025.3543 671101.8846 8 
0.2175 1900213.579 967332.6199 16 
0.2225 1382004.957 874118.232 9 
0.2275 1606584.121 725867.0259 16 
0.2325 636790.4481 492776.481 10 
0.2375 252356.7455 165774.8581 10 
0.2425 918444.1717 471874.1384 16 
0.2475 1106801.408 587192.6906 12 
0.2525 383741.9397 208781.2258 16 
0.2575 766910.368 528633.2512 13 
0.2625 318236.1085 161875.8973 14 
0.2675 337088.6393 126649.2799 23 
0.2725 429489.4507 239870.9218 22 
0.2775 174948.6563 50298.28232 19 
0.2825 111915.2112 48820.41777 14 
0.2875 107182.2759 36768.83655 17 
0.2925 106064.8937 35152.39016 16 
0.2975 169337.5408 49559.50939 19 
0.3025 105210.9394 37447.46977 17 
0.3075 84619.55049 33356.18931 16 
0.3125 233431.7872 148635.1077 13 
0.3175 175584.8482 44211.21994 25 
0.3225 59864.20538 22946.70698 15 
0.3275 86081.73364 27127.27276 22 
0.3325 82184.21214 37956.51178 14 
0.3375 95587.04323 30531.73451 20 
0.3425 111893.0813 31451.77575 25 
0.3475 103468.8108 33922.02166 15 
0.3525 67294.93338 21049.25963 24 
0.3575 92965.7775 27037.57336 25 
0.3625 94921.22612 27990.22047 26 
0.3675 77101.58958 25013.51866 27 
0.3725 78080.95342 23753.01647 22 
0.3775 77487.63455 24558.0324 16 
0.3825 47699.33011 18734.68159 25 
0.3875 43768.92749 15821.10835 23 
0.3925 110269.5343 28705.93402 35 
0.3975 66184.12248 20752.50238 27 
0.4025 96465.10943 26560.34144 26 
0.4075 29807.4745 12431.93595 22 
0.4125 75011.9212 26245.42495 25 
0.4175 48033.4001 15617.29022 30 
0.4225 36070.10954 11466.52582 24 
0.4275 27349.63781 13429.69782 18 
0.4325 52240.45277 19366.23301 25 
0.4375 59255.93783 21166.75792 29 
0.4425 45447.44728 17533.20073 25 
0.4475 62172.30699 21018.92696 34 
0.4525 75712.05047 22333.65604 30 
0.4575 54731.76475 15383.97565 36 
0.4625 81212.10578 22115.61427 34 
0.4675 41839.68414 14514.08565 28 
0.4725 41440.87535 12482.50815 32 
0.4775 33324.55294 8232.668378 31 
0.4825 24661.47559 11517.15682 27 
0.4875 56327.58028 19068.32035 33 
0.4925 17963.51125 4364.602185 32 
0.4975 16616.45478 4721.916525 28 
