# Format: McCode with text headers
# URL: http://www.mccode.org
# Creator:  3.8.5, git
# Instrument: eqsans_cylinder.instr
# Ncount: 5000000
# Trace: no
# Gravitation: no
# Seed: 1790193126602896
# Directory: /Users/georgeyumnam/WORK/PANRAID/PaNRAID-results/Group2/panraidproject/dataset_cylinder/cyl_000234
# Param: gx=0
# Param: gy=0
# Param: sample_on=1
# Param: bs_radius=0
# Param: samp_ap=0.01
# Param: sld=0.91025
# Param: sld_solvent=1
# Param: radius=33.8038
# Param: length=405.067
# Param: pd_radius=0.224943
# Param: pd_length=0.117259
# Param: model_scale=1
# Param: model_abs=0
# Date: Wed Sep 23 21:52:23 2026 (1790193143)
# type: array_1d(100)
# Source: EQ_SANS_cylinder (eqsans_cylinder.instr)
# component: qmon
# position: 0 0 22.281
# title: QMonitor - Radially averaged distribution
# Ncount: 5000000
# filename: rdet.dat
# statistics: X0=0.0896151; dX=0.0849706;
# signal: Min=8.4326e+08; Max=1.65099e+11; Mean=3.37703e+10;
# values: 3.37703e+12 7.55057e+10 161035
# xvar: r
# yvar: (I,I_err)
# xlabel: Radius [m]
# ylabel: I(r)
# xlimits: 0 0.5
# variables: r I I_err N
0.0025 1.411414148e+11 4.397289606e+10 18 
0.0075 1.555342359e+11 3.579813563e+10 49 
0.0125 1.501246117e+11 2.516369126e+10 80 
0.0175 1.650992619e+11 2.170613086e+10 102 
0.0225 1.46221715e+11 1.750184864e+10 142 
0.0275 1.412612572e+11 1.417895318e+10 194 
0.0325 1.480688081e+11 1.433020314e+10 207 
0.0375 1.269772598e+11 1.112742516e+10 252 
0.0425 1.183771866e+11 1.0081208e+10 268 
0.0475 1.105756361e+11 8647056789 304 
0.0525 1.276746719e+11 9059902080 394 
0.0575 1.083132925e+11 8194353676 374 
0.0625 9.961882843e+10 6976498249 391 
0.0675 9.504590785e+10 6139925317 472 
0.0725 8.208948698e+10 5390767591 435 
0.0775 7.599490343e+10 4954288228 446 
0.0825 7.263082839e+10 4505870796 523 
0.0875 7.305450235e+10 4264617001 589 
0.0925 6.283214365e+10 3535803955 593 
0.0975 6.251183327e+10 3556422140 629 
0.1025 5.994914502e+10 3417360267 642 
0.1075 6.0412396e+10 3502232191 697 
0.1125 5.513074071e+10 2898049808 740 
0.1175 4.883012756e+10 2558318533 750 
0.1225 4.852458453e+10 2819308529 780 
0.1275 4.906692315e+10 2390992889 871 
0.1325 4.335467307e+10 2404308633 841 
0.1375 4.100729051e+10 1997313559 875 
0.1425 3.80822713e+10 1758341598 917 
0.1475 3.670459212e+10 1667619272 972 
0.1525 3.508194548e+10 1549747692 1010 
0.1575 3.051883338e+10 1377517957 984 
0.1625 2.851810093e+10 1243109174 1030 
0.1675 2.852173006e+10 1194307475 1107 
0.1725 3.027319482e+10 1381743789 1127 
0.1775 2.494361532e+10 1039346297 1112 
0.1825 2.435476684e+10 1020033852 1175 
0.1875 2.403776897e+10 946821424.2 1254 
0.1925 2.161855368e+10 861543950.9 1266 
0.1975 2.068270499e+10 833851522.8 1269 
0.2025 1.981565626e+10 791542581.2 1278 
0.2075 1.840542999e+10 728644788.6 1270 
0.2125 1.963103704e+10 744079636.9 1435 
0.2175 1.79744939e+10 709174917.8 1431 
0.2225 1.583982696e+10 614007478.3 1391 
0.2275 1.523764563e+10 571600818.3 1468 
0.2325 1.372063564e+10 508817347.4 1488 
0.2375 1.318601534e+10 504699526.7 1491 
0.2425 1.29866872e+10 451109679.1 1640 
0.2475 1.195695099e+10 441538682.7 1562 
0.2525 1.098022989e+10 399740887.5 1596 
0.2575 1.13246953e+10 415017656.8 1744 
0.2625 1.058208387e+10 407030396.1 1683 
0.2675 9658066239 342591315.1 1720 
0.2725 9209556735 316901881.2 1795 
0.2775 9011750945 318180442.5 1812 
0.2825 7891599297 272722997.5 1816 
0.2875 7953505967 274562684.5 1871 
0.2925 7497812253 258471068.6 1857 
0.2975 6670573708 239475789.4 1838 
0.3025 6750901222 243355267.9 1939 
0.3075 6350581268 227927207 1903 
0.3125 5943156210 204157723.7 2003 
0.3175 5703939414 197995198.6 2084 
0.3225 5365353528 188620119 2033 
0.3275 5301982883 183334354.8 2147 
0.3325 4718260417 169565176.3 2130 
0.3375 4760384040 164484759.3 2185 
0.3425 4570785134 155159007.2 2217 
0.3475 4243768381 149685682.5 2259 
0.3525 3831488133 137195965.7 2264 
0.3575 3742412766 131326163.9 2267 
0.3625 3627485624 128429366.2 2330 
0.3675 3497155672 120057397.5 2429 
0.3725 3302675046 115362866.2 2370 
0.3775 3031139235 104481276 2506 
0.3825 2859331198 98085563.25 2506 
0.3875 2673549019 90959546.49 2467 
0.3925 2782177081 94060939.59 2681 
0.3975 2441876496 83263579.98 2553 
0.4025 2285255789 78540605.14 2626 
0.4075 2301779973 81167771.24 2651 
0.4125 1937406305 69406899.21 2612 
0.4175 2048684155 71989255.12 2652 
0.4225 1938179866 68372911.4 2695 
0.4275 1710300872 61152664.06 2618 
0.4325 1623938857 55842512.77 2820 
0.4375 1580527721 55233300.19 2743 
0.4425 1504895594 53140483.41 2794 
0.4475 1461057860 50021344.58 2885 
0.4525 1346623221 47037094.29 2843 
0.4575 1204721984 42403452.04 2892 
0.4625 1227585736 41857792.86 3059 
0.4675 1209376607 41581204.85 3030 
0.4725 1095005878 37360865.96 3006 
0.4775 1116335756 37386390.75 3155 
0.4825 966514786.3 33310831.08 3109 
0.4875 894817535 30534193.74 3146 
0.4925 934445025.2 31722485.3 3157 
0.4975 843259530.9 28997644.38 3202 
