# Format: McCode with text headers
# URL: http://www.mccode.org
# Creator:  3.8.5, git
# Instrument: eqsans_sans.instr
# Ncount: 10000000
# Trace: no
# Gravitation: no
# Seed: 1790183087076046
# Directory: /Users/georgeyumnam/WORK/PANRAID/PaNRAID-results/Group2/panraidproject/scan_sans_sample/x+02_y+13
# Param: gx=0.002
# Param: gy=0.013
# Param: sample_on=1
# Param: R_sphere=100
# Param: Phi=0.01
# Param: bs_radius=0
# Param: samp_ap=0.01
# Date: Wed Sep 23 19:05:22 2026 (1790183122)
# type: array_1d(100)
# Source: EQ_SANS_sample (eqsans_sans.instr)
# component: qmon
# position: 0 0 22.281
# title: QMonitor - Distribution in q (Radially averaged)
# Ncount: 10000000
# filename: qdet.dat
# statistics: X0=0.0138426; dX=0.00995472;
# signal: Min=4782.89; Max=2.53496e+08; Mean=3.09776e+07;
# values: 3.09776e+09 3.19709e+08 4958
# xvar: q
# yvar: (I,I_err)
# xlabel: q [1 / AA]
# ylabel: I(q)
# xlimits: 0 0.151561
# variables: q I I_err N
0.0007578035702 146414584.4 146414584.4 1 
0.002273410711 122703406.6 90083238.47 2 
0.003789017851 253495868.2 152718104.3 4 
0.005304624991 186154075.3 110598358.2 4 
0.006820232132 139302015.2 66113509.51 7 
0.008335839272 247621161.5 78939115.5 11 
0.009851446413 233365935.8 81557340.77 12 
0.01136705355 213542748.6 78137150.13 9 
0.01288266069 216193033.8 69567552.57 17 
0.01439826783 200110105.7 65793449.59 17 
0.01591387497 110872046.4 34885298.66 14 
0.01742948211 156020700.4 41953386.43 19 
0.01894508925 129570891.4 36431290.81 21 
0.0204606964 150113182.2 34471007.52 30 
0.02197630354 107224786.7 38158981.75 21 
0.02349191068 92675287.72 22726241.23 23 
0.02500751782 95328318.68 21180456.19 33 
0.02652312496 67988121.28 16289687.75 29 
0.0280387321 36579245.84 9877805.097 26 
0.02955433924 34293857.23 8989215.785 30 
0.03106994638 37076358.31 8448846.645 37 
0.03258555352 17601799.27 4394334.316 33 
0.03410116066 20259060.28 5934939.116 35 
0.0356167678 12038808.92 2944286.021 41 
0.03713237494 11436643.71 4005889.121 41 
0.03864798208 11762616.39 2838910.564 54 
0.04016358922 8943662.442 2960386.542 39 
0.04167919636 4552087.835 1450581.298 43 
0.0431948035 3123346.092 1074535.713 49 
0.04471041064 2317418.289 1065296.019 44 
0.04622601778 2445408.268 789639.3442 47 
0.04774162492 1367518.612 379546.0722 50 
0.04925723206 1146731.629 211884.0451 52 
0.0507728392 1062841.396 187487.5122 64 
0.05228844634 1315020.332 226426.6578 56 
0.05380405348 1298799.136 227940.54 53 
0.05531966062 2055248.242 305313.4948 62 
0.05683526776 1598448.015 253386.5279 59 
0.05835087491 1934656.191 280699.3501 65 
0.05986648205 1506168.599 242004.6117 54 
0.06138208919 1388288.717 224271.2112 57 
0.06289769633 1493154.877 230812.7011 65 
0.06441330347 1226195.44 187972.9156 68 
0.06592891061 861139.9701 136072.39 62 
0.06744451775 1208052.815 169847.0256 83 
0.06896012489 602196.8952 117484.5135 62 
0.07047573203 754148.5165 129354.9857 76 
0.07199133917 572986.8766 89788.30284 88 
0.07350694631 558059.8476 103336.2283 83 
0.07502255345 187220.5725 40415.53887 63 
0.07653816059 187704.9101 46050.9732 58 
0.07805376773 137567.4053 26017.48979 68 
0.07956937487 133837.1611 28851.61925 71 
0.08108498201 205245.3589 33987.52031 83 
0.08260058915 173229.6524 25866.55211 79 
0.08411619629 151846.2192 25495.71822 60 
0.08563180343 213370.4321 30231.94539 74 
0.08714741057 240574.578 31028.01753 88 
0.08866301771 238912.7099 33179.64421 77 
0.09017862485 341762.4384 41572.76989 97 
0.09169423199 276676.2761 34023.97418 90 
0.09320983913 280858.4714 36854.64317 81 
0.09472544627 211933.3866 31537.20203 66 
0.09624105341 185029.7926 27069.1082 65 
0.09775666056 174475.3492 24696.80779 75 
0.0992722677 144381.0443 23285.38141 67 
0.1007878748 158642.3199 25042.47262 71 
0.102303482 71014.29305 15609.0574 63 
0.1038190891 79229.63762 16153.76779 62 
0.1053346963 66962.71618 13139.30404 71 
0.1068503034 34872.26636 8436.682421 47 
0.1083659105 22612.2772 4856.85477 55 
0.1098815177 34451.87474 6319.29043 60 
0.1113971248 30093.58452 5887.217011 54 
0.112912732 40425.22032 6646.589643 66 
0.1144283391 32187.19998 6125.591166 50 
0.1159439462 29507.43677 5247.581359 53 
0.1174595534 40889.84219 6533.915357 55 
0.1189751605 57803.25905 8170.830292 68 
0.1204907677 57943.85147 8417.594735 64 
0.1220063748 31763.82195 5938.904321 37 
0.1235219819 61377.66863 8198.491938 67 
0.1250375891 51000.86332 7429.332366 59 
0.1265531962 35129.15419 5848.152883 46 
0.1280688034 47730.27159 6911.727372 60 
0.1295844105 28818.66366 5492.930046 43 
0.1311000176 33418.06947 6266.532235 53 
0.1326156248 22999.04056 4549.379653 52 
0.1341312319 18397.4385 3689.526432 47 
0.1356468391 19179.62325 4604.130187 43 
0.1371624462 11402.53665 2603.649104 45 
0.1386780533 13443.18525 2689.227192 55 
0.1401936605 9946.989082 2341.521821 33 
0.1417092676 4782.893499 1148.438257 36 
0.1432248748 7153.375347 1538.642893 39 
0.1447404819 9354.603593 1810.048582 49 
0.146256089 9492.0865 1972.07128 37 
0.1477716962 10228.21332 2010.043417 39 
0.1492873033 12633.64152 2386.605901 39 
0.1508029105 7001.167962 1645.161699 26 
