# Format: McCode with text headers
# URL: http://www.mccode.org
# Creator:  3.8.5, git
# Instrument: eqsans_cylinder.instr
# Ncount: 5000000
# Trace: no
# Gravitation: no
# Seed: 1790194817883665
# Directory: /Users/georgeyumnam/WORK/PANRAID/PaNRAID-results/Group2/panraidproject/dataset_cylinder/cyl_001174
# Param: gx=0
# Param: gy=0
# Param: sample_on=1
# Param: bs_radius=0
# Param: samp_ap=0.01
# Param: sld=4.85708
# Param: sld_solvent=1
# Param: radius=53.8696
# Param: length=374.832
# Param: pd_radius=0.017202
# Param: pd_length=0.226579
# Param: model_scale=1
# Param: model_abs=0
# Date: Wed Sep 23 22:20:35 2026 (1790194835)
# type: array_1d(100)
# Source: EQ_SANS_cylinder (eqsans_cylinder.instr)
# component: qmon
# position: 0 0 22.281
# title: QMonitor - Distribution in q (Radially averaged)
# Ncount: 5000000
# filename: qdet.dat
# statistics: X0=0.0135787; dX=0.0122506;
# signal: Min=2.60301e+11; Max=5.6637e+15; Mean=6.39349e+14;
# values: 6.39349e+16 1.36555e+15 259943
# xvar: q
# yvar: (I,I_err)
# xlabel: q [1 / AA]
# ylabel: I(q)
# xlimits: 0 0.151561
# variables: q I I_err N
0.0007578035702 5.663698525e+15 1.013934834e+15 42 
0.002273410711 5.102250025e+15 5.282621568e+14 135 
0.003789017851 5.259499871e+15 4.119460269e+14 243 
0.005304624991 4.51394884e+15 3.317696772e+14 296 
0.006820232132 4.417188408e+15 2.832469902e+14 395 
0.008335839272 4.024902925e+15 2.323625625e+14 459 
0.009851446413 3.874795571e+15 2.046990753e+14 566 
0.01136705355 3.213352017e+15 1.608948948e+14 629 
0.01288266069 3.25687836e+15 1.533582422e+14 721 
0.01439826783 2.77203102e+15 1.263726085e+14 808 
0.01591387497 2.403966771e+15 1.051549119e+14 857 
0.01742948211 2.318654938e+15 9.372059694e+13 1000 
0.01894508925 1.893645482e+15 7.723787838e+13 981 
0.0204606964 1.782069371e+15 6.72135253e+13 1129 
0.02197630354 1.523158272e+15 5.704943631e+13 1192 
0.02349191068 1.385346667e+15 4.925282507e+13 1302 
0.02500751782 1.262379968e+15 4.380866945e+13 1375 
0.02652312496 1.227421264e+15 4.058093889e+13 1518 
0.0280387321 1.012992153e+15 3.292295231e+13 1555 
0.02955433924 8.725932001e+14 2.881407814e+13 1573 
0.03106994638 8.280021329e+14 2.476117042e+13 1783 
0.03258555352 6.865032335e+14 2.109074976e+13 1716 
0.03410116066 5.614451246e+14 1.680819891e+13 1767 
0.0356167678 5.545309421e+14 1.60565874e+13 1948 
0.03713237494 4.833619535e+14 1.39280412e+13 2053 
0.03864798208 4.354843688e+14 1.232612966e+13 2172 
0.04016358922 3.81783176e+14 1.044082199e+13 2285 
0.04167919636 3.289271276e+14 8.954746711e+12 2323 
0.0431948035 2.815386898e+14 7.786482012e+12 2398 
0.04471041064 2.564491204e+14 6.906103219e+12 2560 
0.04622601778 2.109324137e+14 5.552701693e+12 2590 
0.04774162492 1.657426854e+14 4.402371662e+12 2570 
0.04925723206 1.55327207e+14 4.171203478e+12 2781 
0.0507728392 1.216917189e+14 3.292686473e+12 2780 
0.05228844634 1.081199206e+14 2.95515967e+12 2853 
0.05380405348 8.763805095e+13 2.388548326e+12 2975 
0.05531966062 7.207579537e+13 1.94709309e+12 3088 
0.05683526776 5.669254698e+13 1.513151937e+12 3129 
0.05835087491 4.99652489e+13 1.360865386e+12 3304 
0.05986648205 3.730475117e+13 1.046551006e+12 3284 
0.06138208919 2.987045655e+13 9.01797539e+11 3409 
0.06289769633 2.251198213e+13 6.572121078e+11 3403 
0.06441330347 1.826024298e+13 5.475359356e+11 3489 
0.06592891061 1.371055633e+13 4.147371767e+11 3539 
0.06744451775 1.13970543e+13 3.492886721e+11 3558 
0.06896012489 8.074647531e+12 2.333839539e+11 3581 
0.07047573203 6.774010816e+12 1.895250548e+11 3760 
0.07199133917 5.874996528e+12 1.529457075e+11 3699 
0.07350694631 5.226628523e+12 1.305292743e+11 3736 
0.07502255345 4.835269751e+12 1.090543896e+11 3798 
0.07653816059 4.806675293e+12 1.019667265e+11 3802 
0.07805376773 5.070334443e+12 1.040244167e+11 3842 
0.07956937487 5.550167958e+12 1.092030041e+11 3929 
0.08108498201 5.685888175e+12 1.10944699e+11 3848 
0.08260058915 6.360107272e+12 1.206683704e+11 4032 
0.08411619629 6.727707286e+12 1.26057282e+11 4021 
0.08563180343 7.027016071e+12 1.306160988e+11 3969 
0.08714741057 7.21049532e+12 1.339330066e+11 3903 
0.08866301771 7.575747525e+12 1.376474665e+11 3992 
0.09017862485 7.810683329e+12 1.39768031e+11 4094 
0.09169423199 7.526930968e+12 1.377561435e+11 3827 
0.09320983913 7.617331779e+12 1.382071154e+11 3898 
0.09472544627 7.508843909e+12 1.366315761e+11 3814 
0.09624105341 7.197844173e+12 1.324455996e+11 3781 
0.09775666056 7.222947622e+12 1.316021651e+11 3862 
0.0992722677 6.580522273e+12 1.235277385e+11 3683 
0.1007878748 6.269365588e+12 1.165962728e+11 3719 
0.102303482 6.020906469e+12 1.129490425e+11 3728 
0.1038190891 5.609503866e+12 1.058661778e+11 3766 
0.1053346963 4.923155119e+12 9.551464845e+10 3592 
0.1068503034 4.437009899e+12 8.690320607e+10 3554 
0.1083659105 3.966873587e+12 8.063325527e+10 3457 
0.1098815177 3.513455748e+12 7.21126138e+10 3410 
0.1113971248 3.062665211e+12 6.45177678e+10 3419 
0.112912732 2.689700712e+12 5.807452783e+10 3357 
0.1144283391 2.254542519e+12 4.985195318e+10 3244 
0.1159439462 1.880539997e+12 4.394621359e+10 3155 
0.1174595534 1.603661218e+12 3.79843204e+10 3128 
0.1189751605 1.311472489e+12 3.221610794e+10 3028 
0.1204907677 1.123479154e+12 2.834489553e+10 3094 
0.1220063748 9.130617266e+11 2.379468286e+10 3060 
0.1235219819 6.876266116e+11 1.875072958e+10 2859 
0.1250375891 5.738856172e+11 1.577426525e+10 2818 
0.1265531962 4.540640396e+11 1.275087847e+10 2695 
0.1280688034 4.00346207e+11 1.125158255e+10 2687 
0.1295844105 3.215888659e+11 8932034785 2595 
0.1311000176 3.019574045e+11 8093193875 2596 
0.1326156248 2.793225114e+11 7409925572 2512 
0.1341312319 2.705765346e+11 6879182301 2469 
0.1356468391 2.603009744e+11 6676107792 2342 
0.1371624462 2.825133678e+11 7200302868 2324 
0.1386780533 3.001519045e+11 7799803127 2202 
0.1401936605 3.314371947e+11 8434413196 2254 
0.1417092676 3.256379592e+11 8551290295 2075 
0.1432248748 3.563623764e+11 9178468755 2084 
0.1447404819 3.675104695e+11 9427415693 2022 
0.146256089 3.871056424e+11 9952584395 1963 
0.1477716962 3.777308706e+11 9852140367 1840 
0.1492873033 3.874864542e+11 1.017952492e+10 1792 
0.1508029105 3.805467627e+11 1.013193304e+10 1699 
