# Format: McCode with text headers
# URL: http://www.mccode.org
# Creator:  3.8.5, git
# Instrument: eqsans_cylinder.instr
# Ncount: 5000000
# Trace: no
# Gravitation: no
# Seed: 1790194817883665
# Directory: /Users/georgeyumnam/WORK/PANRAID/PaNRAID-results/Group2/panraidproject/dataset_cylinder/cyl_001174
# Param: gx=0
# Param: gy=0
# Param: sample_on=1
# Param: bs_radius=0
# Param: samp_ap=0.01
# Param: sld=4.85708
# Param: sld_solvent=1
# Param: radius=53.8696
# Param: length=374.832
# Param: pd_radius=0.017202
# Param: pd_length=0.226579
# Param: model_scale=1
# Param: model_abs=0
# Date: Wed Sep 23 22:20:35 2026 (1790194835)
# type: array_1d(100)
# Source: EQ_SANS_cylinder (eqsans_cylinder.instr)
# component: qmon
# position: 0 0 22.281
# title: QMonitor - Radially averaged distribution
# Ncount: 5000000
# filename: rdet.dat
# statistics: X0=0.071128; dX=0.0670243;
# signal: Min=1.44702e+12; Max=2.1362e+15; Mean=2.54988e+14;
# values: 2.54988e+16 5.94829e+14 163645
# xvar: r
# yvar: (I,I_err)
# xlabel: Radius [m]
# ylabel: I(r)
# xlimits: 0 0.5
# variables: r I I_err N
0.0025 2.13620223e+15 4.622992846e+14 25 
0.0075 1.237110653e+15 2.067770083e+14 49 
0.0125 1.166178145e+15 1.485475781e+14 81 
0.0175 1.291364289e+15 1.262346213e+14 129 
0.0225 1.224966416e+15 1.085296818e+14 167 
0.0275 1.198241457e+15 1.003802287e+14 183 
0.0325 1.048328037e+15 8.117317469e+13 214 
0.0375 1.022137151e+15 7.730180532e+13 235 
0.0425 1.064994257e+15 7.138444113e+13 300 
0.0475 8.838059834e+14 5.757460139e+13 309 
0.0525 8.875973123e+14 5.665759457e+13 339 
0.0575 9.891104611e+14 5.599669128e+13 426 
0.0625 7.896079138e+14 4.458248556e+13 414 
0.0675 7.436086046e+14 4.222636231e+13 428 
0.0725 6.776193578e+14 3.644194052e+13 476 
0.0775 6.662854902e+14 3.40207242e+13 519 
0.0825 6.080348946e+14 3.114549883e+13 531 
0.0875 5.312595106e+14 2.74013309e+13 536 
0.0925 5.522657788e+14 2.563745603e+13 634 
0.0975 4.513697684e+14 2.193833904e+13 587 
0.1025 4.411162397e+14 2.044364284e+13 658 
0.1075 4.175061443e+14 1.855839052e+13 702 
0.1125 4.188380992e+14 1.749810978e+13 797 
0.1175 3.624944225e+14 1.571495436e+13 771 
0.1225 3.509766374e+14 1.468057771e+13 829 
0.1275 3.147563067e+14 1.316119091e+13 827 
0.1325 2.982130913e+14 1.216659764e+13 887 
0.1375 2.596707738e+14 1.075309719e+13 876 
0.1425 2.44417618e+14 1.00534479e+13 888 
0.1475 2.237691976e+14 9.282727544e+12 917 
0.1525 2.129336147e+14 8.491705449e+12 984 
0.1575 2.058861326e+14 7.921651884e+12 1094 
0.1625 1.780196764e+14 7.200152048e+12 998 
0.1675 1.727792859e+14 6.750792479e+12 1074 
0.1725 1.767543618e+14 6.473695476e+12 1202 
0.1775 1.591222503e+14 6.133479302e+12 1143 
0.1825 1.346481622e+14 5.196097899e+12 1172 
0.1875 1.268494957e+14 4.876881625e+12 1214 
0.1925 1.295432813e+14 4.75306076e+12 1306 
0.1975 1.116019245e+14 4.416806028e+12 1255 
0.2025 1.103419348e+14 4.22954696e+12 1353 
0.2075 9.64599597e+13 3.655203073e+12 1363 
0.2125 9.049636015e+13 3.537350109e+12 1372 
0.2175 8.596498817e+13 3.279957353e+12 1457 
0.2225 7.612896449e+13 2.949473313e+12 1451 
0.2275 7.697466432e+13 2.935781991e+12 1529 
0.2325 6.508409511e+13 2.590980522e+12 1489 
0.2375 5.520828986e+13 2.154196166e+12 1500 
0.2425 5.435968128e+13 2.217416336e+12 1542 
0.2475 4.778026722e+13 2.017631372e+12 1485 
0.2525 4.773885437e+13 1.953095328e+12 1688 
0.2575 4.624054256e+13 1.877463657e+12 1722 
0.2625 4.200656469e+13 1.655397419e+12 1814 
0.2675 3.763806529e+13 1.567325716e+12 1790 
0.2725 3.655460125e+13 1.528997672e+12 1817 
0.2775 2.952383453e+13 1.242548681e+12 1815 
0.2825 2.88276788e+13 1.247248352e+12 1781 
0.2875 2.723177488e+13 1.191040828e+12 1885 
0.2925 2.585863023e+13 1.091703908e+12 1891 
0.2975 2.591988301e+13 1.08246393e+12 1995 
0.3025 2.343242759e+13 9.859842799e+11 2040 
0.3075 1.937008273e+13 8.284901309e+11 1983 
0.3125 1.95443805e+13 8.307346226e+11 2115 
0.3175 1.60716208e+13 7.37965579e+11 2040 
0.3225 1.563166425e+13 6.966402324e+11 2134 
0.3275 1.383986724e+13 6.240498912e+11 2106 
0.3325 1.309431575e+13 5.914377922e+11 2194 
0.3375 1.262450463e+13 5.745310315e+11 2183 
0.3425 1.183512812e+13 5.255234812e+11 2240 
0.3475 1.030281936e+13 4.570249878e+11 2291 
0.3525 8.996596631e+12 4.089558689e+11 2280 
0.3575 9.500253115e+12 4.286126717e+11 2322 
0.3625 8.841519726e+12 4.120093308e+11 2308 
0.3675 7.497148828e+12 3.369456804e+11 2350 
0.3725 7.862339607e+12 3.434470654e+11 2546 
0.3775 6.888555972e+12 3.121509502e+11 2533 
0.3825 5.935138888e+12 2.693094584e+11 2480 
0.3875 5.736741672e+12 2.495790943e+11 2614 
0.3925 5.879819008e+12 2.579545764e+11 2646 
0.3975 4.856433087e+12 2.088114056e+11 2592 
0.4025 4.64760955e+12 2.00173671e+11 2621 
0.4075 4.195851073e+12 1.725095664e+11 2736 
0.4125 4.280055553e+12 1.721943378e+11 2804 
0.4175 4.074005139e+12 1.720699005e+11 2635 
0.4225 3.471262241e+12 1.386713094e+11 2760 
0.4275 3.590812952e+12 1.399151979e+11 2879 
0.4325 3.331886892e+12 1.332419798e+11 2804 
0.4375 2.880796168e+12 1.113407569e+11 2853 
0.4425 2.626727843e+12 9.830974337e+10 2819 
0.4475 2.600859494e+12 9.457801702e+10 2945 
0.4525 2.437754948e+12 9.218384288e+10 2900 
0.4575 2.349829816e+12 8.335581587e+10 3061 
0.4625 2.09700028e+12 7.38094956e+10 3002 
0.4675 1.937691395e+12 6.158898333e+10 3008 
0.4725 1.960725025e+12 6.248731155e+10 3081 
0.4775 1.900736515e+12 6.07188527e+10 3123 
0.4825 1.713248559e+12 5.387366153e+10 3138 
0.4875 1.61280615e+12 4.80350517e+10 3151 
0.4925 1.552832331e+12 4.519992393e+10 3205 
0.4975 1.447023575e+12 4.07192999e+10 3208 
