# Format: McCode with text headers
# URL: http://www.mccode.org
# Creator:  3.8.5, git
# Instrument: eqsans_cylinder.instr
# Ncount: 5000000
# Trace: no
# Gravitation: no
# Seed: 1790193268629941
# Directory: /Users/georgeyumnam/WORK/PANRAID/PaNRAID-results/Group2/panraidproject/dataset_cylinder/cyl_000310
# Param: gx=0
# Param: gy=0
# Param: sample_on=1
# Param: bs_radius=0
# Param: samp_ap=0.01
# Param: sld=7.70792
# Param: sld_solvent=1
# Param: radius=42.293
# Param: length=205.965
# Param: pd_radius=0.296026
# Param: pd_length=0.082014
# Param: model_scale=1
# Param: model_abs=0
# Date: Wed Sep 23 21:54:46 2026 (1790193286)
# type: array_1d(100)
# Source: EQ_SANS_cylinder (eqsans_cylinder.instr)
# component: qmon
# position: 0 0 22.281
# title: QMonitor - Radially averaged distribution
# Ncount: 5000000
# filename: rdet.dat
# statistics: X0=0.0901569; dX=0.0766818;
# signal: Min=2.97585e+12; Max=8.12891e+14; Mean=1.84123e+14;
# values: 1.84123e+16 3.95724e+14 164169
# xvar: r
# yvar: (I,I_err)
# xlabel: Radius [m]
# ylabel: I(r)
# xlimits: 0 0.5
# variables: r I I_err N
0.0025 7.540554098e+14 2.511467841e+14 19 
0.0075 4.81333593e+14 1.199321135e+14 44 
0.0125 6.492161805e+14 1.123483474e+14 86 
0.0175 8.1289086e+14 1.146339267e+14 116 
0.0225 7.547928158e+14 1.276742269e+14 130 
0.0275 6.244784164e+14 7.598837258e+13 167 
0.0325 6.8189091e+14 6.488181839e+13 214 
0.0375 6.474876775e+14 5.870110029e+13 242 
0.0425 6.502780631e+14 5.525304194e+13 278 
0.0475 6.96001351e+14 5.865308319e+13 334 
0.0525 6.655201385e+14 5.52563908e+13 373 
0.0575 5.983803738e+14 4.975657737e+13 404 
0.0625 5.621023547e+14 4.195894825e+13 419 
0.0675 6.163674102e+14 4.58115335e+13 460 
0.0725 4.947402905e+14 3.580451181e+13 453 
0.0775 5.250800776e+14 3.61989235e+13 516 
0.0825 4.997683723e+14 3.380971045e+13 538 
0.0875 4.772669734e+14 3.093413899e+13 604 
0.0925 4.197528686e+14 2.630207161e+13 597 
0.0975 4.030398922e+14 2.504233128e+13 624 
0.1025 3.901833929e+14 2.231078722e+13 705 
0.1075 4.078471931e+14 2.424350607e+13 724 
0.1125 3.90047139e+14 2.237420787e+13 774 
0.1175 3.373224499e+14 1.880033426e+13 771 
0.1225 3.375888587e+14 1.916463386e+13 860 
0.1275 2.845608836e+14 1.523618687e+13 833 
0.1325 2.690791528e+14 1.392694907e+13 848 
0.1375 2.523675628e+14 1.350343152e+13 838 
0.1425 2.516721061e+14 1.309010782e+13 930 
0.1475 2.204814192e+14 1.074948069e+13 979 
0.1525 2.208776788e+14 1.111179984e+13 1006 
0.1575 2.084497194e+14 1.102931133e+13 1054 
0.1625 1.801879084e+14 9.413298002e+12 1011 
0.1675 1.756418128e+14 8.263569166e+12 1112 
0.1725 1.682000295e+14 7.63373065e+12 1194 
0.1775 1.498154606e+14 7.062632213e+12 1172 
0.1825 1.349069938e+14 6.35891081e+12 1169 
0.1875 1.298959863e+14 5.980139971e+12 1237 
0.1925 1.230096516e+14 5.7653073e+12 1209 
0.1975 1.051751543e+14 4.857538477e+12 1253 
0.2025 1.066612488e+14 4.755557634e+12 1298 
0.2075 1.004244406e+14 4.434915644e+12 1378 
0.2125 9.721481169e+13 4.258112484e+12 1348 
0.2175 8.543573203e+13 3.744272378e+12 1453 
0.2225 8.395249404e+13 3.621527972e+12 1470 
0.2275 8.265488e+13 3.473981731e+12 1525 
0.2325 7.427874907e+13 3.217270114e+12 1568 
0.2375 6.599516122e+13 2.87842453e+12 1528 
0.2425 6.106490277e+13 2.618672379e+12 1622 
0.2475 6.63635391e+13 3.124447388e+12 1690 
0.2525 5.611088003e+13 2.490852126e+12 1607 
0.2575 4.993750732e+13 2.128386681e+12 1614 
0.2625 4.977153962e+13 1.987828175e+12 1752 
0.2675 4.539251204e+13 1.912101224e+12 1699 
0.2725 4.059514581e+13 1.647768086e+12 1828 
0.2775 4.315316269e+13 1.731003871e+12 1873 
0.2825 3.87018791e+13 1.62198653e+12 1852 
0.2875 3.341360895e+13 1.377653461e+12 1924 
0.2925 3.262571425e+13 1.343361227e+12 1893 
0.2975 3.032829386e+13 1.182527425e+12 2012 
0.3025 2.812412716e+13 1.13579503e+12 2012 
0.3075 2.452264794e+13 1.019781096e+12 1989 
0.3125 2.492591832e+13 9.785962442e+11 2150 
0.3175 2.210408882e+13 8.794286476e+11 1997 
0.3225 2.053387734e+13 8.39434136e+11 2063 
0.3275 2.039439782e+13 8.073576749e+11 2204 
0.3325 1.710825419e+13 6.745520272e+11 2120 
0.3375 1.737408937e+13 6.739405847e+11 2228 
0.3425 1.607018835e+13 6.214149796e+11 2267 
0.3475 1.570869464e+13 6.263095106e+11 2251 
0.3525 1.406313692e+13 5.451526145e+11 2287 
0.3575 1.466680594e+13 5.685350179e+11 2403 
0.3625 1.249439088e+13 4.732955962e+11 2401 
0.3675 1.308424341e+13 5.101391311e+11 2469 
0.3725 1.140515188e+13 4.301213329e+11 2460 
0.3775 1.072817246e+13 4.03674985e+11 2513 
0.3825 1.016039352e+13 3.741509309e+11 2555 
0.3875 8.790214363e+12 3.358055548e+11 2464 
0.3925 8.508052658e+12 3.188141101e+11 2550 
0.3975 8.177230424e+12 3.205844855e+11 2582 
0.4025 7.89669472e+12 2.968893031e+11 2660 
0.4075 7.701336463e+12 2.869913327e+11 2705 
0.4125 7.014482464e+12 2.670330794e+11 2713 
0.4175 6.47798116e+12 2.390531343e+11 2687 
0.4225 6.09895119e+12 2.194675034e+11 2832 
0.4275 5.848442437e+12 2.085739446e+11 2775 
0.4325 5.648454483e+12 2.026527567e+11 2924 
0.4375 5.496771586e+12 1.894583252e+11 2956 
0.4425 5.030971021e+12 1.836854052e+11 2830 
0.4475 4.617861619e+12 1.591808757e+11 2932 
0.4525 4.444657972e+12 1.57904895e+11 2903 
0.4575 4.048380118e+12 1.404854109e+11 2922 
0.4625 4.047967672e+12 1.338221734e+11 3059 
0.4675 3.902330469e+12 1.344127387e+11 3030 
0.4725 3.443328695e+12 1.151346165e+11 3150 
0.4775 3.454541918e+12 1.138395673e+11 3140 
0.4825 3.270497063e+12 1.106327798e+11 3115 
0.4875 3.121802397e+12 1.030468117e+11 3191 
0.4925 2.975851697e+12 9.856052937e+10 3172 
0.4975 2.993631006e+12 9.747990938e+10 3277 
