# Format: McCode with text headers
# URL: http://www.mccode.org
# Creator:  3.8.5, git
# Instrument: eqsans_sans.instr
# Ncount: 10000000
# Trace: no
# Gravitation: no
# Seed: 1790181441345461
# Directory: /Users/georgeyumnam/WORK/PANRAID/PaNRAID-results/Group2/panraidproject/scan_sans_sample/x-09_y-04
# Param: gx=-0.009
# Param: gy=-0.004
# Param: sample_on=1
# Param: R_sphere=100
# Param: Phi=0.01
# Param: bs_radius=0
# Param: samp_ap=0.01
# Date: Wed Sep 23 18:37:56 2026 (1790181476)
# type: array_1d(100)
# Source: EQ_SANS_sample (eqsans_sans.instr)
# component: qmon
# position: 0 0 22.281
# title: QMonitor - Distribution in q (Radially averaged)
# Ncount: 10000000
# filename: qdet.dat
# statistics: X0=0.0116937; dX=0.00993432;
# signal: Min=5322.5; Max=5.44045e+08; Mean=4.31707e+07;
# values: 4.31707e+09 5.3495e+08 5412
# xvar: q
# yvar: (I,I_err)
# xlabel: q [1 / AA]
# ylabel: I(q)
# xlimits: 0 0.151561
# variables: q I I_err N
0.0007578035702 544045321.8 403014761 2 
0.002273410711 401609551.7 212275076.5 4 
0.003789017851 256497839 140228684.4 4 
0.005304624991 300313385.6 106838140.3 9 
0.006820232132 227868705.1 116313414.9 6 
0.008335839272 253240016.3 85986512.36 11 
0.009851446413 316376035.4 99896254.79 14 
0.01136705355 275351086.2 90271302.1 12 
0.01288266069 159493902.3 48703100.33 14 
0.01439826783 227443268.2 69967556 16 
0.01591387497 186087636.1 50441557.44 20 
0.01742948211 270657854.8 67076189.2 26 
0.01894508925 122265397.3 31552089.49 21 
0.0204606964 145204828.8 37633992.84 23 
0.02197630354 122459501.9 29455801.7 27 
0.02349191068 85722272.25 24336851.74 29 
0.02500751782 87138373.16 19017153.26 35 
0.02652312496 54243593.28 15729625 26 
0.0280387321 57970836.08 19026337.52 40 
0.02955433924 42327592.61 11259740.83 30 
0.03106994638 28900125.4 6984402.904 37 
0.03258555352 32676767.52 8329212.783 35 
0.03410116066 28883009.07 6653852.916 52 
0.0356167678 24016514.92 5568683.394 48 
0.03713237494 8922078.923 2539361.141 38 
0.03864798208 9443000.83 3177584.047 46 
0.04016358922 9343878.235 3220885.473 43 
0.04167919636 3199320.424 778217.4011 51 
0.0431948035 2950004.834 1036401.493 44 
0.04471041064 1619464.293 554255.6757 52 
0.04622601778 1369589.365 458809.9794 50 
0.04774162492 1499785.574 428160.0643 59 
0.04925723206 1337136.966 290847.3881 54 
0.0507728392 1477960.609 252010.7233 65 
0.05228844634 1551089.653 263781.4316 59 
0.05380405348 1830927.637 289895.4845 64 
0.05531966062 1557434.729 245379.8873 56 
0.05683526776 1878444.09 285950.6251 63 
0.05835087491 2115994.638 280183.9576 85 
0.05986648205 1866686.95 266382.3387 72 
0.06138208919 1755257.162 245405.9801 76 
0.06289769633 1583358.142 218600.0773 76 
0.06441330347 1447516.783 212990.257 74 
0.06592891061 972103.3066 164883.7563 62 
0.06744451775 984864.4137 161245.3339 73 
0.06896012489 939029.2987 152098.3797 80 
0.07047573203 587785.1175 107623.9519 76 
0.07199133917 412983.3755 78916.38324 74 
0.07350694631 287397.9888 59668.0573 71 
0.07502255345 322859.1061 78335.59221 72 
0.07653816059 159190.1643 33964.27721 68 
0.07805376773 188003.2263 33682.14063 86 
0.07956937487 159536.6227 42529.79445 68 
0.08108498201 179583.3406 30945.09019 78 
0.08260058915 230043.5136 36765.95737 85 
0.08411619629 215805.6348 29860.49235 89 
0.08563180343 239922.2979 34262.39153 83 
0.08714741057 297831.892 38774.44665 92 
0.08866301771 271501.131 36331.71199 79 
0.09017862485 320260.8768 41062.35898 87 
0.09169423199 347031.3531 42281.1925 93 
0.09320983913 247155.8869 33496.11249 83 
0.09472544627 254264.7219 31060.065 88 
0.09624105341 211183.2494 29321.0145 73 
0.09775666056 174329.8512 27162.24097 71 
0.0992722677 177217.9348 26070.56322 84 
0.1007878748 137002.633 22908.1444 74 
0.102303482 119916.8292 19049.96527 84 
0.1038190891 51170.96428 11619.90092 48 
0.1053346963 60846.01663 12133.5787 77 
0.1068503034 61967.93168 12033.58363 74 
0.1083659105 44745.86078 8300.030496 81 
0.1098815177 35749.06864 8206.040499 62 
0.1113971248 23958.45565 5023.212531 59 
0.112912732 45392.57997 6911.955532 67 
0.1144283391 40969.61843 6847.481629 56 
0.1159439462 57020.81359 8444.300858 74 
0.1174595534 41203.61253 6442.497136 57 
0.1189751605 65958.98963 8390.711598 88 
0.1204907677 43141.89547 6896.012237 54 
0.1220063748 49819.18328 7683.320961 58 
0.1235219819 52218.15215 8154.092335 55 
0.1250375891 41866.08932 6527.846049 51 
0.1265531962 61332.28025 8632.762478 67 
0.1280688034 54209.55985 8030.383367 62 
0.1295844105 45522.18454 7159.217634 60 
0.1311000176 45307.55255 6674.748344 69 
0.1326156248 22084.66664 4673.635043 38 
0.1341312319 19507.35509 3999.203404 57 
0.1356468391 18681.90272 3828.23581 47 
0.1371624462 19250.48443 3969.773537 57 
0.1386780533 11243.84664 2492.508315 40 
0.1401936605 9357.633431 1926.42542 57 
0.1417092676 9332.863878 2189.572066 36 
0.1432248748 9054.424826 2052.832486 42 
0.1447404819 6387.403438 1550.813887 31 
0.146256089 5322.501467 1342.32653 26 
0.1477716962 11695.87545 2245.497452 41 
0.1492873033 12324.58546 2224.87444 43 
0.1508029105 9721.978788 1898.895286 37 
