# Format: McCode with text headers
# URL: http://www.mccode.org
# Creator:  3.8.5, git
# Instrument: eqsans_1_fixed.instr
# Ncount: 1000000
# Trace: no
# Gravitation: no
# Seed: 1790169980501413
# Directory: /Users/georgeyumnam/WORK/PANRAID/PaNRAID-results/Group2/panraidproject/scan_guide_xy/x+12_y+04
# Param: gx=0.012
# Param: gy=0.004
# Date: Wed Sep 23 15:26:24 2026 (1790169984)
# type: array_1d(120)
# Source: EQ_SANS (eqsans_1_fixed.instr)
# component: lambda_det
# position: 0 0 22.28
# title: Wavelength monitor
# Ncount: 1000000
# filename: lambda_det.dat
# statistics: X0=4.07927; dX=0.973988;
# signal: Min=0; Max=4.01258e+06; Mean=579006;
# values: 6.94807e+07 652805 21734
# xvar: L
# yvar: (I,I_err)
# xlabel: Wavelength [AA]
# ylabel: Intensity
# xlimits: 0 12
# variables: L I I_err N
0.05 0 0 0 
0.15 0 0 0 
0.25 0 0 0 
0.35 0 0 0 
0.45 0 0 0 
0.55 0 0 0 
0.65 0 0 0 
0.75 0 0 0 
0.85 0 0 0 
0.95 0 0 0 
1.05 0 0 0 
1.15 0 0 0 
1.25 0 0 0 
1.35 0 0 0 
1.45 0 0 0 
1.55 0 0 0 
1.65 0 0 0 
1.75 0 0 0 
1.85 0 0 0 
1.95 0 0 0 
2.05 0 0 0 
2.15 0 0 0 
2.25 1386.194406 1386.194406 1 
2.35 28198.63941 14384.6809 7 
2.45 120294.4854 27955.45999 34 
2.55 100515.7326 24511.70485 50 
2.65 402866.6766 50194.72142 137 
2.75 875283.1168 73119.75325 330 
2.85 2472667.978 125131.9836 815 
2.95 4012581.935 158751.7225 1200 
3.05 3644021.453 150435.3575 1168 
3.15 3451849.882 145942.1578 1077 
3.25 3362777.167 144145.682 1027 
3.35 3025520.471 136164.2963 977 
3.45 3128577.72 140208.3366 943 
3.55 2979399.505 135689.9991 904 
3.65 2810148.93 130261.6378 888 
3.75 2623448.807 125230.1909 842 
3.85 2487762.81 122040.2503 782 
3.95 2450391.758 123134.661 764 
4.05 2121447.795 112672.8659 688 
4.15 2073124.432 111874.9312 643 
4.25 2176354.936 117330.2321 642 
4.35 2001125.297 110958.0923 611 
4.45 1735698.35 100930.3661 563 
4.55 1766322.393 104344.7684 549 
4.65 1619142 98798.48592 508 
4.75 1582160.979 97733.67401 503 
4.85 1481718.892 96023.9729 462 
4.95 1346405.615 89929.53504 421 
5.05 1360181.216 92048.63836 419 
5.15 1137371.332 83226.10745 356 
5.25 1264403.386 87329.05321 379 
5.35 1005600.506 78077.20131 338 
5.45 1103286.746 82636.5344 357 
5.55 984180.7674 76758.83831 333 
5.65 918889.5094 74149.56349 285 
5.75 836316.7515 71018.51718 275 
5.85 862462.4796 72678.85154 254 
5.95 738158.0244 67695.53312 216 
6.05 744933.3513 67775.29672 217 
6.15 660499.4155 64271.31946 204 
6.25 637077.5657 62052.37137 190 
6.35 541966.5543 58458.74454 156 
6.45 480413.895 54576.82901 132 
6.55 299505.0395 43534.43158 76 
6.65 24253.62551 10660.96397 11 
6.75 0 0 0 
6.85 0 0 0 
6.95 0 0 0 
7.05 0 0 0 
7.15 0 0 0 
7.25 0 0 0 
7.35 0 0 0 
7.45 0 0 0 
7.55 0 0 0 
7.65 0 0 0 
7.75 0 0 0 
7.85 0 0 0 
7.95 0 0 0 
8.05 0 0 0 
8.15 0 0 0 
8.25 0 0 0 
8.35 0 0 0 
8.45 0 0 0 
8.55 0 0 0 
8.65 0 0 0 
8.75 0 0 0 
8.85 0 0 0 
8.95 0 0 0 
9.05 0 0 0 
9.15 0 0 0 
9.25 0 0 0 
9.35 0 0 0 
9.45 0 0 0 
9.55 0 0 0 
9.65 0 0 0 
9.75 0 0 0 
9.85 0 0 0 
9.95 0 0 0 
10.05 0 0 0 
10.15 0 0 0 
10.25 0 0 0 
10.35 0 0 0 
10.45 0 0 0 
10.55 0 0 0 
10.65 0 0 0 
10.75 0 0 0 
10.85 0 0 0 
10.95 0 0 0 
11.05 0 0 0 
11.15 0 0 0 
11.25 0 0 0 
11.35 0 0 0 
11.45 0 0 0 
11.55 0 0 0 
11.65 0 0 0 
11.75 0 0 0 
11.85 0 0 0 
11.95 0 0 0 
