# Format: McCode with text headers
# URL: http://www.mccode.org
# Creator:  3.8.5, git
# Instrument: eqsans_cylinder.instr
# Ncount: 5000000
# Trace: no
# Gravitation: no
# Seed: 1790195159201281
# Directory: /Users/georgeyumnam/WORK/PANRAID/PaNRAID-results/Group2/panraidproject/dataset_cylinder/cyl_001366
# Param: gx=0
# Param: gy=0
# Param: sample_on=1
# Param: bs_radius=0
# Param: samp_ap=0.01
# Param: sld=2.78418
# Param: sld_solvent=1
# Param: radius=65.4121
# Param: length=709.512
# Param: pd_radius=0.283366
# Param: pd_length=0.170291
# Param: model_scale=1
# Param: model_abs=0
# Date: Wed Sep 23 22:26:17 2026 (1790195177)
# type: array_1d(120)
# Source: EQ_SANS_cylinder (eqsans_cylinder.instr)
# component: lambda_det
# position: 0 0 22.28
# title: Wavelength monitor
# Ncount: 5000000
# filename: lambda_det.dat
# statistics: X0=4.35239; dX=1.02152;
# signal: Min=0; Max=1.22744e+11; Mean=2.51688e+10;
# values: 3.02026e+12 4.56534e+10 287893
# xvar: L
# yvar: (I,I_err)
# xlabel: Wavelength [AA]
# ylabel: Intensity
# xlimits: 0 12
# variables: L I I_err N
0.05 0 0 0 
0.15 0 0 0 
0.25 0 0 0 
0.35 0 0 0 
0.45 0 0 0 
0.55 0 0 0 
0.65 0 0 0 
0.75 0 0 0 
0.85 0 0 0 
0.95 0 0 0 
1.05 0 0 0 
1.15 0 0 0 
1.25 0 0 0 
1.35 0 0 0 
1.45 0 0 0 
1.55 0 0 0 
1.65 0 0 0 
1.75 0 0 0 
1.85 0 0 0 
1.95 0 0 0 
2.05 0 0 0 
2.15 69519721.27 39359728.06 100 
2.25 0 0 0 
2.35 232204056.7 139513856.7 150 
2.45 2362987884 1099515703 600 
2.55 3262353856 1006959149 1050 
2.65 9254324179 2011810745 2600 
2.75 4.168454845e+10 5746816747 8150 
2.85 7.492115304e+10 6825694463 14849 
2.95 9.637507747e+10 6779447828 17650 
3.05 1.175834511e+11 8493979948 19098 
3.15 1.019202228e+11 7615302181 15150 
3.25 9.161896528e+10 6940691983 14900 
3.35 1.032155594e+11 7238750154 15100 
3.45 1.227443595e+11 9543390755 14900 
3.55 1.15130147e+11 1.090126894e+10 13299 
3.65 1.020305694e+11 7914941241 11399 
3.75 9.162006869e+10 6845184064 10400 
3.85 1.104674729e+11 8669952335 10800 
3.95 1.105457099e+11 9308261434 10650 
4.05 1.215705792e+11 1.000443429e+10 9750 
4.15 8.653168377e+10 6910211193 8199 
4.25 1.027374361e+11 8465646013 8750 
4.35 7.611191086e+10 7107558452 6750 
4.45 7.312821013e+10 7124925137 6050 
4.55 9.469596169e+10 8812811169 5500 
4.65 7.475971506e+10 6896549969 5399 
4.75 6.250339066e+10 6470731724 4750 
4.85 8.34939343e+10 9023332839 5000 
4.95 7.011948815e+10 8052808769 4600 
5.05 6.073334544e+10 5385706821 4100 
5.15 8.865716814e+10 6828454392 5050 
5.25 6.532813312e+10 7036496044 3300 
5.35 6.158181931e+10 6468959766 3000 
5.45 7.910805877e+10 7709902725 3850 
5.55 7.212755502e+10 7658035462 3250 
5.65 6.015262735e+10 6950221730 2850 
5.75 7.800357785e+10 1.025342049e+10 3050 
5.85 4.537133966e+10 4358697293 2200 
5.95 5.756152015e+10 5668328509 2850 
6.05 3.88554761e+10 3988219125 1950 
6.15 4.316749001e+10 5993255619 1750 
6.25 3.617710453e+10 3829574921 1700 
6.35 3.820893427e+10 5113928212 1600 
6.45 2.831529253e+10 3533904285 900 
6.55 1.571045818e+10 2737020626 600 
6.65 1.050850399e+10 2096271663 300 
6.75 0 0 0 
6.85 0 0 0 
6.95 0 0 0 
7.05 0 0 0 
7.15 0 0 0 
7.25 0 0 0 
7.35 0 0 0 
7.45 0 0 0 
7.55 0 0 0 
7.65 0 0 0 
7.75 0 0 0 
7.85 0 0 0 
7.95 0 0 0 
8.05 0 0 0 
8.15 0 0 0 
8.25 0 0 0 
8.35 0 0 0 
8.45 0 0 0 
8.55 0 0 0 
8.65 0 0 0 
8.75 0 0 0 
8.85 0 0 0 
8.95 0 0 0 
9.05 0 0 0 
9.15 0 0 0 
9.25 0 0 0 
9.35 0 0 0 
9.45 0 0 0 
9.55 0 0 0 
9.65 0 0 0 
9.75 0 0 0 
9.85 0 0 0 
9.95 0 0 0 
10.05 0 0 0 
10.15 0 0 0 
10.25 0 0 0 
10.35 0 0 0 
10.45 0 0 0 
10.55 0 0 0 
10.65 0 0 0 
10.75 0 0 0 
10.85 0 0 0 
10.95 0 0 0 
11.05 0 0 0 
11.15 0 0 0 
11.25 0 0 0 
11.35 0 0 0 
11.45 0 0 0 
11.55 0 0 0 
11.65 0 0 0 
11.75 0 0 0 
11.85 0 0 0 
11.95 0 0 0 
