# Format: McCode with text headers
# URL: http://www.mccode.org
# Creator:  3.8.5, git
# Instrument: eqsans_cylinder.instr
# Ncount: 5000000
# Trace: no
# Gravitation: no
# Seed: 1790196141460585
# Directory: /Users/georgeyumnam/WORK/PANRAID/PaNRAID-results/Group2/panraidproject/dataset_cylinder/cyl_001913
# Param: gx=0
# Param: gy=0
# Param: sample_on=1
# Param: bs_radius=0
# Param: samp_ap=0.01
# Param: sld=3.44783
# Param: sld_solvent=1
# Param: radius=29.1855
# Param: length=442.16
# Param: pd_radius=0.295232
# Param: pd_length=0.256568
# Param: model_scale=1
# Param: model_abs=0
# Date: Wed Sep 23 22:42:39 2026 (1790196159)
# type: array_1d(120)
# Source: EQ_SANS_cylinder (eqsans_cylinder.instr)
# component: lambda_det
# position: 0 0 22.28
# title: Wavelength monitor
# Ncount: 5000000
# filename: lambda_det.dat
# statistics: X0=4.37375; dX=1.03681;
# signal: Min=0; Max=1.25203e+10; Mean=2.7242e+09;
# values: 3.26904e+11 2.61541e+09 284183
# xvar: L
# yvar: (I,I_err)
# xlabel: Wavelength [AA]
# ylabel: Intensity
# xlimits: 0 12
# variables: L I I_err N
0.05 0 0 0 
0.15 0 0 0 
0.25 0 0 0 
0.35 0 0 0 
0.45 0 0 0 
0.55 0 0 0 
0.65 0 0 0 
0.75 0 0 0 
0.85 0 0 0 
0.95 0 0 0 
1.05 0 0 0 
1.15 0 0 0 
1.25 0 0 0 
1.35 0 0 0 
1.45 0 0 0 
1.55 0 0 0 
1.65 0 0 0 
1.75 0 0 0 
1.85 0 0 0 
1.95 0 0 0 
2.05 0 0 0 
2.15 0 0 0 
2.25 85766742.57 47462687.55 100 
2.35 61123643.15 16110882.72 300 
2.45 331052862.6 56556888.48 800 
2.55 405087847.3 77815821.09 900 
2.65 1615046417 125386882 3649 
2.75 4032782805 236433001.3 8199 
2.85 7726558275 368891733.1 14150 
2.95 1.188607503e+10 518757390.4 16949 
3.05 1.15006477e+10 511966905.8 17298 
3.15 1.116835696e+10 464043103.3 15300 
3.25 1.25202791e+10 493842762.3 16498 
3.35 1.086007842e+10 460135660.2 14250 
3.45 1.128551858e+10 520199699.3 12999 
3.55 1.110822885e+10 450605543.7 12500 
3.65 1.097688195e+10 462966998.2 10900 
3.75 1.123604213e+10 445123732.8 11098 
3.85 9918333963 393472922.2 9450 
3.95 1.050054235e+10 516518367.9 8849 
4.05 1.067974757e+10 473623919.7 9149 
4.15 9357274335 430517629.2 7850 
4.25 9028731060 389413531.3 7050 
4.35 1.00634282e+10 394664736.9 7499 
4.45 8545887256 429932448.7 6199 
4.55 9995715919 510422411.3 6500 
4.65 9144844939 378489187.8 6500 
4.75 9218434322 527069097 5699 
4.85 7654113194 356771442 4750 
4.95 9347722538 408202846.2 5449 
5.05 7261882645 375916562.9 3700 
5.15 8164103208 435187578 4400 
5.25 7474603940 375854801.9 3900 
5.35 7226295801 441151047.4 3349 
5.45 7162829734 366472046.1 3500 
5.55 6982540751 338425863.1 3500 
5.65 6310216403 420790043 2600 
5.75 6434945167 312788974.3 3100 
5.85 7290440922 607758499.4 2900 
5.95 5350585970 332246572.9 2150 
6.05 6665672100 383855860.7 2550 
6.15 5280207993 287584491 2300 
6.25 5221185043 411747381.8 1800 
6.35 4450065134 277004984.8 1650 
6.45 2985132616 227030214.9 1100 
6.55 2307274437 191233570.5 800 
6.65 81418386.07 17913043.36 50 
6.75 0 0 0 
6.85 0 0 0 
6.95 0 0 0 
7.05 0 0 0 
7.15 0 0 0 
7.25 0 0 0 
7.35 0 0 0 
7.45 0 0 0 
7.55 0 0 0 
7.65 0 0 0 
7.75 0 0 0 
7.85 0 0 0 
7.95 0 0 0 
8.05 0 0 0 
8.15 0 0 0 
8.25 0 0 0 
8.35 0 0 0 
8.45 0 0 0 
8.55 0 0 0 
8.65 0 0 0 
8.75 0 0 0 
8.85 0 0 0 
8.95 0 0 0 
9.05 0 0 0 
9.15 0 0 0 
9.25 0 0 0 
9.35 0 0 0 
9.45 0 0 0 
9.55 0 0 0 
9.65 0 0 0 
9.75 0 0 0 
9.85 0 0 0 
9.95 0 0 0 
10.05 0 0 0 
10.15 0 0 0 
10.25 0 0 0 
10.35 0 0 0 
10.45 0 0 0 
10.55 0 0 0 
10.65 0 0 0 
10.75 0 0 0 
10.85 0 0 0 
10.95 0 0 0 
11.05 0 0 0 
11.15 0 0 0 
11.25 0 0 0 
11.35 0 0 0 
11.45 0 0 0 
11.55 0 0 0 
11.65 0 0 0 
11.75 0 0 0 
11.85 0 0 0 
11.95 0 0 0 
