# Format: McCode with text headers
# URL: http://www.mccode.org
# Creator:  3.8.5, git
# Instrument: eqsans_sans.instr
# Ncount: 10000000
# Trace: no
# Gravitation: no
# Seed: 1790178379768253
# Directory: /Users/georgeyumnam/WORK/PANRAID/PaNRAID-results/Group2/panraidproject/scan_sans_nosample/x+10_y+17
# Param: gx=0.01
# Param: gy=0.017
# Param: sample_on=0
# Param: R_sphere=100
# Param: Phi=0.01
# Param: bs_radius=0
# Param: samp_ap=0.01
# Date: Wed Sep 23 17:46:54 2026 (1790178414)
# type: array_1d(120)
# Source: EQ_SANS_sample (eqsans_sans.instr)
# component: lambda_det
# position: 0 0 22.28
# title: Wavelength monitor
# Ncount: 10000000
# filename: lambda_det.dat
# statistics: X0=3.93487; dX=0.953653;
# signal: Min=0; Max=154495; Mean=19383.6;
# values: 2.32603e+06 42959 3057
# xvar: L
# yvar: (I,I_err)
# xlabel: Wavelength [AA]
# ylabel: Intensity
# xlimits: 0 12
# variables: L I I_err N
0.05 0 0 0 
0.15 0 0 0 
0.25 0 0 0 
0.35 0 0 0 
0.45 0 0 0 
0.55 0 0 0 
0.65 0 0 0 
0.75 0 0 0 
0.85 0 0 0 
0.95 0 0 0 
1.05 0 0 0 
1.15 0 0 0 
1.25 0 0 0 
1.35 0 0 0 
1.45 0 0 0 
1.55 0 0 0 
1.65 0 0 0 
1.75 0 0 0 
1.85 0 0 0 
1.95 0 0 0 
2.05 0 0 0 
2.15 0 0 0 
2.25 1058.791047 804.9792587 2 
2.35 2339.174549 1390.371885 3 
2.45 2326.41459 1379.570762 3 
2.55 5593.134982 2052.26656 8 
2.65 22176.56152 4233.002859 29 
2.75 51587.00716 6369.14809 69 
2.85 120081.3934 9838.19369 156 
2.95 154495.007 11175.78684 198 
3.05 151922.8841 11012.68652 198 
3.15 129612.306 10163.19186 170 
3.25 122855.6676 9889.735873 161 
3.35 98412.329 8818.858224 130 
3.45 120130.8283 9747.606895 159 
3.55 100151.8074 8919.559471 131 
3.65 94095.26844 8746.972032 120 
3.75 88253.25165 8330.323479 117 
3.85 79900.05723 8008.058732 104 
3.95 71263.95759 7466.755779 95 
4.05 84328.9503 8131.639937 112 
4.15 58163.12843 6705.004679 79 
4.25 64801.0087 7033.679222 90 
4.35 55117.98063 6456.325922 76 
4.45 49983.64297 6328.625745 65 
4.55 53653.52258 6554.322759 70 
4.65 43130.629 5798.062464 58 
4.75 40896.19288 5694.136912 54 
4.85 44376.5657 6018.414931 56 
4.95 40426.01686 5576.261548 55 
5.05 35520.73763 5394.19863 45 
5.15 32801.09304 5149.381539 42 
5.25 34636.69778 5327.883935 44 
5.35 23163.58649 4262.307735 31 
5.45 29114.57649 4812.308748 38 
5.55 29534.58109 4871.9782 38 
5.65 22866.80165 4310.102143 29 
5.75 25617.81375 4460.924426 34 
5.85 25302.81993 4598.615851 31 
5.95 32608.62989 4975.229656 45 
6.05 21111.74919 4082.034926 28 
6.15 17752.2597 3680.978907 24 
6.25 15929.20056 3475.204689 22 
6.35 14965.25305 3497.514801 19 
6.45 9753.010835 2739.771454 13 
6.55 3705.496026 1687.177098 5 
6.65 510.1211622 510.1211622 1 
6.75 0 0 0 
6.85 0 0 0 
6.95 0 0 0 
7.05 0 0 0 
7.15 0 0 0 
7.25 0 0 0 
7.35 0 0 0 
7.45 0 0 0 
7.55 0 0 0 
7.65 0 0 0 
7.75 0 0 0 
7.85 0 0 0 
7.95 0 0 0 
8.05 0 0 0 
8.15 0 0 0 
8.25 0 0 0 
8.35 0 0 0 
8.45 0 0 0 
8.55 0 0 0 
8.65 0 0 0 
8.75 0 0 0 
8.85 0 0 0 
8.95 0 0 0 
9.05 0 0 0 
9.15 0 0 0 
9.25 0 0 0 
9.35 0 0 0 
9.45 0 0 0 
9.55 0 0 0 
9.65 0 0 0 
9.75 0 0 0 
9.85 0 0 0 
9.95 0 0 0 
10.05 0 0 0 
10.15 0 0 0 
10.25 0 0 0 
10.35 0 0 0 
10.45 0 0 0 
10.55 0 0 0 
10.65 0 0 0 
10.75 0 0 0 
10.85 0 0 0 
10.95 0 0 0 
11.05 0 0 0 
11.15 0 0 0 
11.25 0 0 0 
11.35 0 0 0 
11.45 0 0 0 
11.55 0 0 0 
11.65 0 0 0 
11.75 0 0 0 
11.85 0 0 0 
11.95 0 0 0 
