# Format: McCode with text headers
# URL: http://www.mccode.org
# Creator:  3.8.5, git
# Instrument: eqsans_sans.instr
# Ncount: 10000000
# Trace: no
# Gravitation: no
# Seed: 1790176571128264
# Directory: /Users/georgeyumnam/WORK/PANRAID/PaNRAID-results/Group2/panraidproject/scan_sans_nosample/x+02_y-12
# Param: gx=0.002
# Param: gy=-0.012
# Param: sample_on=0
# Param: R_sphere=100
# Param: Phi=0.01
# Param: bs_radius=0
# Param: samp_ap=0.01
# Date: Wed Sep 23 17:16:46 2026 (1790176606)
# type: array_1d(120)
# Source: EQ_SANS_sample (eqsans_sans.instr)
# component: lambda_det
# position: 0 0 22.28
# title: Wavelength monitor
# Ncount: 10000000
# filename: lambda_det.dat
# statistics: X0=3.90716; dX=0.932855;
# signal: Min=0; Max=297960; Mean=35691.6;
# values: 4.283e+06 57591.2 5743
# xvar: L
# yvar: (I,I_err)
# xlabel: Wavelength [AA]
# ylabel: Intensity
# xlimits: 0 12
# variables: L I I_err N
0.05 0 0 0 
0.15 0 0 0 
0.25 0 0 0 
0.35 0 0 0 
0.45 0 0 0 
0.55 0 0 0 
0.65 0 0 0 
0.75 0 0 0 
0.85 0 0 0 
0.95 0 0 0 
1.05 0 0 0 
1.15 0 0 0 
1.25 0 0 0 
1.35 0 0 0 
1.45 0 0 0 
1.55 0 0 0 
1.65 0 0 0 
1.75 0 0 0 
1.85 0 0 0 
1.95 0 0 0 
2.05 811.1365191 811.1365191 1 
2.15 886.4139984 886.4139984 1 
2.25 661.2177172 661.2177172 1 
2.35 3125.408913 1579.884863 4 
2.45 8477.793044 2596.204173 11 
2.55 9476.527628 2700.642351 13 
2.65 48035.67988 6095.250147 64 
2.75 106704.3702 8997.456499 146 
2.85 230115.7286 13412.17011 307 
2.95 267928.9176 14451.9433 357 
3.05 297960.2279 15191.67379 400 
3.15 227073.7869 13230.4804 306 
3.25 215037.7795 12870.73836 290 
3.35 221466.1628 12969.72375 303 
3.45 185830.8097 11991.11656 249 
3.55 203508.1871 12628.34737 270 
3.65 169847.8824 11590.63771 222 
3.75 141469.6483 10378.75346 193 
3.85 152070.3329 10893.72617 203 
3.95 156378.8254 11058.26132 208 
4.05 128919.6737 9987.334225 173 
4.15 126600.4151 9807.174628 174 
4.25 105225.3636 9056.372619 140 
4.35 107277.7674 9114.588076 143 
4.45 118708.3716 9604.992483 159 
4.55 101015.0367 8876.000328 134 
4.65 86367.11138 8130.342098 117 
4.75 75556.46795 7615.004435 102 
4.85 72377.60973 7500.785494 97 
4.95 71462.99022 7459.4398 95 
5.05 56833.88622 6661.695171 75 
5.15 63894.768 6970.59641 88 
5.25 52482.73255 6462.147792 68 
5.35 62116.23032 6919.221827 83 
5.45 50385.14311 6226.927759 68 
5.55 50512.51808 6258.611308 68 
5.65 45462.75508 5973.847495 60 
5.75 52380.46176 6371.415396 70 
5.85 39620.1853 5522.287545 54 
5.95 32090.23986 4937.384593 44 
6.05 33826.94789 5185.14426 44 
6.15 30042.69287 4839.951126 40 
6.25 22795.49488 4096.190951 32 
6.35 27831.02396 4668.096962 37 
6.45 13725.28498 3285.368973 18 
6.55 5846.609777 2240.554453 7 
6.65 2773.188894 1390.150406 4 
6.75 0 0 0 
6.85 0 0 0 
6.95 0 0 0 
7.05 0 0 0 
7.15 0 0 0 
7.25 0 0 0 
7.35 0 0 0 
7.45 0 0 0 
7.55 0 0 0 
7.65 0 0 0 
7.75 0 0 0 
7.85 0 0 0 
7.95 0 0 0 
8.05 0 0 0 
8.15 0 0 0 
8.25 0 0 0 
8.35 0 0 0 
8.45 0 0 0 
8.55 0 0 0 
8.65 0 0 0 
8.75 0 0 0 
8.85 0 0 0 
8.95 0 0 0 
9.05 0 0 0 
9.15 0 0 0 
9.25 0 0 0 
9.35 0 0 0 
9.45 0 0 0 
9.55 0 0 0 
9.65 0 0 0 
9.75 0 0 0 
9.85 0 0 0 
9.95 0 0 0 
10.05 0 0 0 
10.15 0 0 0 
10.25 0 0 0 
10.35 0 0 0 
10.45 0 0 0 
10.55 0 0 0 
10.65 0 0 0 
10.75 0 0 0 
10.85 0 0 0 
10.95 0 0 0 
11.05 0 0 0 
11.15 0 0 0 
11.25 0 0 0 
11.35 0 0 0 
11.45 0 0 0 
11.55 0 0 0 
11.65 0 0 0 
11.75 0 0 0 
11.85 0 0 0 
11.95 0 0 0 
