# Format: McCode with text headers
# URL: http://www.mccode.org
# Creator:  3.8.5, git
# Instrument: eqsans_cylinder.instr
# Ncount: 5000000
# Trace: no
# Gravitation: no
# Seed: 1790195284442945
# Directory: /Users/georgeyumnam/WORK/PANRAID/PaNRAID-results/Group2/panraidproject/dataset_cylinder/cyl_001437
# Param: gx=0
# Param: gy=0
# Param: sample_on=1
# Param: bs_radius=0
# Param: samp_ap=0.01
# Param: sld=2.1592
# Param: sld_solvent=1
# Param: radius=22.6499
# Param: length=399.115
# Param: pd_radius=0.07651
# Param: pd_length=0.033455
# Param: model_scale=1
# Param: model_abs=0
# Date: Wed Sep 23 22:28:22 2026 (1790195302)
# type: array_1d(100)
# Source: EQ_SANS_cylinder (eqsans_cylinder.instr)
# component: qmon
# position: 0 0 22.281
# title: QMonitor - Distribution in q (Radially averaged)
# Ncount: 5000000
# filename: qdet.dat
# statistics: X0=0.0240005; dX=0.0230361;
# signal: Min=5.46252e+09; Max=1.63177e+13; Mean=2.66323e+12;
# values: 2.66323e+14 3.63451e+12 258955
# xvar: q
# yvar: (I,I_err)
# xlabel: q [1 / AA]
# ylabel: I(q)
# xlimits: 0 0.151561
# variables: q I I_err N
0.0007578035702 1.252087705e+13 2.309999326e+12 38 
0.002273410711 1.386127465e+13 1.42722217e+12 126 
0.003789017851 1.631769205e+13 1.330328245e+12 226 
0.005304624991 1.454415184e+13 9.756669317e+11 312 
0.006820232132 1.387582904e+13 8.649428645e+11 375 
0.008335839272 1.321202816e+13 7.531350107e+11 461 
0.009851446413 1.248127988e+13 6.680747087e+11 526 
0.01136705355 1.104013586e+13 5.538933419e+11 610 
0.01288266069 1.03070432e+13 4.817205879e+11 714 
0.01439826783 8.741265063e+12 3.932853249e+11 743 
0.01591387497 9.297641247e+12 3.920326019e+11 893 
0.01742948211 8.549300416e+12 3.382586204e+11 1001 
0.01894508925 7.114012434e+12 2.794967794e+11 1019 
0.0204606964 6.274768494e+12 2.42543837e+11 1044 
0.02197630354 6.319315975e+12 2.223399826e+11 1193 
0.02349191068 6.087788949e+12 2.03413572e+11 1346 
0.02500751782 5.221790185e+12 1.749749966e+11 1329 
0.02652312496 5.135708166e+12 1.635153738e+11 1467 
0.0280387321 4.670443133e+12 1.449189328e+11 1552 
0.02955433924 4.254708677e+12 1.300044374e+11 1544 
0.03106994638 4.267269017e+12 1.239605543e+11 1713 
0.03258555352 4.195830316e+12 1.171563454e+11 1822 
0.03410116066 3.613141388e+12 1.023681061e+11 1850 
0.0356167678 3.582332702e+12 9.583637042e+10 1988 
0.03713237494 3.322742168e+12 8.768348363e+10 2054 
0.03864798208 3.159982297e+12 8.239713744e+10 2111 
0.04016358922 3.052939305e+12 7.785224988e+10 2216 
0.04167919636 2.902027418e+12 7.16650918e+10 2336 
0.0431948035 2.703031951e+12 6.513839712e+10 2411 
0.04471041064 2.540891085e+12 6.100910836e+10 2433 
0.04622601778 2.462013078e+12 5.942021847e+10 2487 
0.04774162492 2.458832661e+12 5.605572632e+10 2718 
0.04925723206 2.234828952e+12 4.985065307e+10 2785 
0.0507728392 2.193180782e+12 4.852188589e+10 2899 
0.05228844634 2.049609128e+12 4.454043927e+10 2937 
0.05380405348 1.934851348e+12 4.13708035e+10 3012 
0.05531966062 1.845968258e+12 3.907581994e+10 3113 
0.05683526776 1.710824315e+12 3.593555219e+10 3146 
0.05835087491 1.601534535e+12 3.307098057e+10 3221 
0.05986648205 1.534756428e+12 3.179415063e+10 3242 
0.06138208919 1.513307457e+12 3.030879656e+10 3447 
0.06289769633 1.398136199e+12 2.820827522e+10 3420 
0.06441330347 1.308063305e+12 2.628221068e+10 3443 
0.06592891061 1.255211263e+12 2.473162302e+10 3528 
0.06744451775 1.20492409e+12 2.337826963e+10 3632 
0.06896012489 1.09028719e+12 2.126201848e+10 3566 
0.07047573203 1.100339538e+12 2.101566639e+10 3742 
0.07199133917 1.014956251e+12 1.938165864e+10 3740 
0.07350694631 9.563785119e+11 1.799426815e+10 3781 
0.07502255345 8.89610279e+11 1.678315913e+10 3819 
0.07653816059 8.075581438e+11 1.516929972e+10 3762 
0.07805376773 7.728015719e+11 1.459907541e+10 3787 
0.07956937487 7.535404922e+11 1.376362364e+10 3978 
0.08108498201 6.895174386e+11 1.28733563e+10 3823 
0.08260058915 6.670390604e+11 1.208617695e+10 4032 
0.08411619629 6.21364502e+11 1.12513586e+10 4025 
0.08563180343 5.713713645e+11 1.047305584e+10 3920 
0.08714741057 5.29315931e+11 9653944492 3915 
0.08866301771 4.927838579e+11 9094711914 3889 
0.09017862485 4.730785976e+11 8581606727 3957 
0.09169423199 4.471959032e+11 8055776615 3961 
0.09320983913 3.87392422e+11 7160439535 3762 
0.09472544627 3.734482805e+11 6834627082 3886 
0.09624105341 3.462636277e+11 6364886658 3799 
0.09775666056 3.200613413e+11 5890330258 3781 
0.0992722677 3.048206123e+11 5542616291 3895 
0.1007878748 2.749109969e+11 5062563649 3759 
0.102303482 2.527558069e+11 4712087429 3647 
0.1038190891 2.28492066e+11 4276072603 3614 
0.1053346963 2.062085237e+11 3897128410 3501 
0.1068503034 1.94689673e+11 3674619473 3562 
0.1083659105 1.800085262e+11 3432058333 3493 
0.1098815177 1.615545063e+11 3098933422 3459 
0.1113971248 1.485606407e+11 2862049859 3391 
0.112912732 1.353763558e+11 2646841016 3317 
0.1144283391 1.210590528e+11 2384793176 3247 
0.1159439462 1.066880283e+11 2121310932 3169 
0.1174595534 9.711271224e+10 1970572978 3083 
0.1189751605 8.909671962e+10 1828626685 3073 
0.1204907677 7.867277034e+10 1625021136 2989 
0.1220063748 7.278268872e+10 1510565539 2997 
0.1235219819 6.559447821e+10 1382350924 2936 
0.1250375891 5.696345645e+10 1212467369 2876 
0.1265531962 5.188511212e+10 1121568365 2829 
0.1280688034 4.501529892e+10 1009873191 2662 
0.1295844105 3.908611708e+10 891849675 2590 
0.1311000176 3.519929191e+10 816181501.9 2544 
0.1326156248 3.14031627e+10 734865983.6 2501 
0.1341312319 2.709246688e+10 648575936.2 2427 
0.1356468391 2.362521806e+10 578019313.8 2354 
0.1371624462 2.099528524e+10 527137846.3 2280 
0.1386780533 1.747333223e+10 450689262.9 2216 
0.1401936605 1.547854029e+10 410582378.9 2119 
0.1417092676 1.326271642e+10 367118787.8 2018 
0.1432248748 1.158198064e+10 323657489.7 2009 
0.1447404819 1.00401196e+10 286288681.8 1969 
0.146256089 8809873498 258710724.2 1874 
0.1477716962 7222882344 222513427 1789 
0.1492873033 6027803530 194334272.4 1681 
0.1508029105 5462519970 179065647.8 1677 
