# Format: McCode with text headers
# URL: http://www.mccode.org
# Creator:  3.8.5, git
# Instrument: eqsans_cylinder.instr
# Ncount: 5000000
# Trace: no
# Gravitation: no
# Seed: 1790195212752356
# Directory: /Users/georgeyumnam/WORK/PANRAID/PaNRAID-results/Group2/panraidproject/dataset_cylinder/cyl_001396
# Param: gx=0
# Param: gy=0
# Param: sample_on=1
# Param: bs_radius=0
# Param: samp_ap=0.01
# Param: sld=2.9005
# Param: sld_solvent=1
# Param: radius=80.3049
# Param: length=598.818
# Param: pd_radius=0.233587
# Param: pd_length=0.241349
# Param: model_scale=1
# Param: model_abs=0
# Date: Wed Sep 23 22:27:10 2026 (1790195230)
# type: array_1d(100)
# Source: EQ_SANS_cylinder (eqsans_cylinder.instr)
# component: qmon
# position: 0 0 22.281
# title: QMonitor - Distribution in q (Radially averaged)
# Ncount: 5000000
# filename: qdet.dat
# statistics: X0=0.00969354; dX=0.00837691;
# signal: Min=1.80069e+11; Max=1.39004e+16; Mean=1.29464e+15;
# values: 1.29464e+17 4.37043e+15 258256
# xvar: q
# yvar: (I,I_err)
# xlabel: q [1 / AA]
# ylabel: I(q)
# xlimits: 0 0.151561
# variables: q I I_err N
0.0007578035702 1.263517462e+16 2.937170304e+15 37 
0.002273410711 1.390038639e+16 1.877149281e+15 124 
0.003789017851 1.194313307e+16 1.355353253e+15 209 
0.005304624991 1.2571493e+16 1.195488547e+15 298 
0.006820232132 1.371074599e+16 1.126049196e+15 419 
0.008335839272 9.44410858e+15 1.041256423e+15 422 
0.009851446413 9.566007271e+15 7.309583487e+14 557 
0.01136705355 7.451493366e+15 5.423854852e+14 601 
0.01288266069 7.095167999e+15 5.159778915e+14 714 
0.01439826783 5.751619309e+15 3.689376978e+14 826 
0.01591387497 5.054225101e+15 3.30274999e+14 898 
0.01742948211 3.712833257e+15 2.379904388e+14 909 
0.01894508925 2.928516591e+15 1.754065744e+14 1021 
0.0204606964 2.652264637e+15 1.348166216e+14 1118 
0.02197630354 2.096583567e+15 1.05039284e+14 1164 
0.02349191068 1.82281746e+15 9.686063826e+13 1356 
0.02500751782 1.428029308e+15 6.948320321e+13 1408 
0.02652312496 1.109145763e+15 5.465562016e+13 1415 
0.0280387321 9.283154308e+14 4.344339029e+13 1537 
0.02955433924 6.54998438e+14 2.82362897e+13 1636 
0.03106994638 5.63164249e+14 2.482993016e+13 1704 
0.03258555352 4.407810277e+14 2.0393274e+13 1773 
0.03410116066 3.597825095e+14 1.822821104e+13 1830 
0.0356167678 2.648035721e+14 1.105243455e+13 1974 
0.03713237494 2.230463491e+14 9.731104089e+12 2073 
0.03864798208 1.545834017e+14 6.383771848e+12 2074 
0.04016358922 1.29578596e+14 5.123748174e+12 2176 
0.04167919636 1.035367262e+14 4.07981732e+12 2260 
0.0431948035 8.632014029e+13 3.358534407e+12 2408 
0.04471041064 7.259855397e+13 2.451511993e+12 2455 
0.04622601778 5.761943301e+13 1.890560282e+12 2553 
0.04774162492 5.097620154e+13 1.818768576e+12 2588 
0.04925723206 4.567136704e+13 1.424825098e+12 2746 
0.0507728392 4.115180667e+13 1.227977567e+12 2839 
0.05228844634 3.443248481e+13 1.017416189e+12 2822 
0.05380405348 3.280721307e+13 9.218334717e+11 2939 
0.05531966062 2.945985854e+13 8.122205096e+11 2973 
0.05683526776 2.74859516e+13 7.548989978e+11 3165 
0.05835087491 2.413790403e+13 6.47805365e+11 3130 
0.05986648205 2.345576985e+13 6.181933011e+11 3254 
0.06138208919 2.15608485e+13 5.576080972e+11 3355 
0.06289769633 1.907374594e+13 4.824235109e+11 3498 
0.06441330347 1.775564245e+13 4.407007416e+11 3538 
0.06592891061 1.526035261e+13 3.725404354e+11 3527 
0.06744451775 1.420929125e+13 3.582589233e+11 3511 
0.06896012489 1.336508771e+13 3.259051538e+11 3640 
0.07047573203 1.153990116e+13 2.781505971e+11 3668 
0.07199133917 1.050579781e+13 2.532641705e+11 3708 
0.07350694631 9.980598968e+12 2.339744504e+11 3893 
0.07502255345 8.836877857e+12 2.087144729e+11 3869 
0.07653816059 7.876651893e+12 1.797270908e+11 3830 
0.07805376773 7.396992089e+12 1.73247412e+11 3864 
0.07956937487 6.700098074e+12 1.480202008e+11 3951 
0.08108498201 5.977111622e+12 1.357739252e+11 3923 
0.08260058915 5.264777355e+12 1.205638969e+11 3870 
0.08411619629 5.050303454e+12 1.133334289e+11 3954 
0.08563180343 4.811986853e+12 1.086599084e+11 3962 
0.08714741057 4.558050898e+12 1.00940352e+11 4073 
0.08866301771 4.14804124e+12 9.238275334e+10 4056 
0.09017862485 3.724969917e+12 8.410936118e+10 3932 
0.09169423199 3.44915077e+12 7.726212921e+10 3872 
0.09320983913 3.279617028e+12 7.291514091e+10 3921 
0.09472544627 2.947309821e+12 6.658881146e+10 3814 
0.09624105341 2.67363381e+12 6.097144479e+10 3787 
0.09775666056 2.448297494e+12 5.562088158e+10 3731 
0.0992722677 2.377311913e+12 5.267967024e+10 3862 
0.1007878748 2.169156848e+12 4.887250967e+10 3767 
0.102303482 1.930978777e+12 4.480295028e+10 3559 
0.1038190891 1.831072789e+12 4.28804371e+10 3598 
0.1053346963 1.678373331e+12 3.897309956e+10 3538 
0.1068503034 1.545583408e+12 3.621560847e+10 3493 
0.1083659105 1.472568497e+12 3.39712843e+10 3503 
0.1098815177 1.346790972e+12 3.107744311e+10 3437 
0.1113971248 1.236750714e+12 2.871505018e+10 3359 
0.112912732 1.143379009e+12 2.719678184e+10 3250 
0.1144283391 1.058726016e+12 2.533694879e+10 3196 
0.1159439462 9.904095841e+11 2.351120024e+10 3190 
0.1174595534 9.323055041e+11 2.266567353e+10 3105 
0.1189751605 8.363317511e+11 2.021634792e+10 3012 
0.1204907677 8.068187634e+11 2.008677734e+10 2989 
0.1220063748 7.4787061e+11 1.86689225e+10 2902 
0.1235219819 6.843149476e+11 1.71523734e+10 2868 
0.1250375891 6.427571195e+11 1.604104264e+10 2890 
0.1265531962 5.676046086e+11 1.439362471e+10 2781 
0.1280688034 5.48023489e+11 1.410459568e+10 2697 
0.1295844105 5.256345608e+11 1.357388082e+10 2614 
0.1311000176 4.780272117e+11 1.256168507e+10 2546 
0.1326156248 4.251992754e+11 1.133819271e+10 2437 
0.1341312319 3.996214758e+11 1.072868045e+10 2440 
0.1356468391 3.69539315e+11 1.006178226e+10 2344 
0.1371624462 3.394100307e+11 9343671032 2306 
0.1386780533 3.066299542e+11 8713920179 2141 
0.1401936605 2.815204631e+11 8229301432 2078 
0.1417092676 2.75120663e+11 7946355228 2037 
0.1432248748 2.543266481e+11 7410790000 2024 
0.1447404819 2.210060092e+11 6771692387 1886 
0.146256089 2.134658931e+11 6493490893 1853 
0.1477716962 2.042898451e+11 6210631137 1839 
0.1492873033 1.934481976e+11 5906436229 1813 
0.1508029105 1.800689367e+11 5655512070 1750 
