# Format: McCode with text headers
# URL: http://www.mccode.org
# Creator:  3.8.5, git
# Instrument: eqsans_sans.instr
# Ncount: 10000000
# Trace: no
# Gravitation: no
# Seed: 1790183753955866
# Directory: /Users/georgeyumnam/WORK/PANRAID/PaNRAID-results/Group2/panraidproject/scan_sans_sample/x+07_y-01
# Param: gx=0.007
# Param: gy=-0.001
# Param: sample_on=1
# Param: R_sphere=100
# Param: Phi=0.01
# Param: bs_radius=0
# Param: samp_ap=0.01
# Date: Wed Sep 23 19:16:29 2026 (1790183789)
# type: array_1d(100)
# Source: EQ_SANS_sample (eqsans_sans.instr)
# component: qmon
# position: 0 0 22.281
# title: QMonitor - Radially averaged distribution
# Ncount: 10000000
# filename: rdet.dat
# statistics: X0=0.0627404; dX=0.0535718;
# signal: Min=71427.2; Max=1.51629e+08; Mean=2.11032e+07;
# values: 2.11032e+09 2.35501e+08 4153
# xvar: r
# yvar: (I,I_err)
# xlabel: Radius [m]
# ylabel: I(r)
# xlimits: 0 0.5
# variables: r I I_err N
0.0025 151628926.1 151628926.1 1 
0.0075 149428911.2 107739051.4 2 
0.0125 95106540.26 67924090.52 2 
0.0175 148471184 67505153.42 5 
0.0225 74490455.5 43766785.84 3 
0.0275 77238079.65 37461917.86 5 
0.0325 17852405.47 14497690.35 2 
0.0375 98167481.84 36684880.13 8 
0.0425 107352384.1 36306190.04 9 
0.0475 71249255.06 27488488.37 7 
0.0525 98519046.38 30240243.61 11 
0.0575 88555469.16 25429225.27 14 
0.0625 73036394.65 23336689.51 11 
0.0675 78181205.73 22749324.73 13 
0.0725 118509882.6 27410101.99 22 
0.0775 67376561.51 18042093.18 17 
0.0825 54227449.68 16686465.51 13 
0.0875 52020043.26 13925931.17 19 
0.0925 10771664.91 5177790.303 6 
0.0975 62726862.05 15687234.01 19 
0.1025 36752928.58 10031212.13 20 
0.1075 31279439.97 9728835.999 16 
0.1125 34482808.58 9810475.775 14 
0.1175 31464666.4 8149357.445 21 
0.1225 32173265.92 9367261.229 19 
0.1275 32423513.1 8020643.543 25 
0.1325 26661724.28 7120168.489 23 
0.1375 19692520.6 5817096.461 17 
0.1425 16222933.19 4621182.658 23 
0.1475 13786570.87 4252730.947 23 
0.1525 21616792.51 5381708.907 39 
0.1575 9981802.862 3366364.707 26 
0.1625 12894272.89 4237952.802 22 
0.1675 9623096.33 2855470.755 33 
0.1725 9445241.637 3114682.873 19 
0.1775 10082909.54 3121470.334 28 
0.1825 8086045.954 2291655.691 31 
0.1875 3984739.484 1482479.049 29 
0.1925 6992740.585 2053214.631 24 
0.1975 2688748.168 965414.1448 28 
0.2025 4653333.738 1699978.773 30 
0.2075 3668647.142 1373477.728 30 
0.2125 2581416.143 829321.7354 42 
0.2175 4919625.224 1443220.941 42 
0.2225 3038348.149 1163937.342 37 
0.2275 3175564.033 1105521.247 40 
0.2325 1274277.621 505969.7572 29 
0.2375 2797806.712 1030867.835 41 
0.2425 2413478.081 907412.8957 43 
0.2475 951323.9622 340315.1332 38 
0.2525 1375697.778 507400.202 38 
0.2575 786158.7349 246697.6149 42 
0.2625 487408.3843 156087.6154 30 
0.2675 784601.5447 194677.24 46 
0.2725 1239446.007 515636.2285 38 
0.2775 464495.0841 122177.044 37 
0.2825 436469.4067 139714.2416 41 
0.2875 828979.2149 346483.22 41 
0.2925 553604.3588 158087.5449 49 
0.2975 335567.4789 78399.24532 47 
0.3025 315837.2109 70190.33039 42 
0.3075 626708.2701 197970.2543 56 
0.3125 365829.211 93045.90046 50 
0.3175 474787.8477 134894.8657 62 
0.3225 309729.3163 67338.81378 59 
0.3275 188707.12 39671.6801 53 
0.3325 208376.5199 46694.6985 40 
0.3375 335284.3405 63105.12108 52 
0.3425 384087.2081 103745.4396 63 
0.3475 340430.0349 73761.06116 53 
0.3525 208288.8077 43895.41743 50 
0.3575 196470.882 38549.73898 55 
0.3625 187783.7704 37754.08408 63 
0.3675 232537.5834 44407.55392 66 
0.3725 297553.0286 51741.62048 73 
0.3775 201975.9084 39136.64205 53 
0.3825 233183.2703 40638.1139 76 
0.3875 183438.8119 36822.75525 66 
0.3925 220900.7297 39407.65178 75 
0.3975 230419.5747 44064.12765 66 
0.4025 154706.8027 30113.03846 62 
0.4075 154929.8079 32652.17295 70 
0.4125 169617.6859 32958.49301 85 
0.4175 184009.7601 35019.48532 68 
0.4225 139428.2924 28212.43118 79 
0.4275 176486.7485 32814.816 82 
0.4325 159196.8012 32205.85037 73 
0.4375 98780.36244 24460.83252 62 
0.4425 134600.7547 27834.99429 79 
0.4475 115798.0215 25277.2698 71 
0.4525 132184.5105 28662.89646 70 
0.4575 99867.22834 20859.452 73 
0.4625 137942.6403 29011.85478 77 
0.4675 118321.3326 26351.35599 72 
0.4725 111912.2943 25752.22577 76 
0.4775 80068.81123 17112.54106 81 
0.4825 113090.8008 22583.68799 95 
0.4875 131310.6505 24614.42567 86 
0.4925 71427.19375 13716.11289 83 
0.4975 76125.85662 15077.27446 86 
