# Format: McCode with text headers
# URL: http://www.mccode.org
# Creator:  3.8.5, git
# Instrument: eqsans_sans.instr
# Ncount: 10000000
# Trace: no
# Gravitation: no
# Seed: 1790181155979939
# Directory: /Users/georgeyumnam/WORK/PANRAID/PaNRAID-results/Group2/panraidproject/scan_sans_sample/x-11_y-09
# Param: gx=-0.011
# Param: gy=-0.009
# Param: sample_on=1
# Param: R_sphere=100
# Param: Phi=0.01
# Param: bs_radius=0
# Param: samp_ap=0.01
# Date: Wed Sep 23 18:33:10 2026 (1790181190)
# type: array_1d(100)
# Source: EQ_SANS_sample (eqsans_sans.instr)
# component: qmon
# position: 0 0 22.281
# title: QMonitor - Radially averaged distribution
# Ncount: 10000000
# filename: rdet.dat
# statistics: X0=0.0713809; dX=0.0521657;
# signal: Min=0; Max=1.15066e+08; Mean=1.09294e+07;
# values: 1.09294e+09 1.1742e+08 2474
# xvar: r
# yvar: (I,I_err)
# xlabel: Radius [m]
# ylabel: I(r)
# xlimits: 0 0.5
# variables: r I I_err N
0.0025 0 0 0 
0.0075 0 0 0 
0.0125 115065756.3 71144955.63 3 
0.0175 30825451.11 30825451.11 1 
0.0225 27595493.54 27595493.54 1 
0.0275 111349193.1 46726165.47 6 
0.0325 37154742.98 26283798.06 2 
0.0375 69681871.82 32194743.76 5 
0.0425 11520626.22 11520626.22 1 
0.0475 42181975.6 19941670.01 5 
0.0525 22219790.82 15776506.79 2 
0.0575 57723120.67 22691204.94 7 
0.0625 27109037.12 12518190.47 5 
0.0675 50036282.27 17675369.02 9 
0.0725 45995113.68 17260605.58 9 
0.0775 45964437.23 15662705.65 10 
0.0825 46550036.86 15101244.01 13 
0.0875 35818526.12 11882826.67 12 
0.0925 21637505.09 8478154.556 7 
0.0975 26307593.94 9679023.242 9 
0.1025 39438695.31 12155329.58 13 
0.1075 27970140.31 9143486.275 13 
0.1125 15059236.2 5922150.07 9 
0.1175 25079461.77 8305507.496 15 
0.1225 28864181.27 7884847.582 19 
0.1275 9405299.877 4391201.292 8 
0.1325 15394129.54 5697023.735 13 
0.1375 10077250.56 3987355.677 11 
0.1425 10710291.94 4608643.785 9 
0.1475 13601539.06 4681871.517 12 
0.1525 7133811.224 3281057.327 11 
0.1575 9825138.193 3536789.507 14 
0.1625 1663101.07 783259.6171 9 
0.1675 8536600.225 2946614.111 24 
0.1725 3448562.284 1900430.7 9 
0.1775 695062.1162 299884.1456 11 
0.1825 3811588.35 1783120.413 18 
0.1875 5104770.854 1605850.691 26 
0.1925 2142486.801 874369.6057 17 
0.1975 4292873.648 1694252.945 23 
0.2025 2130315.316 1035631.165 16 
0.2075 1842884.334 625396.2427 23 
0.2125 1639676.181 778999.8591 25 
0.2175 2310625.406 1028144.722 23 
0.2225 1512547.158 942066.7975 23 
0.2275 2400551.025 1082738.168 21 
0.2325 2472797.581 996424.8773 23 
0.2375 655171.7 273650.1438 21 
0.2425 666899.2617 222928.7419 25 
0.2475 355022.274 105682.5274 26 
0.2525 441003.8356 155207.9627 27 
0.2575 767093.667 230258.0627 34 
0.2625 792081.9149 316173.9995 28 
0.2675 577325.019 220725.554 31 
0.2725 332926.4171 110470.3018 27 
0.2775 831570.8551 393451.571 30 
0.2825 1001297.119 446454.0401 33 
0.2875 212233.1924 53678.4588 26 
0.2925 431256.818 171791.7325 28 
0.2975 156522.8025 52050.49677 24 
0.3025 166477.8402 46136.30136 30 
0.3075 306988.5248 105584.372 33 
0.3125 188616.9665 45993.28651 39 
0.3175 251372.3079 82748.33115 36 
0.3225 158487.598 48278.25219 27 
0.3275 122970.9159 32990.24298 32 
0.3325 104562.1992 28190.02847 30 
0.3375 171851.9768 44652.24347 33 
0.3425 165454.7255 39108.7805 35 
0.3475 133212.5196 41375.1754 30 
0.3525 146582.4627 36538.57095 30 
0.3575 146157.564 37733.32229 32 
0.3625 134150.4709 35315.19727 31 
0.3675 111547.9063 32802.6598 33 
0.3725 131036.7369 30782.95814 45 
0.3775 114926.9828 31132.73518 29 
0.3825 151613.456 36481.49896 44 
0.3875 68641.55522 19607.36107 34 
0.3925 119573.3693 33158.63174 38 
0.3975 74083.9624 21545.21091 35 
0.4025 122800.0431 28250.84293 47 
0.4075 110492.2532 25853.69853 51 
0.4125 106372.9198 26891.63683 48 
0.4175 47258.80938 15219.37096 31 
0.4225 101124.838 28409.69159 36 
0.4275 67116.2865 21911.18434 32 
0.4325 76363.32621 21236.30041 30 
0.4375 91327.98929 23967.51715 37 
0.4425 106911.1058 25478.90443 50 
0.4475 51626.58008 17854.25399 37 
0.4525 82674.44834 21105.27383 53 
0.4575 66593.86161 18745.42374 49 
0.4625 52822.39115 17302.25448 42 
0.4675 55996.00684 14675.03359 51 
0.4725 65415.52444 16080.59634 52 
0.4775 50995.90465 13283.25753 44 
0.4825 37834.19332 7250.972093 54 
0.4875 42218.97463 10024.01404 47 
0.4925 55290.09819 17312.19769 51 
0.4975 56748.16155 15204.69582 51 
