# Format: McCode with text headers
# URL: http://www.mccode.org
# Creator:  3.8.5, git
# Instrument: eqsans_cylinder.instr
# Ncount: 5000000
# Trace: no
# Gravitation: no
# Seed: 1790196038738769
# Directory: /Users/georgeyumnam/WORK/PANRAID/PaNRAID-results/Group2/panraidproject/dataset_cylinder/cyl_001856
# Param: gx=0
# Param: gy=0
# Param: sample_on=1
# Param: bs_radius=0
# Param: samp_ap=0.01
# Param: sld=7.82
# Param: sld_solvent=1
# Param: radius=22.9552
# Param: length=565.56
# Param: pd_radius=0.219718
# Param: pd_length=0.076251
# Param: model_scale=1
# Param: model_abs=0
# Date: Wed Sep 23 22:40:56 2026 (1790196056)
# type: array_1d(100)
# Source: EQ_SANS_cylinder (eqsans_cylinder.instr)
# component: qmon
# position: 0 0 22.281
# title: QMonitor - Radially averaged distribution
# Ncount: 5000000
# filename: rdet.dat
# statistics: X0=0.102087; dX=0.101959;
# signal: Min=5.4093e+12; Max=3.8742e+14; Mean=7.25757e+13;
# values: 7.25757e+15 1.73541e+14 161692
# xvar: r
# yvar: (I,I_err)
# xlabel: Radius [m]
# ylabel: I(r)
# xlimits: 0 0.5
# variables: r I I_err N
0.0025 3.874195155e+14 1.283279552e+14 21 
0.0075 3.712363562e+14 6.642043424e+13 55 
0.0125 3.154187413e+14 4.71944696e+13 81 
0.0175 2.393246621e+14 3.141729588e+13 114 
0.0225 2.916740476e+14 3.410601715e+13 153 
0.0275 3.235648278e+14 3.879759929e+13 189 
0.0325 2.715411461e+14 2.580047685e+13 224 
0.0375 2.51420007e+14 2.341730592e+13 235 
0.0425 2.650518499e+14 2.252888556e+13 297 
0.0475 2.582795642e+14 2.100543708e+13 324 
0.0525 1.974031933e+14 1.657341775e+13 320 
0.0575 1.953567992e+14 1.457465885e+13 387 
0.0625 2.142481838e+14 1.566132296e+13 453 
0.0675 1.82909826e+14 1.280979464e+13 414 
0.0725 1.696027226e+14 1.119123434e+13 484 
0.0775 1.669290764e+14 1.010996149e+13 540 
0.0825 1.632197592e+14 1.018245819e+13 561 
0.0875 1.270905848e+14 7.803308739e+12 575 
0.0925 1.324941371e+14 7.723089214e+12 621 
0.0975 1.258183732e+14 6.720364647e+12 663 
0.1025 1.151948754e+14 6.377182722e+12 653 
0.1075 9.950578527e+13 5.415135256e+12 685 
0.1125 9.747386239e+13 5.304998046e+12 729 
0.1175 9.30536174e+13 4.907210646e+12 728 
0.1225 8.7800266e+13 4.536249669e+12 737 
0.1275 8.285959167e+13 4.143857788e+12 786 
0.1325 9.118201949e+13 4.389847935e+12 893 
0.1375 7.972211398e+13 3.678281739e+12 899 
0.1425 7.017346998e+13 3.257824516e+12 898 
0.1475 7.397403962e+13 3.310104588e+12 956 
0.1525 6.771535317e+13 2.847053456e+12 1000 
0.1575 6.579810042e+13 2.772572636e+12 1016 
0.1625 6.729903732e+13 2.843692319e+12 1063 
0.1675 5.642546597e+13 2.455816107e+12 1009 
0.1725 5.689973154e+13 2.535934406e+12 1057 
0.1775 5.817740405e+13 2.369401646e+12 1151 
0.1825 5.175958142e+13 2.114617029e+12 1094 
0.1875 5.295586765e+13 2.064008161e+12 1224 
0.1925 5.428694396e+13 2.11262887e+12 1334 
0.1975 4.978600123e+13 1.860438624e+12 1321 
0.2025 4.666224625e+13 1.808791231e+12 1253 
0.2075 4.517060348e+13 1.704247833e+12 1359 
0.2125 4.39804707e+13 1.607401064e+12 1366 
0.2175 4.020007157e+13 1.514472993e+12 1342 
0.2225 4.087244622e+13 1.465621408e+12 1503 
0.2275 3.731192057e+13 1.31966648e+12 1500 
0.2325 3.616034323e+13 1.287963633e+12 1493 
0.2375 3.574313898e+13 1.316720217e+12 1481 
0.2425 3.297511355e+13 1.160736508e+12 1522 
0.2475 3.327412157e+13 1.098112068e+12 1651 
0.2525 3.272601891e+13 1.109837672e+12 1638 
0.2575 3.077816733e+13 1.046160039e+12 1654 
0.2625 2.987439456e+13 9.876916619e+11 1695 
0.2675 3.052203955e+13 9.860861525e+11 1821 
0.2725 2.54622116e+13 8.866846381e+11 1678 
0.2775 2.59084628e+13 8.613409575e+11 1759 
0.2825 2.746500853e+13 8.712100346e+11 1917 
0.2875 2.365846475e+13 7.740559769e+11 1832 
0.2925 2.276088263e+13 7.425472653e+11 1856 
0.2975 2.146252443e+13 6.787843146e+11 1839 
0.3025 2.264782073e+13 7.420877167e+11 1903 
0.3075 2.016336666e+13 6.322826745e+11 1965 
0.3125 2.099619184e+13 6.532946396e+11 2047 
0.3175 1.96323921e+13 6.029164243e+11 2081 
0.3225 1.826760976e+13 5.7990268e+11 2019 
0.3275 1.81688926e+13 5.47297006e+11 2149 
0.3325 1.757408982e+13 5.548236939e+11 2121 
0.3375 1.758989487e+13 5.360535315e+11 2208 
0.3425 1.644003539e+13 5.057062675e+11 2232 
0.3475 1.589799577e+13 4.726528248e+11 2235 
0.3525 1.510780794e+13 4.665072007e+11 2229 
0.3575 1.483510611e+13 4.384724742e+11 2331 
0.3625 1.364750096e+13 4.129310664e+11 2328 
0.3675 1.386463197e+13 4.184988373e+11 2369 
0.3725 1.345696376e+13 4.094480437e+11 2378 
0.3775 1.27979004e+13 3.724171182e+11 2417 
0.3825 1.239952953e+13 3.512318309e+11 2545 
0.3875 1.23624225e+13 3.672207179e+11 2575 
0.3925 1.137184958e+13 3.343890213e+11 2482 
0.3975 1.0742588e+13 3.092083367e+11 2562 
0.4025 1.082561357e+13 3.258047618e+11 2622 
0.4075 1.085637367e+13 3.059750495e+11 2769 
0.4125 1.009406716e+13 2.819236237e+11 2702 
0.4175 9.753067246e+12 2.833012731e+11 2751 
0.4225 9.248826935e+12 2.698869481e+11 2752 
0.4275 8.674700288e+12 2.449041843e+11 2739 
0.4325 8.570403773e+12 2.377327509e+11 2806 
0.4375 8.049372941e+12 2.357777842e+11 2749 
0.4425 8.02948149e+12 2.361180408e+11 2816 
0.4475 7.727438389e+12 2.21200872e+11 2961 
0.4525 7.545926685e+12 2.141053073e+11 2982 
0.4575 7.115653276e+12 2.053781246e+11 2940 
0.4625 6.776798773e+12 1.946787673e+11 2947 
0.4675 6.69168985e+12 1.872073278e+11 3121 
0.4725 6.157824685e+12 1.754725932e+11 2996 
0.4775 5.868807891e+12 1.694154727e+11 3008 
0.4825 6.012710652e+12 1.751960189e+11 3092 
0.4875 5.58527093e+12 1.568785722e+11 3195 
0.4925 5.597173659e+12 1.569076915e+11 3275 
0.4975 5.409298721e+12 1.549548471e+11 3190 
