# Format: McCode with text headers
# URL: http://www.mccode.org
# Creator:  3.8.5, git
# Instrument: eqsans_cylinder.instr
# Ncount: 5000000
# Trace: no
# Gravitation: no
# Seed: 1790195120594651
# Directory: /Users/georgeyumnam/WORK/PANRAID/PaNRAID-results/Group2/panraidproject/dataset_cylinder/cyl_001343
# Param: gx=0
# Param: gy=0
# Param: sample_on=1
# Param: bs_radius=0
# Param: samp_ap=0.01
# Param: sld=5.00614
# Param: sld_solvent=1
# Param: radius=48.3207
# Param: length=419.408
# Param: pd_radius=0.069445
# Param: pd_length=0.011912
# Param: model_scale=1
# Param: model_abs=0
# Date: Wed Sep 23 22:25:38 2026 (1790195138)
# type: array_1d(100)
# Source: EQ_SANS_cylinder (eqsans_cylinder.instr)
# component: qmon
# position: 0 0 22.281
# title: QMonitor - Radially averaged distribution
# Ncount: 5000000
# filename: rdet.dat
# statistics: X0=0.0771701; dX=0.071994;
# signal: Min=1.71491e+12; Max=1.56198e+15; Mean=2.07532e+14;
# values: 2.07532e+16 4.16624e+14 161422
# xvar: r
# yvar: (I,I_err)
# xlabel: Radius [m]
# ylabel: I(r)
# xlimits: 0 0.5
# variables: r I I_err N
0.0025 8.740251183e+14 2.674193416e+14 13 
0.0075 1.561981762e+15 2.00236116e+14 70 
0.0125 8.918035357e+14 1.15897197e+14 68 
0.0175 9.342109285e+14 9.94529046e+13 108 
0.0225 1.010245619e+15 9.187243708e+13 150 
0.0275 8.612650037e+14 7.175515772e+13 173 
0.0325 9.838666995e+14 7.253655898e+13 233 
0.0375 8.373672805e+14 6.226781319e+13 224 
0.0425 7.586577882e+14 5.355408724e+13 259 
0.0475 7.307634686e+14 4.79162718e+13 292 
0.0525 8.234554952e+14 4.79497689e+13 376 
0.0575 6.715714516e+14 4.081797505e+13 355 
0.0625 6.320434328e+14 3.666721625e+13 392 
0.0675 6.021684671e+14 3.372997628e+13 415 
0.0725 5.056664489e+14 2.845485749e+13 437 
0.0775 5.349486555e+14 2.760906872e+13 505 
0.0825 5.162538244e+14 2.560613884e+13 537 
0.0875 4.553816514e+14 2.245244494e+13 547 
0.0925 4.727776967e+14 2.176562654e+13 644 
0.0975 3.543533492e+14 1.691007371e+13 592 
0.1025 3.919068476e+14 1.754885396e+13 673 
0.1075 3.783518254e+14 1.631466894e+13 737 
0.1125 3.230345396e+14 1.403022587e+13 729 
0.1175 2.892337026e+14 1.259298723e+13 728 
0.1225 2.773231698e+14 1.198905163e+13 743 
0.1275 2.7095849e+14 1.131722197e+13 794 
0.1325 2.496131553e+14 1.018423494e+13 839 
0.1375 2.270726214e+14 9.347604984e+12 833 
0.1425 2.085681055e+14 8.311020931e+12 901 
0.1475 2.060356712e+14 8.13172219e+12 914 
0.1525 1.874211163e+14 7.356160422e+12 947 
0.1575 1.772439946e+14 6.80195949e+12 983 
0.1625 1.821967882e+14 6.700447814e+12 1096 
0.1675 1.770475901e+14 6.470724408e+12 1148 
0.1725 1.427482157e+14 5.277126786e+12 1089 
0.1775 1.34178482e+14 5.027140969e+12 1099 
0.1825 1.329023641e+14 4.907180481e+12 1179 
0.1875 1.26418435e+14 4.498689225e+12 1260 
0.1925 1.136626926e+14 4.102493236e+12 1247 
0.1975 1.044898314e+14 3.802300786e+12 1255 
0.2025 9.170967109e+13 3.444023174e+12 1220 
0.2075 8.889581842e+13 3.216014817e+12 1329 
0.2125 9.115670366e+13 3.269934798e+12 1378 
0.2175 8.18244067e+13 2.954795917e+12 1402 
0.2225 7.664655256e+13 2.779017802e+12 1395 
0.2275 6.599315649e+13 2.420445828e+12 1417 
0.2325 6.619097787e+13 2.408078029e+12 1492 
0.2375 6.016255439e+13 2.169319137e+12 1504 
0.2425 5.833035224e+13 2.134552607e+12 1515 
0.2475 5.537859644e+13 2.00967297e+12 1597 
0.2525 5.014218114e+13 1.820377412e+12 1639 
0.2575 4.640030287e+13 1.699866843e+12 1639 
0.2625 4.348379384e+13 1.626655791e+12 1698 
0.2675 4.391736894e+13 1.586416793e+12 1805 
0.2725 4.047310583e+13 1.489249827e+12 1797 
0.2775 3.375732216e+13 1.286232045e+12 1752 
0.2825 3.314094395e+13 1.231255303e+12 1840 
0.2875 2.914339293e+13 1.125333352e+12 1785 
0.2925 2.987054885e+13 1.107600638e+12 2017 
0.2975 2.550250953e+13 1.00487216e+12 1938 
0.3025 2.292517509e+13 9.0582641e+11 1851 
0.3075 2.162727009e+13 8.635711334e+11 1925 
0.3125 2.207405044e+13 8.421647066e+11 2006 
0.3175 1.860470854e+13 7.435187974e+11 2000 
0.3225 1.735135404e+13 7.000350415e+11 2068 
0.3275 1.716343579e+13 6.773279678e+11 2134 
0.3325 1.470579395e+13 6.099756431e+11 2127 
0.3375 1.441881972e+13 5.678795121e+11 2195 
0.3425 1.32113519e+13 5.466332108e+11 2199 
0.3475 1.241627721e+13 5.097163262e+11 2240 
0.3525 1.165881562e+13 4.718064356e+11 2340 
0.3575 1.096350529e+13 4.562576804e+11 2344 
0.3625 1.053960698e+13 4.189607717e+11 2373 
0.3675 8.640888619e+12 3.601444456e+11 2370 
0.3725 8.830198506e+12 3.671044213e+11 2433 
0.3775 7.97059759e+12 3.22943649e+11 2428 
0.3825 8.204628548e+12 3.377622876e+11 2534 
0.3875 7.082340278e+12 2.877510936e+11 2584 
0.3925 6.744206893e+12 2.835453332e+11 2534 
0.3975 6.268967682e+12 2.553650257e+11 2554 
0.4025 5.68752549e+12 2.332065462e+11 2558 
0.4075 5.042490929e+12 2.094222692e+11 2623 
0.4125 5.475654749e+12 2.235375779e+11 2689 
0.4175 4.807331973e+12 1.91278185e+11 2773 
0.4225 4.240836625e+12 1.744596094e+11 2721 
0.4275 4.219591175e+12 1.683840088e+11 2861 
0.4325 3.863737091e+12 1.593869012e+11 2748 
0.4375 3.540024247e+12 1.444920382e+11 2780 
0.4425 3.456731101e+12 1.353744437e+11 2824 
0.4475 3.23714442e+12 1.275051875e+11 2892 
0.4525 2.923508497e+12 1.129970171e+11 2875 
0.4575 2.640018853e+12 1.007506202e+11 2955 
0.4625 2.671930736e+12 1.000091479e+11 2985 
0.4675 2.544975899e+12 9.324968099e+10 3131 
0.4725 2.273632308e+12 8.338245494e+10 3101 
0.4775 2.224543647e+12 8.134752121e+10 3154 
0.4825 2.073462196e+12 7.581322302e+10 3133 
0.4875 1.892002088e+12 6.765432992e+10 3168 
0.4925 1.913969244e+12 6.650064355e+10 3207 
0.4975 1.714905633e+12 5.739125812e+10 3262 
