# Format: McCode with text headers
# URL: http://www.mccode.org
# Creator:  3.8.5, git
# Instrument: eqsans_sans.instr
# Ncount: 10000000
# Trace: no
# Gravitation: no
# Seed: 1790182003574532
# Directory: /Users/georgeyumnam/WORK/PANRAID/PaNRAID-results/Group2/panraidproject/scan_sans_sample/x-05_y-06
# Param: gx=-0.005
# Param: gy=-0.006
# Param: sample_on=1
# Param: R_sphere=100
# Param: Phi=0.01
# Param: bs_radius=0
# Param: samp_ap=0.01
# Date: Wed Sep 23 18:47:18 2026 (1790182038)
# type: array_1d(100)
# Source: EQ_SANS_sample (eqsans_sans.instr)
# component: qmon
# position: 0 0 22.281
# title: QMonitor - Distribution in q (Radially averaged)
# Ncount: 10000000
# filename: qdet.dat
# statistics: X0=0.0125534; dX=0.0100311;
# signal: Min=7154.76; Max=4.07678e+08; Mean=4.2688e+07;
# values: 4.2688e+09 4.40291e+08 5867
# xvar: q
# yvar: (I,I_err)
# xlabel: q [1 / AA]
# ylabel: I(q)
# xlimits: 0 0.151561
# variables: q I I_err N
0.0007578035702 407677612.3 292927576.8 2 
0.002273410711 294070673.4 157947048.1 4 
0.003789017851 268749205.8 133080714.8 5 
0.005304624991 159488265.6 76179451.75 5 
0.006820232132 345466671.4 123020203.4 10 
0.008335839272 402321785.7 116152503.2 17 
0.009851446413 214278096.7 80192831.74 10 
0.01136705355 336318003.6 85087717.68 21 
0.01288266069 225826393.3 71463348.28 15 
0.01439826783 232189080.9 70876194.7 18 
0.01591387497 236007980.5 62284497.34 20 
0.01742948211 182431441 44111210.47 25 
0.01894508925 118914449.1 28084510.91 26 
0.0204606964 107070355.4 27490162.26 20 
0.02197630354 144703193 42323500.14 23 
0.02349191068 107204292.5 28831761.48 29 
0.02500751782 63648807.23 16186613.83 29 
0.02652312496 65035957.79 14249149 36 
0.0280387321 91031604.35 18999311.6 39 
0.02955433924 71713105.04 16401422.76 41 
0.03106994638 35163162.52 7624074.188 41 
0.03258555352 39746343.19 9895142.563 44 
0.03410116066 23748517.63 5117611.818 51 
0.0356167678 19784101 4491721.698 49 
0.03713237494 11026544.48 3594084.094 37 
0.03864798208 6221666.765 2148073.41 30 
0.04016358922 10494977.4 3132744.94 58 
0.04167919636 6009062.833 3053089.178 37 
0.0431948035 4385075.09 1327957.405 58 
0.04471041064 1713031.762 562724.2049 45 
0.04622601778 2832212.419 1318801.223 52 
0.04774162492 1821620.986 523867.1022 50 
0.04925723206 1855403.837 539101.9926 70 
0.0507728392 1929979.205 304999.1853 67 
0.05228844634 1460258.688 232275.5926 65 
0.05380405348 1833654.267 263279.8973 72 
0.05531966062 2154788.096 304418.2855 76 
0.05683526776 1960594.141 269759.5073 73 
0.05835087491 2158206.409 290153.988 79 
0.05986648205 2075987.021 284495.1346 79 
0.06138208919 2278529.907 292063.7377 92 
0.06289769633 1788566.572 224148.0434 93 
0.06441330347 1537186.023 230343.897 74 
0.06592891061 1539916.783 214567.5861 90 
0.06744451775 1072943.568 165263.8395 81 
0.06896012489 789621.3096 133100.562 72 
0.07047573203 795361.4112 132148.7267 77 
0.07199133917 446213.915 86163.45369 68 
0.07350694631 449573.6194 84053.26043 91 
0.07502255345 231381.0427 52763.79531 78 
0.07653816059 215252.1154 41572.25062 94 
0.07805376773 213025.6388 39941.95109 85 
0.07956937487 224960.9171 40699.2564 90 
0.08108498201 181615.5706 29442.6185 89 
0.08260058915 277486.7317 40485.34714 101 
0.08411619629 245785.5723 36718.76472 85 
0.08563180343 227063.3975 33506.13348 75 
0.08714741057 259575.3976 34305.94562 85 
0.08866301771 275018.2447 37091.53789 83 
0.09017862485 232778.4421 32883.24467 71 
0.09169423199 279801.6463 35755.38973 80 
0.09320983913 342765.3964 38983.83483 102 
0.09472544627 321657.8336 38995.28493 96 
0.09624105341 205321.1089 28344.08485 77 
0.09775666056 254776.2358 34128.42804 103 
0.0992722677 197706.2675 26305.28392 95 
0.1007878748 119909.9394 19553.17922 69 
0.102303482 131481.04 19671.85491 100 
0.1038190891 68728.47689 13348.16028 69 
0.1053346963 74423.13882 14691.50304 79 
0.1068503034 56713.51625 8749.003907 94 
0.1083659105 46345.98009 8811.576623 70 
0.1098815177 50149.47359 9238.60462 84 
0.1113971248 31788.818 6261.62282 70 
0.112912732 45520.46879 6950.540805 83 
0.1144283391 39610.56117 6304.381836 68 
0.1159439462 41923.12741 6523.525028 76 
0.1174595534 45785.95086 7655.142757 54 
0.1189751605 54609.17643 8160.778802 68 
0.1204907677 65119.29487 8912.05268 71 
0.1220063748 60112.51714 8583.552249 67 
0.1235219819 60971.34802 8266.814061 70 
0.1250375891 58981.6764 7825.053257 69 
0.1265531962 43393.56768 6405.597033 59 
0.1280688034 52938.10989 7836.183048 63 
0.1295844105 25138.26804 5544.487226 37 
0.1311000176 34178.99009 6220.650784 55 
0.1326156248 27969.8527 5327.154728 58 
0.1341312319 25645.40905 4866.107192 55 
0.1356468391 23444.23162 4358.491007 57 
0.1371624462 15118.98565 2908.067706 58 
0.1386780533 12782.39139 2819.611526 51 
0.1401936605 11627.1106 2616.276331 61 
0.1417092676 12756.41921 2408.959963 47 
0.1432248748 7154.756837 1405.436685 42 
0.1447404819 9897.184237 2042.724838 42 
0.146256089 10475.18671 2079.441545 44 
0.1477716962 13302.20592 2269.525154 52 
0.1492873033 8491.042167 1777.989824 39 
0.1508029105 9511.01948 1998.340522 31 
