# Format: McCode with text headers
# URL: http://www.mccode.org
# Creator:  3.8.5, git
# Instrument: eqsans_cylinder.instr
# Ncount: 5000000
# Trace: no
# Gravitation: no
# Seed: 1790195903199406
# Directory: /Users/georgeyumnam/WORK/PANRAID/PaNRAID-results/Group2/panraidproject/dataset_cylinder/cyl_001779
# Param: gx=0
# Param: gy=0
# Param: sample_on=1
# Param: bs_radius=0
# Param: samp_ap=0.01
# Param: sld=3.85737
# Param: sld_solvent=1
# Param: radius=59.1365
# Param: length=688.576
# Param: pd_radius=0.245449
# Param: pd_length=0.281056
# Param: model_scale=1
# Param: model_abs=0
# Date: Wed Sep 23 22:38:40 2026 (1790195920)
# type: array_1d(100)
# Source: EQ_SANS_cylinder (eqsans_cylinder.instr)
# component: qmon
# position: 0 0 22.281
# title: QMonitor - Distribution in q (Radially averaged)
# Ncount: 5000000
# filename: qdet.dat
# statistics: X0=0.0112544; dX=0.0100536;
# signal: Min=3.24913e+11; Max=1.55925e+16; Mean=1.27489e+15;
# values: 1.27489e+17 4.07017e+15 255162
# xvar: q
# yvar: (I,I_err)
# xlabel: q [1 / AA]
# ylabel: I(q)
# xlimits: 0 0.151561
# variables: q I I_err N
0.0007578035702 7.744555288e+15 1.932539791e+15 40 
0.002273410711 1.559247491e+16 2.285792895e+15 132 
0.003789017851 1.128377421e+16 1.47234364e+15 197 
0.005304624991 1.137663333e+16 1.184701734e+15 291 
0.006820232132 1.33627841e+16 1.580255424e+15 386 
0.008335839272 8.991955149e+15 6.579604967e+14 467 
0.009851446413 7.17827773e+15 5.940547849e+14 505 
0.01136705355 6.861928087e+15 4.87220061e+14 595 
0.01288266069 6.586130183e+15 4.229622331e+14 738 
0.01439826783 5.430231591e+15 3.808044687e+14 797 
0.01591387497 5.064917006e+15 3.348105877e+14 891 
0.01742948211 4.431507576e+15 2.639249032e+14 969 
0.01894508925 3.3515228e+15 1.677478086e+14 1047 
0.0204606964 3.024596091e+15 1.541305827e+14 1097 
0.02197630354 2.447872085e+15 1.466811623e+14 1078 
0.02349191068 2.198832704e+15 1.027999318e+14 1300 
0.02500751782 2.070535943e+15 9.814577901e+13 1396 
0.02652312496 1.599585158e+15 6.939086936e+13 1418 
0.0280387321 1.414758917e+15 5.685136694e+13 1570 
0.02955433924 1.121347857e+15 4.59431462e+13 1556 
0.03106994638 1.018860126e+15 3.952966672e+13 1701 
0.03258555352 8.511514832e+14 3.23356903e+13 1838 
0.03410116066 7.316696975e+14 3.287990767e+13 1876 
0.0356167678 5.851807944e+14 2.10431221e+13 1942 
0.03713237494 4.717634747e+14 1.694088908e+13 1945 
0.03864798208 4.205249939e+14 1.503208532e+13 2121 
0.04016358922 3.4707467e+14 1.198032538e+13 2225 
0.04167919636 2.960499156e+14 1.04602642e+13 2253 
0.0431948035 2.400595182e+14 8.077343101e+12 2313 
0.04471041064 1.89241062e+14 6.324418651e+12 2359 
0.04622601778 1.559590648e+14 5.315318324e+12 2480 
0.04774162492 1.317995777e+14 4.457968458e+12 2518 
0.04925723206 1.083269858e+14 3.561645023e+12 2588 
0.0507728392 8.703612532e+13 2.739575948e+12 2699 
0.05228844634 7.634069822e+13 2.538137498e+12 2809 
0.05380405348 6.191918609e+13 1.842213935e+12 2928 
0.05531966062 5.392477021e+13 1.572192743e+12 2961 
0.05683526776 4.646904013e+13 1.297282977e+12 3119 
0.05835087491 4.045080635e+13 1.083962007e+12 3226 
0.05986648205 3.559224152e+13 9.877051085e+11 3294 
0.06138208919 3.26594129e+13 8.91616701e+11 3351 
0.06289769633 2.832704983e+13 7.572588626e+11 3317 
0.06441330347 2.534938096e+13 6.675448397e+11 3449 
0.06592891061 2.33756613e+13 6.240797937e+11 3493 
0.06744451775 2.162846116e+13 5.761932489e+11 3507 
0.06896012489 2.0104771e+13 5.136818682e+11 3609 
0.07047573203 1.884038055e+13 4.842572875e+11 3596 
0.07199133917 1.858531483e+13 4.554473325e+11 3816 
0.07350694631 1.649544539e+13 4.157249569e+11 3719 
0.07502255345 1.537309253e+13 3.755990281e+11 3706 
0.07653816059 1.464622151e+13 3.561065456e+11 3782 
0.07805376773 1.287620047e+13 3.120854167e+11 3752 
0.07956937487 1.236462335e+13 2.922607682e+11 3886 
0.08108498201 1.094372787e+13 2.664225408e+11 3779 
0.08260058915 1.065074025e+13 2.523521787e+11 3909 
0.08411619629 9.427837207e+12 2.269706692e+11 3781 
0.08563180343 9.220442514e+12 2.161975512e+11 3898 
0.08714741057 8.35846239e+12 1.975110619e+11 3789 
0.08866301771 7.564206315e+12 1.756006726e+11 3875 
0.09017862485 6.749168826e+12 1.581769009e+11 3720 
0.09169423199 6.564635769e+12 1.493318018e+11 3912 
0.09320983913 6.021822336e+12 1.395742793e+11 3811 
0.09472544627 5.573251864e+12 1.272702255e+11 3850 
0.09624105341 4.92781586e+12 1.143600021e+11 3757 
0.09775666056 4.847483716e+12 1.096399397e+11 3795 
0.0992722677 4.302085718e+12 9.979448576e+10 3733 
0.1007878748 3.883572041e+12 8.969435023e+10 3672 
0.102303482 3.5013995e+12 8.333566026e+10 3527 
0.1038190891 3.249487661e+12 7.703228527e+10 3506 
0.1053346963 3.182035369e+12 7.511147785e+10 3543 
0.1068503034 2.953638803e+12 7.088695888e+10 3437 
0.1083659105 2.653711614e+12 6.263997802e+10 3403 
0.1098815177 2.478530416e+12 5.928196288e+10 3392 
0.1113971248 2.324324338e+12 5.495847375e+10 3393 
0.112912732 2.196808166e+12 5.231384391e+10 3324 
0.1144283391 1.983530832e+12 4.755710259e+10 3277 
0.1159439462 1.831974319e+12 4.513672112e+10 3170 
0.1174595534 1.692941394e+12 4.257238819e+10 3067 
0.1189751605 1.604784055e+12 3.987394186e+10 3063 
0.1204907677 1.49346448e+12 3.755571385e+10 3072 
0.1220063748 1.364632591e+12 3.548311822e+10 2874 
0.1235219819 1.288559533e+12 3.223966004e+10 2944 
0.1250375891 1.166893894e+12 3.024270671e+10 2770 
0.1265531962 1.035753648e+12 2.704394194e+10 2645 
0.1280688034 1.017120851e+12 2.741313441e+10 2640 
0.1295844105 9.351605344e+11 2.46792068e+10 2631 
0.1311000176 8.712261557e+11 2.336051955e+10 2541 
0.1326156248 7.90375715e+11 2.130638508e+10 2497 
0.1341312319 7.350201724e+11 2.060717354e+10 2351 
0.1356468391 6.542064197e+11 1.84514674e+10 2304 
0.1371624462 6.373018364e+11 1.797984661e+10 2272 
0.1386780533 5.843583393e+11 1.717018259e+10 2124 
0.1401936605 5.371255982e+11 1.541891237e+10 2130 
0.1417092676 4.906237615e+11 1.445079552e+10 2064 
0.1432248748 4.633661547e+11 1.377715472e+10 2043 
0.1447404819 4.307696241e+11 1.312443571e+10 1942 
0.146256089 3.959807197e+11 1.239274567e+10 1930 
0.1477716962 3.517299485e+11 1.145825564e+10 1758 
0.1492873033 3.500560766e+11 1.081726758e+10 1797 
0.1508029105 3.249131895e+11 1.037522684e+10 1802 
