# Format: McCode with text headers
# URL: http://www.mccode.org
# Creator:  3.8.5, git
# Instrument: eqsans_cylinder.instr
# Ncount: 5000000
# Trace: no
# Gravitation: no
# Seed: 1790194204705149
# Directory: /Users/georgeyumnam/WORK/PANRAID/PaNRAID-results/Group2/panraidproject/dataset_cylinder/cyl_000830
# Param: gx=0
# Param: gy=0
# Param: sample_on=1
# Param: bs_radius=0
# Param: samp_ap=0.01
# Param: sld=4.25162
# Param: sld_solvent=1
# Param: radius=187.32
# Param: length=951.922
# Param: pd_radius=0.158024
# Param: pd_length=0.098598
# Param: model_scale=1
# Param: model_abs=0
# Date: Wed Sep 23 22:10:23 2026 (1790194223)
# type: array_1d(100)
# Source: EQ_SANS_cylinder (eqsans_cylinder.instr)
# component: qmon
# position: 0 0 22.281
# title: QMonitor - Radially averaged distribution
# Ncount: 5000000
# filename: rdet.dat
# statistics: X0=0.0318441; dX=0.0273876;
# signal: Min=1.22418e+13; Max=5.47846e+17; Mean=4.39243e+16;
# values: 4.39243e+18 3.03069e+17 160654
# xvar: r
# yvar: (I,I_err)
# xlabel: Radius [m]
# ylabel: I(r)
# xlimits: 0 0.5
# variables: r I I_err N
0.0025 5.478455748e+17 2.623086135e+17 18 
0.0075 4.567330123e+17 1.004642515e+17 52 
0.0125 3.520043023e+17 6.412932194e+16 76 
0.0175 3.331011209e+17 4.995450378e+16 108 
0.0225 4.446945722e+17 5.42230273e+16 157 
0.0275 3.812766546e+17 4.986116361e+16 175 
0.0325 2.895513147e+17 3.3002126e+16 200 
0.0375 2.57152437e+17 2.807564417e+16 238 
0.0425 2.245443237e+17 2.411099382e+16 289 
0.0475 1.937615248e+17 2.197843902e+16 301 
0.0525 1.780891618e+17 1.836378886e+16 341 
0.0575 1.517232103e+17 1.604394963e+16 373 
0.0625 1.15939679e+17 1.329534871e+16 409 
0.0675 1.039718852e+17 1.098795298e+16 439 
0.0725 7.673274437e+16 8.501714551e+15 455 
0.0775 5.519717523e+16 5.173483399e+15 513 
0.0825 5.018732644e+16 5.01726764e+15 536 
0.0875 3.674823369e+16 4.301505454e+15 590 
0.0925 2.941540467e+16 3.962536611e+15 535 
0.0975 2.139435409e+16 2.184934772e+15 646 
0.1025 1.789511451e+16 1.833747605e+15 671 
0.1075 1.406560723e+16 1.516596676e+15 709 
0.1125 1.053669849e+16 1.39081513e+15 756 
0.1175 9.26749815e+15 9.378943098e+14 764 
0.1225 7.471505018e+15 7.56539474e+14 828 
0.1275 4.715302217e+15 5.607147027e+14 787 
0.1325 3.732388498e+15 3.851448234e+14 870 
0.1375 3.528338516e+15 3.674116212e+14 911 
0.1425 2.771902824e+15 2.567238067e+14 922 
0.1475 1.921107318e+15 1.646564254e+14 930 
0.1525 1.680754862e+15 1.66736007e+14 906 
0.1575 1.56189512e+15 1.19418861e+14 1096 
0.1625 1.129442029e+15 7.259188844e+13 1021 
0.1675 1.121876939e+15 8.021695007e+13 1068 
0.1725 9.646402788e+14 5.84386376e+13 1122 
0.1775 9.394850773e+14 6.182907863e+13 1139 
0.1825 6.690171491e+14 3.599573605e+13 1149 
0.1875 7.113793587e+14 4.244175598e+13 1186 
0.1925 6.022251423e+14 3.172191362e+13 1229 
0.1975 5.827432607e+14 3.129889284e+13 1259 
0.2025 5.463178447e+14 2.899193275e+13 1343 
0.2075 4.856383981e+14 2.449929343e+13 1368 
0.2125 4.147918154e+14 2.278974875e+13 1268 
0.2175 3.853193746e+14 2.117836541e+13 1368 
0.2225 3.41981239e+14 1.773889795e+13 1412 
0.2275 3.395676187e+14 1.782584303e+13 1525 
0.2325 2.938059882e+14 1.511509063e+13 1472 
0.2375 2.785451103e+14 1.368516096e+13 1577 
0.2425 2.344405212e+14 1.201594128e+13 1555 
0.2475 2.360869943e+14 1.167224594e+13 1565 
0.2525 2.01938718e+14 9.633297546e+12 1642 
0.2575 1.901384764e+14 8.699895724e+12 1714 
0.2625 1.72611924e+14 8.083871075e+12 1738 
0.2675 1.556973159e+14 7.194851098e+12 1728 
0.2725 1.514523406e+14 6.788403289e+12 1768 
0.2775 1.397995946e+14 6.131667684e+12 1798 
0.2825 1.274815108e+14 5.483094042e+12 1848 
0.2875 1.169764663e+14 5.160956809e+12 1825 
0.2925 9.996953712e+13 4.404103356e+12 1820 
0.2975 1.05078408e+14 4.639750556e+12 1913 
0.3025 9.793117153e+13 4.034009816e+12 1995 
0.3075 8.851357638e+13 3.55207667e+12 1992 
0.3125 8.062456509e+13 3.355062547e+12 1972 
0.3175 7.522536427e+13 3.002057901e+12 1981 
0.3225 7.315357146e+13 2.764740268e+12 2096 
0.3275 6.74800246e+13 2.678961677e+12 2119 
0.3325 5.906100819e+13 2.295016292e+12 2129 
0.3375 5.670952696e+13 2.303583573e+12 2054 
0.3425 5.517826659e+13 2.105589935e+12 2204 
0.3475 5.338339321e+13 2.099242095e+12 2188 
0.3525 5.15556829e+13 2.029997997e+12 2336 
0.3575 5.055030508e+13 1.907605364e+12 2360 
0.3625 3.92096986e+13 1.461835015e+12 2234 
0.3675 4.203596187e+13 1.633405529e+12 2311 
0.3725 3.916428318e+13 1.43175545e+12 2392 
0.3775 3.879107808e+13 1.471037918e+12 2447 
0.3825 3.365425676e+13 1.27292622e+12 2392 
0.3875 3.391487356e+13 1.177136153e+12 2492 
0.3925 3.15550293e+13 1.111064038e+12 2554 
0.3975 3.086960091e+13 1.08968239e+12 2631 
0.4025 2.78160946e+13 1.013383775e+12 2542 
0.4075 2.933587269e+13 1.077119698e+12 2639 
0.4125 2.688412071e+13 9.388653053e+11 2696 
0.4175 2.539783465e+13 8.6010841e+11 2708 
0.4225 2.474983326e+13 8.709421268e+11 2709 
0.4275 2.257575697e+13 7.681856948e+11 2762 
0.4325 2.12420538e+13 7.144147866e+11 2756 
0.4375 2.019367985e+13 6.941086086e+11 2782 
0.4425 1.881415944e+13 6.311826803e+11 2823 
0.4475 1.834267924e+13 6.201955732e+11 2887 
0.4525 1.830903792e+13 5.940544051e+11 2929 
0.4575 1.68736693e+13 5.370158043e+11 2895 
0.4625 1.646508428e+13 5.466727148e+11 2913 
0.4675 1.603769426e+13 5.197766928e+11 3026 
0.4725 1.467226375e+13 4.688376394e+11 3051 
0.4775 1.392609101e+13 4.566216018e+11 3050 
0.4825 1.373012652e+13 4.485745422e+11 3075 
0.4875 1.359065917e+13 4.379272674e+11 3199 
0.4925 1.30661402e+13 4.210629205e+11 3151 
0.4975 1.224182931e+13 3.802276325e+11 3161 
