# Format: McCode with text headers
# URL: http://www.mccode.org
# Creator:  3.8.5, git
# Instrument: eqsans_cylinder.instr
# Ncount: 5000000
# Trace: no
# Gravitation: no
# Seed: 1790194893399672
# Directory: /Users/georgeyumnam/WORK/PANRAID/PaNRAID-results/Group2/panraidproject/dataset_cylinder/cyl_001218
# Param: gx=0
# Param: gy=0
# Param: sample_on=1
# Param: bs_radius=0
# Param: samp_ap=0.01
# Param: sld=6.0382
# Param: sld_solvent=1
# Param: radius=109.166
# Param: length=224.44
# Param: pd_radius=0.081646
# Param: pd_length=0.124482
# Param: model_scale=1
# Param: model_abs=0
# Date: Wed Sep 23 22:21:51 2026 (1790194911)
# type: array_1d(120)
# Source: EQ_SANS_cylinder (eqsans_cylinder.instr)
# component: lambda_det
# position: 0 0 22.28
# title: Wavelength monitor
# Ncount: 5000000
# filename: lambda_det.dat
# statistics: X0=4.38583; dX=1.05146;
# signal: Min=0; Max=8.50494e+11; Mean=1.84085e+11;
# values: 2.20902e+13 2.43478e+11 287790
# xvar: L
# yvar: (I,I_err)
# xlabel: Wavelength [AA]
# ylabel: Intensity
# xlimits: 0 12
# variables: L I I_err N
0.05 0 0 0 
0.15 0 0 0 
0.25 0 0 0 
0.35 0 0 0 
0.45 0 0 0 
0.55 0 0 0 
0.65 0 0 0 
0.75 0 0 0 
0.85 0 0 0 
0.95 0 0 0 
1.05 0 0 0 
1.15 0 0 0 
1.25 0 0 0 
1.35 0 0 0 
1.45 0 0 0 
1.55 0 0 0 
1.65 0 0 0 
1.75 0 0 0 
1.85 0 0 0 
1.95 0 0 0 
2.05 0 0 0 
2.15 1199429635 981450202.1 150 
2.25 1423066185 1280015309 100 
2.35 1.190340799e+10 5016050695 450 
2.45 8208080828 3495382389 550 
2.55 3.3432079e+10 1.015872976e+10 750 
2.65 8.986367503e+10 1.813558563e+10 2700 
2.75 2.645002329e+11 2.611179272e+10 7300 
2.85 6.496208959e+11 4.223112234e+10 16249 
2.95 8.475517599e+11 4.927204172e+10 18499 
3.05 7.649167057e+11 4.425593294e+10 17249 
3.15 7.540450718e+11 4.56321491e+10 16349 
3.25 6.847046434e+11 4.077610527e+10 15499 
3.35 7.626441511e+11 4.425923745e+10 13600 
3.45 7.125736885e+11 4.129991241e+10 13200 
3.55 8.504935142e+11 4.87202412e+10 13198 
3.65 7.116432e+11 4.344590588e+10 11450 
3.75 7.366571384e+11 4.107032109e+10 11850 
3.85 6.584989668e+11 4.083890498e+10 10248 
3.95 7.095654222e+11 4.235529844e+10 10350 
4.05 6.250616381e+11 3.932518874e+10 8150 
4.15 6.161157744e+11 3.908045315e+10 8300 
4.25 7.816140423e+11 4.589759343e+10 8650 
4.35 6.492602561e+11 4.152761843e+10 7350 
4.45 5.933996494e+11 4.19426292e+10 6450 
4.55 6.10900764e+11 3.915175367e+10 6400 
4.65 5.579182106e+11 3.689710112e+10 5750 
4.75 5.677768239e+11 4.136122156e+10 4550 
4.85 5.370615588e+11 3.580928537e+10 5150 
4.95 5.214077292e+11 3.719780443e+10 4650 
5.05 5.102344885e+11 3.940566816e+10 3949 
5.15 4.833274505e+11 3.36075171e+10 3900 
5.25 6.147617168e+11 4.283320877e+10 4200 
5.35 4.703692755e+11 3.643868269e+10 3300 
5.45 4.810720039e+11 3.505742698e+10 3350 
5.55 4.692954049e+11 3.688744276e+10 3100 
5.65 4.736256203e+11 3.498780648e+10 3100 
5.75 5.202135596e+11 3.933556553e+10 3150 
5.85 3.797688372e+11 3.468378712e+10 2150 
5.95 3.802224415e+11 3.188737407e+10 2650 
6.05 4.668334045e+11 3.951108812e+10 2250 
6.15 4.922831934e+11 3.757671083e+10 2450 
6.25 2.920789714e+11 2.824517996e+10 1550 
6.35 3.603243143e+11 3.271420191e+10 1700 
6.45 2.629493709e+11 2.491676742e+10 1250 
6.55 7.582895346e+10 1.388336018e+10 400 
6.65 4.307160036e+10 1.161547108e+10 200 
6.75 0 0 0 
6.85 0 0 0 
6.95 0 0 0 
7.05 0 0 0 
7.15 0 0 0 
7.25 0 0 0 
7.35 0 0 0 
7.45 0 0 0 
7.55 0 0 0 
7.65 0 0 0 
7.75 0 0 0 
7.85 0 0 0 
7.95 0 0 0 
8.05 0 0 0 
8.15 0 0 0 
8.25 0 0 0 
8.35 0 0 0 
8.45 0 0 0 
8.55 0 0 0 
8.65 0 0 0 
8.75 0 0 0 
8.85 0 0 0 
8.95 0 0 0 
9.05 0 0 0 
9.15 0 0 0 
9.25 0 0 0 
9.35 0 0 0 
9.45 0 0 0 
9.55 0 0 0 
9.65 0 0 0 
9.75 0 0 0 
9.85 0 0 0 
9.95 0 0 0 
10.05 0 0 0 
10.15 0 0 0 
10.25 0 0 0 
10.35 0 0 0 
10.45 0 0 0 
10.55 0 0 0 
10.65 0 0 0 
10.75 0 0 0 
10.85 0 0 0 
10.95 0 0 0 
11.05 0 0 0 
11.15 0 0 0 
11.25 0 0 0 
11.35 0 0 0 
11.45 0 0 0 
11.55 0 0 0 
11.65 0 0 0 
11.75 0 0 0 
11.85 0 0 0 
11.95 0 0 0 
