# Format: McCode with text headers
# URL: http://www.mccode.org
# Creator:  3.8.5, git
# Instrument: eqsans_sans.instr
# Ncount: 10000000
# Trace: no
# Gravitation: no
# Seed: 1790173860900571
# Directory: /Users/georgeyumnam/WORK/PANRAID/PaNRAID-results/Group2/panraidproject/scan_sans_nosample/x-17_y+08
# Param: gx=-0.017
# Param: gy=0.008
# Param: sample_on=0
# Param: R_sphere=100
# Param: Phi=0.01
# Param: bs_radius=0
# Param: samp_ap=0.01
# Date: Wed Sep 23 16:31:35 2026 (1790173895)
# type: array_1d(120)
# Source: EQ_SANS_sample (eqsans_sans.instr)
# component: lambda_det
# position: 0 0 22.28
# title: Wavelength monitor
# Ncount: 10000000
# filename: lambda_det.dat
# statistics: X0=3.87027; dX=0.94095;
# signal: Min=0; Max=175456; Mean=21604.7;
# values: 2.59256e+06 45297.6 3386
# xvar: L
# yvar: (I,I_err)
# xlabel: Wavelength [AA]
# ylabel: Intensity
# xlimits: 0 12
# variables: L I I_err N
0.05 0 0 0 
0.15 0 0 0 
0.25 0 0 0 
0.35 0 0 0 
0.45 0 0 0 
0.55 0 0 0 
0.65 0 0 0 
0.75 0 0 0 
0.85 0 0 0 
0.95 0 0 0 
1.05 0 0 0 
1.15 0 0 0 
1.25 0 0 0 
1.35 0 0 0 
1.45 0 0 0 
1.55 0 0 0 
1.65 0 0 0 
1.75 0 0 0 
1.85 0 0 0 
1.95 0 0 0 
2.05 0 0 0 
2.15 1841.069137 1303.991097 2 
2.25 1668.834152 1198.618679 2 
2.35 1478.471901 1059.846796 2 
2.45 8997.974727 2655.147624 12 
2.55 18035.29248 3808.492548 23 
2.65 26230.72197 4415.145889 37 
2.75 96197.74022 8455.22385 134 
2.85 175455.951 11842.08255 226 
2.95 171304.7656 11712.02279 221 
3.05 143116.7346 10693.79951 185 
3.15 140834.1828 10558.22757 184 
3.25 116784.8524 9673.494669 150 
3.35 126013.4323 10017.04938 164 
3.45 119776.7252 9679.661202 159 
3.55 110552.6865 9325.383313 145 
3.65 95389.04475 8645.126716 126 
3.75 98301.76726 8836.260295 128 
3.85 97163.87955 8671.508554 130 
3.95 91048.69432 8437.049968 121 
4.05 84680.31733 8116.48752 113 
4.15 64785.19846 7146.036036 85 
4.25 73114.05172 7710.378347 93 
4.35 59697.23366 6773.795767 80 
4.45 55701.35239 6660.369791 72 
4.55 55393.19703 6673.430872 71 
4.65 44571.74282 5962.245564 58 
4.75 44902.85067 6002.094287 58 
4.85 39213.65022 5572.131646 51 
4.95 49997.94516 6279.715311 66 
5.05 31147.96509 4938.063713 41 
5.15 45042.33197 6130.489955 55 
5.25 20014.46085 3942.608966 27 
5.35 39729.17968 5742.039782 49 
5.45 37552.72147 5503.123244 48 
5.55 28509.8087 4763.816911 37 
5.65 26036.86949 4590.391079 33 
5.75 21662.87276 4094.485843 29 
5.85 27285.24144 4683.991773 35 
5.95 23872.20672 4360.646597 31 
6.05 21097.45059 4049.464306 28 
6.15 21529.68434 4156.400281 28 
6.25 12218.00316 3107.475201 16 
6.35 16568.18693 3577.476951 22 
6.45 6126.508749 2327.463383 7 
6.55 1921.128617 1358.468611 2 
6.65 0 0 0 
6.75 0 0 0 
6.85 0 0 0 
6.95 0 0 0 
7.05 0 0 0 
7.15 0 0 0 
7.25 0 0 0 
7.35 0 0 0 
7.45 0 0 0 
7.55 0 0 0 
7.65 0 0 0 
7.75 0 0 0 
7.85 0 0 0 
7.95 0 0 0 
8.05 0 0 0 
8.15 0 0 0 
8.25 0 0 0 
8.35 0 0 0 
8.45 0 0 0 
8.55 0 0 0 
8.65 0 0 0 
8.75 0 0 0 
8.85 0 0 0 
8.95 0 0 0 
9.05 0 0 0 
9.15 0 0 0 
9.25 0 0 0 
9.35 0 0 0 
9.45 0 0 0 
9.55 0 0 0 
9.65 0 0 0 
9.75 0 0 0 
9.85 0 0 0 
9.95 0 0 0 
10.05 0 0 0 
10.15 0 0 0 
10.25 0 0 0 
10.35 0 0 0 
10.45 0 0 0 
10.55 0 0 0 
10.65 0 0 0 
10.75 0 0 0 
10.85 0 0 0 
10.95 0 0 0 
11.05 0 0 0 
11.15 0 0 0 
11.25 0 0 0 
11.35 0 0 0 
11.45 0 0 0 
11.55 0 0 0 
11.65 0 0 0 
11.75 0 0 0 
11.85 0 0 0 
11.95 0 0 0 
