# Format: McCode with text headers
# URL: http://www.mccode.org
# Creator:  3.8.5, git
# Instrument: eqsans_cylinder.instr
# Ncount: 5000000
# Trace: no
# Gravitation: no
# Seed: 1790194187240547
# Directory: /Users/georgeyumnam/WORK/PANRAID/PaNRAID-results/Group2/panraidproject/dataset_cylinder/cyl_000821
# Param: gx=0
# Param: gy=0
# Param: sample_on=1
# Param: bs_radius=0
# Param: samp_ap=0.01
# Param: sld=4.89278
# Param: sld_solvent=1
# Param: radius=74.8014
# Param: length=353.153
# Param: pd_radius=0.27318
# Param: pd_length=0.282142
# Param: model_scale=1
# Param: model_abs=0
# Date: Wed Sep 23 22:10:05 2026 (1790194205)
# type: array_1d(100)
# Source: EQ_SANS_cylinder (eqsans_cylinder.instr)
# component: qmon
# position: 0 0 22.281
# title: QMonitor - Distribution in q (Radially averaged)
# Ncount: 5000000
# filename: qdet.dat
# statistics: X0=0.0103373; dX=0.00909283;
# signal: Min=4.01672e+11; Max=2.73334e+16; Mean=2.45075e+15;
# values: 2.45075e+17 9.50589e+15 256903
# xvar: q
# yvar: (I,I_err)
# xlabel: q [1 / AA]
# ylabel: I(q)
# xlimits: 0 0.151561
# variables: q I I_err N
0.0007578035702 2.545218993e+16 6.681117733e+15 45 
0.002273410711 2.733339721e+16 4.624993694e+15 138 
0.003789017851 2.00502176e+16 2.685119123e+15 200 
0.005304624991 2.01602427e+16 2.130245806e+15 281 
0.006820232132 2.165055463e+16 2.061467254e+15 386 
0.008335839272 1.802052844e+16 1.590257653e+15 446 
0.009851446413 1.681712634e+16 1.471244873e+15 508 
0.01136705355 1.496005766e+16 1.301658575e+15 603 
0.01288266069 1.343765985e+16 9.414985875e+14 723 
0.01439826783 1.159239335e+16 8.904980274e+14 772 
0.01591387497 9.227914894e+15 6.527488115e+14 905 
0.01742948211 8.146557361e+15 4.66438908e+14 982 
0.01894508925 6.884022424e+15 4.068234827e+14 1057 
0.0204606964 5.198610189e+15 2.98502267e+14 1104 
0.02197630354 4.744744623e+15 2.503074427e+14 1190 
0.02349191068 4.149945124e+15 2.892191163e+14 1277 
0.02500751782 3.226070999e+15 1.655170428e+14 1372 
0.02652312496 2.729617064e+15 1.355990884e+14 1481 
0.0280387321 2.080778413e+15 9.045750449e+13 1563 
0.02955433924 1.633404262e+15 7.437562749e+13 1559 
0.03106994638 1.384621604e+15 6.440318964e+13 1742 
0.03258555352 1.058773733e+15 4.386396502e+13 1776 
0.03410116066 8.609122462e+14 3.340294297e+13 1907 
0.0356167678 6.976792071e+14 3.223001358e+13 1921 
0.03713237494 5.306333889e+14 2.037024091e+13 2069 
0.03864798208 4.123613377e+14 1.738798231e+13 2038 
0.04016358922 3.665031388e+14 1.443106169e+13 2196 
0.04167919636 2.892536498e+14 1.061168625e+13 2265 
0.0431948035 2.479901311e+14 8.904357049e+12 2474 
0.04471041064 1.914715373e+14 6.579484313e+12 2438 
0.04622601778 1.614190912e+14 5.262753207e+12 2488 
0.04774162492 1.34197019e+14 4.233768461e+12 2608 
0.04925723206 1.235743059e+14 3.660332346e+12 2759 
0.0507728392 1.052335145e+14 3.128096151e+12 2743 
0.05228844634 9.300983378e+13 2.798831081e+12 2819 
0.05380405348 8.18744149e+13 2.391135837e+12 2959 
0.05531966062 7.35420379e+13 2.115663739e+12 2985 
0.05683526776 6.271809414e+13 1.664313111e+12 3006 
0.05835087491 6.122169857e+13 1.632021025e+12 3245 
0.05986648205 5.497910918e+13 1.495673531e+12 3193 
0.06138208919 5.027283972e+13 1.304101313e+12 3276 
0.06289769633 4.472543172e+13 1.172921856e+12 3322 
0.06441330347 4.203201459e+13 1.102809339e+12 3439 
0.06592891061 3.784822587e+13 9.520222658e+11 3467 
0.06744451775 3.389491491e+13 8.209680511e+11 3607 
0.06896012489 3.052318814e+13 7.496090379e+11 3587 
0.07047573203 2.772887135e+13 6.657165829e+11 3604 
0.07199133917 2.644381041e+13 6.20177818e+11 3759 
0.07350694631 2.42385487e+13 5.621790335e+11 3800 
0.07502255345 2.144462196e+13 4.996458413e+11 3756 
0.07653816059 2.015212512e+13 4.77571755e+11 3858 
0.07805376773 1.794547683e+13 4.179024944e+11 3737 
0.07956937487 1.634302825e+13 3.796113206e+11 3783 
0.08108498201 1.493832163e+13 3.369439447e+11 3862 
0.08260058915 1.432376652e+13 3.200284181e+11 3961 
0.08411619629 1.257524658e+13 2.873772012e+11 3881 
0.08563180343 1.138504917e+13 2.58521429e+11 3841 
0.08714741057 1.061781731e+13 2.457333462e+11 3804 
0.08866301771 1.041133868e+13 2.346387309e+11 3997 
0.09017862485 9.266743097e+12 2.097169417e+11 3887 
0.09169423199 8.647104684e+12 1.933012287e+11 3903 
0.09320983913 7.60415509e+12 1.731217631e+11 3691 
0.09472544627 7.179641657e+12 1.624901206e+11 3762 
0.09624105341 6.514558078e+12 1.445912515e+11 3770 
0.09775666056 6.219614016e+12 1.426553972e+11 3704 
0.0992722677 5.744093421e+12 1.291372799e+11 3767 
0.1007878748 5.401010157e+12 1.215599709e+11 3731 
0.102303482 5.068148628e+12 1.127618902e+11 3744 
0.1038190891 4.639322949e+12 1.047852594e+11 3670 
0.1053346963 4.253594782e+12 9.675965779e+10 3594 
0.1068503034 3.801207245e+12 8.729575847e+10 3515 
0.1083659105 3.647378362e+12 8.391809506e+10 3475 
0.1098815177 3.402054491e+12 7.767572626e+10 3490 
0.1113971248 3.100627731e+12 7.260045417e+10 3308 
0.112912732 2.999456611e+12 6.92713453e+10 3411 
0.1144283391 2.777278207e+12 6.494531208e+10 3338 
0.1159439462 2.59226172e+12 6.204835411e+10 3227 
0.1174595534 2.3169123e+12 5.433008046e+10 3188 
0.1189751605 2.131318609e+12 5.140870115e+10 3126 
0.1204907677 1.960479582e+12 4.804550311e+10 3009 
0.1220063748 1.841483286e+12 4.486561535e+10 2936 
0.1235219819 1.748687503e+12 4.312390372e+10 2894 
0.1250375891 1.551636192e+12 3.930644644e+10 2708 
0.1265531962 1.497462823e+12 3.746259922e+10 2801 
0.1280688034 1.336809385e+12 3.458824971e+10 2644 
0.1295844105 1.307481997e+12 3.321238367e+10 2719 
0.1311000176 1.083144089e+12 2.870527541e+10 2477 
0.1326156248 1.070452453e+12 2.895107033e+10 2453 
0.1341312319 9.917111505e+11 2.678448507e+10 2376 
0.1356468391 9.314040287e+11 2.512931364e+10 2333 
0.1371624462 8.535749155e+11 2.361303469e+10 2264 
0.1386780533 8.095778539e+11 2.252114227e+10 2254 
0.1401936605 7.338428523e+11 2.060024092e+10 2190 
0.1417092676 6.424113163e+11 1.870378565e+10 2009 
0.1432248748 5.976260464e+11 1.782919547e+10 1950 
0.1447404819 5.723618646e+11 1.692739366e+10 1960 
0.146256089 5.387456638e+11 1.602309845e+10 1913 
0.1477716962 4.929303163e+11 1.502381896e+10 1836 
0.1492873033 4.347685657e+11 1.372950602e+10 1674 
0.1508029105 4.016718405e+11 1.283073336e+10 1638 
