# Format: McCode with text headers
# URL: http://www.mccode.org
# Creator:  3.8.5, git
# Instrument: eqsans_cylinder.instr
# Ncount: 5000000
# Trace: no
# Gravitation: no
# Seed: 1790194583397095
# Directory: /Users/georgeyumnam/WORK/PANRAID/PaNRAID-results/Group2/panraidproject/dataset_cylinder/cyl_001040
# Param: gx=0
# Param: gy=0
# Param: sample_on=1
# Param: bs_radius=0
# Param: samp_ap=0.01
# Param: sld=4.19089
# Param: sld_solvent=1
# Param: radius=21.5496
# Param: length=838.853
# Param: pd_radius=0.040004
# Param: pd_length=0.007906
# Param: model_scale=1
# Param: model_abs=0
# Date: Wed Sep 23 22:16:41 2026 (1790194601)
# type: array_1d(120)
# Source: EQ_SANS_cylinder (eqsans_cylinder.instr)
# component: lambda_det
# position: 0 0 22.28
# title: Wavelength monitor
# Ncount: 5000000
# filename: lambda_det.dat
# statistics: X0=4.31782; dX=1.03375;
# signal: Min=0; Max=1.37833e+10; Mean=2.89221e+09;
# values: 3.47065e+11 1.41843e+09 290689
# xvar: L
# yvar: (I,I_err)
# xlabel: Wavelength [AA]
# ylabel: Intensity
# xlimits: 0 12
# variables: L I I_err N
0.05 0 0 0 
0.15 0 0 0 
0.25 0 0 0 
0.35 0 0 0 
0.45 0 0 0 
0.55 0 0 0 
0.65 0 0 0 
0.75 0 0 0 
0.85 0 0 0 
0.95 0 0 0 
1.05 0 0 0 
1.15 0 0 0 
1.25 0 0 0 
1.35 0 0 0 
1.45 0 0 0 
1.55 0 0 0 
1.65 0 0 0 
1.75 0 0 0 
1.85 0 0 0 
1.95 0 0 0 
2.05 0 0 0 
2.15 12808416.96 4515239.588 50 
2.25 34436923.96 10690030.2 100 
2.35 70920642.25 18729367.21 200 
2.45 156710275 28862214.52 300 
2.55 714258419.3 53774786.42 1450 
2.65 1624540639 95737140.98 2949 
2.75 5497370357 165971389.3 9700 
2.85 9598347799 229728930.2 14550 
2.95 1.282983125e+10 272155467.2 18350 
3.05 1.276601321e+10 266633968.8 17100 
3.15 1.365817413e+10 272321566 17500 
3.25 1.301075519e+10 269965337.7 15650 
3.35 1.378327107e+10 280981864 15449 
3.45 1.22815098e+10 254136613.6 13450 
3.55 1.161879336e+10 248841996.4 11950 
3.65 1.215502509e+10 265597744.1 11649 
3.75 1.268164674e+10 272003101.7 11500 
3.85 1.022233933e+10 235599732.7 9149 
3.95 1.081504165e+10 243158408.6 9199 
4.05 1.142463833e+10 260961029.2 9050 
4.15 1.064589887e+10 231968540.4 8599 
4.25 1.023118393e+10 238237351.1 7400 
4.35 9458801707 239526239 6600 
4.45 9724074627 242096219.5 6550 
4.55 8268816162 218049007.7 5400 
4.65 1.016129367e+10 241752400.6 6250 
4.75 9226966600 240108270.7 5500 
4.85 7779598203 204583327.4 4649 
4.95 8954385473 235769798.3 5048 
5.05 7906674475 219104240.7 4300 
5.15 8430862492 228811396.7 4450 
5.25 7089506130 212301478.6 3650 
5.35 8739143235 243021751.2 4250 
5.45 8127324627 230112713.1 3799 
5.55 7479149562 220277347.5 3500 
5.65 5648614134 172993084.6 2800 
5.75 6529489865 188169944.1 3049 
5.85 5134369559 179318554.2 2200 
5.95 4813376870 159553103.8 2250 
6.05 7690249960 217757223 3250 
6.15 5510482741 187565421.4 2300 
6.25 5205472808 188242135.9 1950 
6.35 4185129965 158019518.6 1700 
6.45 3369162320 154678092.2 1300 
6.55 1563226740 95245681.24 550 
6.65 235625146.2 32166742.62 100 
6.75 0 0 0 
6.85 0 0 0 
6.95 0 0 0 
7.05 0 0 0 
7.15 0 0 0 
7.25 0 0 0 
7.35 0 0 0 
7.45 0 0 0 
7.55 0 0 0 
7.65 0 0 0 
7.75 0 0 0 
7.85 0 0 0 
7.95 0 0 0 
8.05 0 0 0 
8.15 0 0 0 
8.25 0 0 0 
8.35 0 0 0 
8.45 0 0 0 
8.55 0 0 0 
8.65 0 0 0 
8.75 0 0 0 
8.85 0 0 0 
8.95 0 0 0 
9.05 0 0 0 
9.15 0 0 0 
9.25 0 0 0 
9.35 0 0 0 
9.45 0 0 0 
9.55 0 0 0 
9.65 0 0 0 
9.75 0 0 0 
9.85 0 0 0 
9.95 0 0 0 
10.05 0 0 0 
10.15 0 0 0 
10.25 0 0 0 
10.35 0 0 0 
10.45 0 0 0 
10.55 0 0 0 
10.65 0 0 0 
10.75 0 0 0 
10.85 0 0 0 
10.95 0 0 0 
11.05 0 0 0 
11.15 0 0 0 
11.25 0 0 0 
11.35 0 0 0 
11.45 0 0 0 
11.55 0 0 0 
11.65 0 0 0 
11.75 0 0 0 
11.85 0 0 0 
11.95 0 0 0 
