# Format: McCode with text headers
# URL: http://www.mccode.org
# Creator:  3.8.5, git
# Instrument: eqsans_cylinder.instr
# Ncount: 5000000
# Trace: no
# Gravitation: no
# Seed: 1790195605717568
# Directory: /Users/georgeyumnam/WORK/PANRAID/PaNRAID-results/Group2/panraidproject/dataset_cylinder/cyl_001616
# Param: gx=0
# Param: gy=0
# Param: sample_on=1
# Param: bs_radius=0
# Param: samp_ap=0.01
# Param: sld=7.05538
# Param: sld_solvent=1
# Param: radius=198.843
# Param: length=453.121
# Param: pd_radius=0.226827
# Param: pd_length=0.027444
# Param: model_scale=1
# Param: model_abs=0
# Date: Wed Sep 23 22:33:43 2026 (1790195623)
# type: array_1d(120)
# Source: EQ_SANS_cylinder (eqsans_cylinder.instr)
# component: lambda_det
# position: 0 0 22.28
# title: Wavelength monitor
# Ncount: 5000000
# filename: lambda_det.dat
# statistics: X0=4.40508; dX=1.0504;
# signal: Min=0; Max=1.64258e+13; Mean=3.69814e+12;
# values: 4.43776e+14 1.18193e+13 292434
# xvar: L
# yvar: (I,I_err)
# xlabel: Wavelength [AA]
# ylabel: Intensity
# xlimits: 0 12
# variables: L I I_err N
0.05 0 0 0 
0.15 0 0 0 
0.25 0 0 0 
0.35 0 0 0 
0.45 0 0 0 
0.55 0 0 0 
0.65 0 0 0 
0.75 0 0 0 
0.85 0 0 0 
0.95 0 0 0 
1.05 0 0 0 
1.15 0 0 0 
1.25 0 0 0 
1.35 0 0 0 
1.45 0 0 0 
1.55 0 0 0 
1.65 0 0 0 
1.75 0 0 0 
1.85 0 0 0 
1.95 0 0 0 
2.05 0 0 0 
2.15 2469378509 1460150546 50 
2.25 0 0 0 
2.35 3.285042206e+11 2.428859457e+11 500 
2.45 7.442184992e+10 3.464725441e+10 650 
2.55 1.708039729e+12 6.75461417e+11 1399 
2.65 1.39370453e+12 4.318873746e+11 3050 
2.75 9.789642348e+12 2.583131059e+12 8848 
2.85 9.226301356e+12 1.345516623e+12 15148 
2.95 1.409945989e+13 1.969523697e+12 20000 
3.05 1.258362905e+13 1.513520122e+12 17348 
3.15 1.462689073e+13 1.935222029e+12 16150 
3.25 1.510627885e+13 1.90440819e+12 16900 
3.35 1.542478746e+13 2.148435805e+12 14049 
3.45 1.642575699e+13 2.062551443e+12 13000 
3.55 1.202140416e+13 1.69491687e+12 12449 
3.65 1.352535908e+13 2.213752786e+12 11800 
3.75 1.362671899e+13 2.110354347e+12 10400 
3.85 1.484060966e+13 2.093755435e+12 11100 
3.95 1.622218764e+13 2.273580316e+12 10700 
4.05 1.312802272e+13 1.751663959e+12 8200 
4.15 1.558816341e+13 1.986285584e+12 9599 
4.25 1.4095668e+13 2.170253206e+12 7249 
4.35 1.412679173e+13 1.925888144e+12 8049 
4.45 1.023696426e+13 1.722129107e+12 6450 
4.55 1.33269091e+13 2.021534085e+12 6849 
4.65 1.148564257e+13 1.689732633e+12 5600 
4.75 1.350285075e+13 1.869663967e+12 5949 
4.85 1.09106452e+13 2.176711466e+12 4050 
4.95 9.566709444e+12 1.608465453e+12 4249 
5.05 9.713610642e+12 2.158828453e+12 3450 
5.15 1.01636192e+13 1.438714505e+12 4949 
5.25 4.860089592e+12 8.074499594e+11 3350 
5.35 1.337386162e+13 3.084259441e+12 3350 
5.45 1.305552229e+13 2.551273687e+12 3600 
5.55 9.828709884e+12 1.712169446e+12 3300 
5.65 1.000221481e+13 1.854028323e+12 2750 
5.75 8.832663585e+12 1.598785511e+12 3000 
5.85 1.057453489e+13 1.573257995e+12 3050 
5.95 9.486022991e+12 1.669244922e+12 2600 
6.05 5.55929985e+12 1.137079301e+12 1900 
6.15 5.112608311e+12 1.257342562e+12 1500 
6.25 9.282129047e+12 1.794495974e+12 2150 
6.35 7.497291291e+12 2.101596375e+12 1500 
6.45 7.447639777e+12 1.357736032e+12 1450 
6.55 1.731459137e+12 4.639885128e+11 650 
6.65 2.604807132e+11 1.607705971e+11 100 
6.75 0 0 0 
6.85 0 0 0 
6.95 0 0 0 
7.05 0 0 0 
7.15 0 0 0 
7.25 0 0 0 
7.35 0 0 0 
7.45 0 0 0 
7.55 0 0 0 
7.65 0 0 0 
7.75 0 0 0 
7.85 0 0 0 
7.95 0 0 0 
8.05 0 0 0 
8.15 0 0 0 
8.25 0 0 0 
8.35 0 0 0 
8.45 0 0 0 
8.55 0 0 0 
8.65 0 0 0 
8.75 0 0 0 
8.85 0 0 0 
8.95 0 0 0 
9.05 0 0 0 
9.15 0 0 0 
9.25 0 0 0 
9.35 0 0 0 
9.45 0 0 0 
9.55 0 0 0 
9.65 0 0 0 
9.75 0 0 0 
9.85 0 0 0 
9.95 0 0 0 
10.05 0 0 0 
10.15 0 0 0 
10.25 0 0 0 
10.35 0 0 0 
10.45 0 0 0 
10.55 0 0 0 
10.65 0 0 0 
10.75 0 0 0 
10.85 0 0 0 
10.95 0 0 0 
11.05 0 0 0 
11.15 0 0 0 
11.25 0 0 0 
11.35 0 0 0 
11.45 0 0 0 
11.55 0 0 0 
11.65 0 0 0 
11.75 0 0 0 
11.85 0 0 0 
11.95 0 0 0 
