# Format: McCode with text headers
# URL: http://www.mccode.org
# Creator:  3.8.5, git
# Instrument: eqsans_sans.instr
# Ncount: 10000000
# Trace: no
# Gravitation: no
# Seed: 1790182247523667
# Directory: /Users/georgeyumnam/WORK/PANRAID/PaNRAID-results/Group2/panraidproject/scan_sans_sample/x-03_y-19
# Param: gx=-0.003
# Param: gy=-0.019
# Param: sample_on=1
# Param: R_sphere=100
# Param: Phi=0.01
# Param: bs_radius=0
# Param: samp_ap=0.01
# Date: Wed Sep 23 18:51:22 2026 (1790182282)
# type: array_1d(100)
# Source: EQ_SANS_sample (eqsans_sans.instr)
# component: qmon
# position: 0 0 22.281
# title: QMonitor - Distribution in q (Radially averaged)
# Ncount: 10000000
# filename: qdet.dat
# statistics: X0=0.0130976; dX=0.00968369;
# signal: Min=0; Max=2.50512e+08; Mean=2.25014e+07;
# values: 2.25014e+09 2.84624e+08 3282
# xvar: q
# yvar: (I,I_err)
# xlabel: q [1 / AA]
# ylabel: I(q)
# xlimits: 0 0.151561
# variables: q I I_err N
0.0007578035702 0 0 0 
0.002273410711 177841996.8 130312402.8 2 
0.003789017851 245021881.9 131167041.5 4 
0.005304624991 123548154 84937522.14 3 
0.006820232132 199202518.9 122046319 4 
0.008335839272 113048336.9 64066072.01 4 
0.009851446413 250512412.7 96270263.63 10 
0.01136705355 114588273.6 52751411.04 7 
0.01288266069 154304988 54820140.02 10 
0.01439826783 158959108.4 63715114.57 9 
0.01591387497 97041499.42 36584979.2 9 
0.01742948211 105090005.5 39009959.02 13 
0.01894508925 69342167.78 26465187.98 9 
0.0204606964 47871156.83 20377976.08 8 
0.02197630354 87132080.01 26351928.79 18 
0.02349191068 27826037.3 9249802.777 10 
0.02500751782 65399029.24 17076356.75 20 
0.02652312496 42729432.42 13720079.45 18 
0.0280387321 33031043.88 11294936.61 15 
0.02955433924 19603726.82 6111083.697 16 
0.03106994638 25662541.53 7866816.979 24 
0.03258555352 29735663.09 7312389.419 28 
0.03410116066 9706262.099 3085394.818 23 
0.0356167678 7836267.313 4467349.245 21 
0.03713237494 9506906.652 2946824.669 30 
0.03864798208 4007163.776 1428140.054 31 
0.04016358922 6958342.726 2643460.281 38 
0.04167919636 1868234.312 690152.6437 27 
0.0431948035 2875624.213 958480.2048 28 
0.04471041064 885631.0908 534175.786 30 
0.04622601778 859845.9688 239907.4865 36 
0.04774162492 762127.6453 261391.2281 38 
0.04925723206 1163225.204 307621.0764 35 
0.0507728392 735395.8802 173263.6764 35 
0.05228844634 810570.2344 167572.4969 31 
0.05380405348 762516.4482 154551.317 36 
0.05531966062 1316166.918 217428.1437 48 
0.05683526776 1299191.123 222275.5171 44 
0.05835087491 1227419.573 225662.46 41 
0.05986648205 991820.817 183219.2851 38 
0.06138208919 1189123.852 202520.2965 51 
0.06289769633 1018625.682 216011.067 36 
0.06441330347 853299.8958 151865.1402 52 
0.06592891061 819204.8382 156038.3769 46 
0.06744451775 562454.065 120791.8522 42 
0.06896012489 655578.2825 113339.9401 60 
0.07047573203 289775.0875 62309.74307 51 
0.07199133917 391689.7542 87112.31066 51 
0.07350694631 255269.2781 67770.13374 50 
0.07502255345 132785.9728 29156.25167 49 
0.07653816059 107487.8079 26833.80006 46 
0.07805376773 126603.2515 35169.22702 52 
0.07956937487 55987.65824 13722.82494 37 
0.08108498201 102264.9977 20217.53318 48 
0.08260058915 73602.83875 17571.56654 38 
0.08411619629 139443.3463 25138.91842 54 
0.08563180343 160193.4774 27879.19383 48 
0.08714741057 144920.205 23820.70848 51 
0.08866301771 141668.6029 24360.26762 45 
0.09017862485 161644.5506 28079.99051 46 
0.09169423199 154509.1982 28398.4359 43 
0.09320983913 209505.382 30948.7969 64 
0.09472544627 181829.4219 28085.83176 57 
0.09624105341 140913.9001 25683.58197 43 
0.09775666056 102249.3125 19516.66848 45 
0.0992722677 105933.128 19636.17482 54 
0.1007878748 88541.3792 17432.78949 46 
0.102303482 55648.08371 12816.07853 39 
0.1038190891 69884.51806 13715.27279 53 
0.1053346963 53909.87288 11340.57585 50 
0.1068503034 26208.58003 8824.146966 41 
0.1083659105 21702.59417 5114.395088 34 
0.1098815177 15163.69049 3660.58923 40 
0.1113971248 28348.78798 7040.734016 40 
0.112912732 25784.63499 6015.355677 44 
0.1144283391 27450.04966 5308.285035 45 
0.1159439462 33849.147 6485.725938 49 
0.1174595534 24798.56942 5405.909646 35 
0.1189751605 35727.21794 6208.591355 47 
0.1204907677 25640.58901 5389.013885 33 
0.1220063748 35542.54243 6255.641445 41 
0.1235219819 36883.77706 6440.697177 39 
0.1250375891 22787.4409 5025.718112 28 
0.1265531962 23828.66281 4448.385915 36 
0.1280688034 19596.92305 4070.930205 29 
0.1295844105 18419.89674 4427.95753 30 
0.1311000176 17570.9509 4090.161115 32 
0.1326156248 16407.91694 4063.824116 29 
0.1341312319 15191.39023 3491.251678 36 
0.1356468391 4491.935999 1519.342908 26 
0.1371624462 7753.627973 2398.997454 27 
0.1386780533 8081.046729 2619.25205 30 
0.1401936605 5965.174726 1532.573334 31 
0.1417092676 1791.542181 630.4377242 14 
0.1432248748 4112.893311 1205.478359 22 
0.1447404819 5047.392849 1355.010376 24 
0.146256089 4485.287968 1208.296994 30 
0.1477716962 6598.740251 1585.394048 29 
0.1492873033 7761.550831 1812.232587 26 
0.1508029105 4419.03836 1311.120375 17 
