# Format: McCode with text headers
# URL: http://www.mccode.org
# Creator:  3.8.5, git
# Instrument: eqsans_1_fixed.instr
# Ncount: 1000000
# Trace: no
# Gravitation: no
# Seed: 1790169961553873
# Directory: /Users/georgeyumnam/WORK/PANRAID/PaNRAID-results/Group2/panraidproject/scan_guide_xy/x+11_y-07
# Param: gx=0.011
# Param: gy=-0.007
# Date: Wed Sep 23 15:26:05 2026 (1790169965)
# type: array_1d(120)
# Source: EQ_SANS (eqsans_1_fixed.instr)
# component: lambda_det
# position: 0 0 22.28
# title: Wavelength monitor
# Ncount: 1000000
# filename: lambda_det.dat
# statistics: X0=4.07151; dX=0.981587;
# signal: Min=0; Max=3.26281e+06; Mean=508019;
# values: 6.09622e+07 607080 19609
# xvar: L
# yvar: (I,I_err)
# xlabel: Wavelength [AA]
# ylabel: Intensity
# xlimits: 0 12
# variables: L I I_err N
0.05 0 0 0 
0.15 0 0 0 
0.25 0 0 0 
0.35 0 0 0 
0.45 0 0 0 
0.55 0 0 0 
0.65 0 0 0 
0.75 0 0 0 
0.85 0 0 0 
0.95 0 0 0 
1.05 0 0 0 
1.15 0 0 0 
1.25 0 0 0 
1.35 0 0 0 
1.45 0 0 0 
1.55 0 0 0 
1.65 0 0 0 
1.75 0 0 0 
1.85 0 0 0 
1.95 0 0 0 
2.05 0 0 0 
2.15 5845.535174 5845.535174 1 
2.25 14109.57348 10245.1754 4 
2.35 52934.32305 20239.12894 13 
2.45 111877.1978 26720.83036 34 
2.55 159982.8115 31995.70366 57 
2.65 457714.4443 54086.98407 145 
2.75 848387.6046 72432.32071 296 
2.85 2263342.714 116826.2059 807 
2.95 3123256.599 138582.3714 1056 
3.05 3262813.279 142684.4723 1040 
3.15 3150138.411 137415.8671 1048 
3.25 3069655.368 137112.5787 974 
3.35 2828642.076 130924.0434 890 
3.45 2450746.858 120413.7934 829 
3.55 2634304.031 126664.5307 827 
3.65 2373285.706 119979.5948 766 
3.75 2514274.597 124053.6103 754 
3.85 2256297.664 116010.2995 733 
3.95 1977463.361 109482.662 621 
4.05 1863851.367 107549.9259 581 
4.15 1969990.894 109472.9682 600 
4.25 1826092.324 106407.4892 571 
4.35 1519986.772 95705.48622 509 
4.45 1560887.182 96739.88822 497 
4.55 1615516.417 97605.04418 509 
4.65 1541426.961 95531.98446 476 
4.75 1514432.244 96437.06349 485 
4.85 1184564.885 84094.34681 370 
4.95 998291.7558 75175.53485 361 
5.05 1263468.701 88116.42872 388 
5.15 889114.4933 72279.09094 316 
5.25 924626.6735 73741.79281 287 
5.35 902668.2029 71644.04064 300 
5.45 920522.8041 74483.3538 283 
5.55 878320.3742 74868.32199 267 
5.65 721389.0962 65617.25736 236 
5.75 836245.5378 70244.74608 274 
5.85 724887.1161 66269.48781 238 
5.95 580732.893 57537.33811 207 
6.05 640725.6604 61422.78155 195 
6.15 637015.8308 61542.23446 202 
6.25 575482.992 58960.93684 178 
6.35 536262.1867 55756.65937 168 
6.45 445005.9884 52808.01261 126 
6.55 294034.3665 42605.68498 77 
6.65 41625.97013 14644.99041 13 
6.75 0 0 0 
6.85 0 0 0 
6.95 0 0 0 
7.05 0 0 0 
7.15 0 0 0 
7.25 0 0 0 
7.35 0 0 0 
7.45 0 0 0 
7.55 0 0 0 
7.65 0 0 0 
7.75 0 0 0 
7.85 0 0 0 
7.95 0 0 0 
8.05 0 0 0 
8.15 0 0 0 
8.25 0 0 0 
8.35 0 0 0 
8.45 0 0 0 
8.55 0 0 0 
8.65 0 0 0 
8.75 0 0 0 
8.85 0 0 0 
8.95 0 0 0 
9.05 0 0 0 
9.15 0 0 0 
9.25 0 0 0 
9.35 0 0 0 
9.45 0 0 0 
9.55 0 0 0 
9.65 0 0 0 
9.75 0 0 0 
9.85 0 0 0 
9.95 0 0 0 
10.05 0 0 0 
10.15 0 0 0 
10.25 0 0 0 
10.35 0 0 0 
10.45 0 0 0 
10.55 0 0 0 
10.65 0 0 0 
10.75 0 0 0 
10.85 0 0 0 
10.95 0 0 0 
11.05 0 0 0 
11.15 0 0 0 
11.25 0 0 0 
11.35 0 0 0 
11.45 0 0 0 
11.55 0 0 0 
11.65 0 0 0 
11.75 0 0 0 
11.85 0 0 0 
11.95 0 0 0 
