# Format: McCode with text headers
# URL: http://www.mccode.org
# Creator:  3.8.5, git
# Instrument: eqsans_cylinder.instr
# Ncount: 5000000
# Trace: no
# Gravitation: no
# Seed: 1790194942560377
# Directory: /Users/georgeyumnam/WORK/PANRAID/PaNRAID-results/Group2/panraidproject/dataset_cylinder/cyl_001243
# Param: gx=0
# Param: gy=0
# Param: sample_on=1
# Param: bs_radius=0
# Param: samp_ap=0.01
# Param: sld=2.59398
# Param: sld_solvent=1
# Param: radius=154.788
# Param: length=560.27
# Param: pd_radius=0.153232
# Param: pd_length=0.003867
# Param: model_scale=1
# Param: model_abs=0
# Date: Wed Sep 23 22:22:40 2026 (1790194960)
# type: array_1d(100)
# Source: EQ_SANS_cylinder (eqsans_cylinder.instr)
# component: qmon
# position: 0 0 22.281
# title: QMonitor - Radially averaged distribution
# Ncount: 5000000
# filename: rdet.dat
# statistics: X0=0.0387072; dX=0.0325334;
# signal: Min=1.58138e+12; Max=2.98731e+16; Mean=2.5757e+15;
# values: 2.5757e+17 1.03003e+16 162285
# xvar: r
# yvar: (I,I_err)
# xlabel: Radius [m]
# ylabel: I(r)
# xlimits: 0 0.5
# variables: r I I_err N
0.0025 1.202132556e+16 5.672236162e+15 9 
0.0075 2.987312631e+16 5.766273761e+15 50 
0.0125 2.138316189e+16 3.2232798e+15 76 
0.0175 2.513237752e+16 3.199206578e+15 112 
0.0225 2.096128291e+16 2.621138629e+15 131 
0.0275 1.595578584e+16 1.830556798e+15 158 
0.0325 1.551648412e+16 1.785264371e+15 192 
0.0375 1.544706761e+16 1.400135967e+15 247 
0.0425 1.324921877e+16 1.184393582e+15 271 
0.0475 1.373462117e+16 1.353402866e+15 302 
0.0525 1.336080908e+16 1.135756866e+15 360 
0.0575 1.046164633e+16 9.03602187e+14 369 
0.0625 7.684731536e+15 6.149428853e+14 397 
0.0675 5.747668998e+15 5.286868394e+14 400 
0.0725 6.65414492e+15 5.574190798e+14 451 
0.0775 5.517709785e+15 4.499261302e+14 514 
0.0825 4.241083157e+15 3.827737104e+14 497 
0.0875 4.093039791e+15 3.151676858e+14 573 
0.0925 3.272934635e+15 2.659031673e+14 646 
0.0975 2.336086198e+15 1.883107088e+14 641 
0.1025 1.589090489e+15 1.483442622e+14 658 
0.1075 1.466409519e+15 1.212588579e+14 706 
0.1125 1.328168333e+15 1.210397713e+14 725 
0.1175 1.120669548e+15 9.246931964e+13 808 
0.1225 8.329247549e+14 7.69254389e+13 793 
0.1275 6.258917441e+14 5.293364009e+13 806 
0.1325 5.802663588e+14 5.095913551e+13 827 
0.1375 4.536988324e+14 3.788555286e+13 825 
0.1425 3.926160854e+14 3.21909459e+13 945 
0.1475 3.337095192e+14 3.053036349e+13 950 
0.1525 2.65243364e+14 2.150448046e+13 963 
0.1575 2.260631568e+14 1.904072766e+13 1055 
0.1625 1.725308855e+14 1.182560601e+13 1061 
0.1675 1.482346606e+14 1.127914616e+13 1052 
0.1725 1.360888324e+14 8.717190106e+12 1110 
0.1775 1.169789962e+14 7.636778677e+12 1104 
0.1825 1.035950531e+14 6.606860194e+12 1194 
0.1875 8.673797778e+13 5.100035959e+12 1230 
0.1925 8.598855301e+13 5.493161057e+12 1201 
0.1975 5.805526608e+13 3.020977806e+12 1216 
0.2025 6.43468123e+13 3.451921814e+12 1339 
0.2075 5.172757954e+13 2.613998067e+12 1345 
0.2125 5.28978645e+13 2.545592334e+12 1397 
0.2175 4.504491232e+13 2.139553166e+12 1430 
0.2225 4.128647207e+13 1.95555147e+12 1400 
0.2275 4.00688874e+13 1.855669253e+12 1516 
0.2325 3.357448703e+13 1.53636015e+12 1496 
0.2375 3.349848789e+13 1.474746895e+12 1587 
0.2425 3.006237745e+13 1.373038231e+12 1564 
0.2475 2.875115735e+13 1.405762726e+12 1543 
0.2525 2.586934951e+13 1.157349164e+12 1642 
0.2575 2.507962717e+13 1.154132053e+12 1707 
0.2625 2.268412784e+13 9.910105747e+11 1735 
0.2675 2.093911296e+13 9.082412261e+11 1759 
0.2725 1.881451077e+13 8.312719862e+11 1786 
0.2775 1.642485525e+13 7.598019633e+11 1701 
0.2825 1.647751688e+13 6.885809551e+11 1838 
0.2875 1.578675356e+13 6.911527724e+11 1940 
0.2925 1.38134224e+13 5.897892599e+11 1952 
0.2975 1.307522259e+13 5.767588969e+11 1929 
0.3025 1.220094901e+13 4.855931673e+11 2005 
0.3075 1.22477086e+13 5.042852421e+11 2033 
0.3125 9.846190297e+12 3.98084045e+11 2012 
0.3175 9.813089104e+12 3.811561306e+11 2090 
0.3225 9.038616625e+12 3.576788539e+11 2069 
0.3275 8.49042716e+12 3.371187935e+11 2065 
0.3325 8.563512303e+12 3.270109457e+11 2165 
0.3375 7.659843757e+12 2.860227318e+11 2233 
0.3425 7.09806321e+12 2.677512255e+11 2225 
0.3475 7.083302833e+12 2.680576503e+11 2276 
0.3525 6.486516076e+12 2.376825941e+11 2331 
0.3575 6.124536254e+12 2.284191957e+11 2329 
0.3625 5.586329379e+12 2.123484121e+11 2323 
0.3675 5.30595105e+12 1.904380909e+11 2414 
0.3725 4.874282892e+12 1.715107571e+11 2404 
0.3775 4.792211487e+12 1.734274819e+11 2413 
0.3825 4.42786126e+12 1.552535272e+11 2519 
0.3875 4.424961512e+12 1.561427447e+11 2481 
0.3925 4.154800029e+12 1.492502436e+11 2539 
0.3975 3.918075287e+12 1.310354019e+11 2644 
0.4025 3.970267078e+12 1.38528157e+11 2656 
0.4075 3.432617415e+12 1.187735291e+11 2607 
0.4125 3.393405747e+12 1.162927299e+11 2650 
0.4175 3.270880979e+12 1.116009637e+11 2765 
0.4225 3.093250349e+12 1.018424522e+11 2792 
0.4275 3.081670674e+12 1.050232143e+11 2782 
0.4325 2.74533578e+12 9.237838133e+10 2731 
0.4375 2.516063721e+12 8.188166693e+10 2871 
0.4425 2.605949143e+12 8.773375266e+10 2864 
0.4475 2.427585512e+12 7.965403648e+10 2854 
0.4525 2.398256359e+12 7.869435588e+10 2966 
0.4575 2.114896023e+12 7.11583448e+10 2904 
0.4625 2.140102996e+12 6.935740137e+10 3010 
0.4675 2.091017497e+12 6.812791425e+10 3086 
0.4725 1.926532268e+12 6.1871284e+10 3012 
0.4775 1.89843193e+12 5.913328695e+10 3092 
0.4825 1.840217362e+12 5.747167445e+10 3186 
0.4875 1.654364345e+12 5.127491573e+10 3115 
0.4925 1.708282702e+12 5.183337551e+10 3315 
0.4975 1.581379442e+12 4.873233972e+10 3226 
