# Format: McCode with text headers
# URL: http://www.mccode.org
# Creator:  3.8.5, git
# Instrument: eqsans_sans.instr
# Ncount: 10000000
# Trace: no
# Gravitation: no
# Seed: 1790182737260473
# Directory: /Users/georgeyumnam/WORK/PANRAID/PaNRAID-results/Group2/panraidproject/scan_sans_sample/x+00_y-03
# Param: gx=0
# Param: gy=-0.003
# Param: sample_on=1
# Param: R_sphere=100
# Param: Phi=0.01
# Param: bs_radius=0
# Param: samp_ap=0.01
# Date: Wed Sep 23 18:59:32 2026 (1790182772)
# type: array_1d(100)
# Source: EQ_SANS_sample (eqsans_sans.instr)
# component: qmon
# position: 0 0 22.281
# title: QMonitor - Distribution in q (Radially averaged)
# Ncount: 10000000
# filename: qdet.dat
# statistics: X0=0.0120721; dX=0.0102846;
# signal: Min=12444.9; Max=9.8364e+08; Mean=6.48803e+07;
# values: 6.48803e+09 7.3101e+08 8653
# xvar: q
# yvar: (I,I_err)
# xlabel: q [1 / AA]
# ylabel: I(q)
# xlimits: 0 0.151561
# variables: q I I_err N
0.0007578035702 983640204.9 605179339.6 3 
0.002273410711 354539617.9 185341596.9 4 
0.003789017851 351950574.4 208139706.1 5 
0.005304624991 503891438.5 179133293.7 11 
0.006820232132 477813799.8 140892298.3 16 
0.008335839272 284628499 100304325.2 11 
0.009851446413 394918461.5 113335868.4 17 
0.01136705355 354063622.9 73261201.42 27 
0.01288266069 275927559 74038953.45 20 
0.01439826783 344887527.5 82698308.21 26 
0.01591387497 318671702.5 65208422.45 35 
0.01742948211 334053798.6 76973369.75 30 
0.01894508925 244381520.1 50770854.47 31 
0.0204606964 211870999.7 41959131.77 37 
0.02197630354 195749547.8 38503344.46 41 
0.02349191068 148564858.9 28097131.74 46 
0.02500751782 125435166 23679358.08 48 
0.02652312496 118786598.7 23768963.47 44 
0.0280387321 74721383.89 15349429.12 42 
0.02955433924 72678558.79 15209663.39 52 
0.03106994638 53767492.16 13306962.67 42 
0.03258555352 55163093.65 9900759.804 70 
0.03410116066 54615850.25 11292002.83 61 
0.0356167678 30448219.6 7190545.838 65 
0.03713237494 25855733.48 5393434.771 73 
0.03864798208 14524803.52 4258275.09 65 
0.04016358922 9158008.813 2123538.823 83 
0.04167919636 9191944.095 1946717.514 87 
0.0431948035 6387542.831 1437231.229 98 
0.04471041064 5682161.241 1863956.232 77 
0.04622601778 3989883.937 954200.7092 103 
0.04774162492 2305572.158 561764.9862 80 
0.04925723206 2494475.268 560883.6806 82 
0.0507728392 2693403.586 354966.5607 112 
0.05228844634 2729994.429 333153.8898 109 
0.05380405348 2885216.585 376506.9145 91 
0.05531966062 2735328.562 328048.5475 97 
0.05683526776 2698907.646 331408.8643 94 
0.05835087491 2947228.361 336206.5833 104 
0.05986648205 2851221.114 321156.8722 111 
0.06138208919 2905776.116 322026.4577 120 
0.06289769633 2670201.543 318263.1858 116 
0.06441330347 2342514.225 277283.203 117 
0.06592891061 1761379.12 219408.2104 111 
0.06744451775 1996636.046 259989.3026 122 
0.06896012489 1500036.403 199934.3369 124 
0.07047573203 876678.6998 142332.3285 106 
0.07199133917 725809.3698 111155.2333 116 
0.07350694631 492390.2013 82890.88354 121 
0.07502255345 506966.5195 93258.95706 130 
0.07653816059 335102.132 54791.9439 138 
0.07805376773 299398.4312 51144.23832 122 
0.07956937487 286023.3112 36616.61008 160 
0.08108498201 227075.2615 28245.32425 129 
0.08260058915 278898.3805 33653.80697 145 
0.08411619629 368389.6788 42900.80533 119 
0.08563180343 435326.5573 45241.54729 140 
0.08714741057 448821.8695 47233.13112 135 
0.08866301771 391788.6254 41657.09413 125 
0.09017862485 536358.0627 51038.12208 153 
0.09169423199 468610.8357 46511.19464 137 
0.09320983913 412444.0444 43724.70894 126 
0.09472544627 410391.3347 42621.46322 134 
0.09624105341 391325.2558 41375.27228 131 
0.09775666056 311943.2214 36445.28825 126 
0.0992722677 246927.1085 30972.08718 108 
0.1007878748 200519.1809 26688.50355 113 
0.102303482 213248.0583 26628.832 122 
0.1038190891 122927.7629 17591.95672 114 
0.1053346963 83861.8627 13581.40848 97 
0.1068503034 102694.9476 15974.55448 124 
0.1083659105 89679.6254 12819.09054 125 
0.1098815177 56842.26713 9218.012959 103 
0.1113971248 62822.26041 8658.458134 131 
0.112912732 56483.76913 7935.304866 102 
0.1144283391 63055.26244 7465.610089 115 
0.1159439462 61211.25219 8119.486283 96 
0.1174595534 74851.60853 8789.653358 114 
0.1189751605 83264.88716 9465.010205 110 
0.1204907677 76261.36316 9259.245576 92 
0.1220063748 87424.90083 9659.45932 106 
0.1235219819 90346.37921 10389.06274 103 
0.1250375891 83844.15416 9601.497031 103 
0.1265531962 70616.23052 8881.496284 80 
0.1280688034 58038.24853 7783.04691 82 
0.1295844105 62237.34492 7877.803958 84 
0.1311000176 46501.59413 6581.465631 94 
0.1326156248 35006.67941 5468.310735 76 
0.1341312319 37171.04019 5809.934865 73 
0.1356468391 27403.33792 4810.999274 74 
0.1371624462 25520.75585 4645.166223 68 
0.1386780533 12850.83558 2757.186255 59 
0.1401936605 14138.797 2554.040681 80 
0.1417092676 14227.76089 2669.616714 71 
0.1432248748 12444.91565 2139.647689 69 
0.1447404819 14888.85154 2555.437976 63 
0.146256089 12892.15624 2182.056211 59 
0.1477716962 19304.61473 2720.215969 79 
0.1492873033 13410.56528 2256.707263 48 
0.1508029105 19781.18723 2870.925111 63 
