# Format: McCode with text headers
# URL: http://www.mccode.org
# Creator:  3.8.5, git
# Instrument: eqsans_sans.instr
# Ncount: 10000000
# Trace: no
# Gravitation: no
# Seed: 1790184760460952
# Directory: /Users/georgeyumnam/WORK/PANRAID/PaNRAID-results/Group2/panraidproject/scan_sans_sample/x+14_y-02
# Param: gx=0.014
# Param: gy=-0.002
# Param: sample_on=1
# Param: R_sphere=100
# Param: Phi=0.01
# Param: bs_radius=0
# Param: samp_ap=0.01
# Date: Wed Sep 23 19:33:15 2026 (1790184795)
# type: array_1d(120)
# Source: EQ_SANS_sample (eqsans_sans.instr)
# component: lambda_det
# position: 0 0 22.28
# title: Wavelength monitor
# Ncount: 10000000
# filename: lambda_det.dat
# statistics: X0=4.4238; dX=1.05549;
# signal: Min=0; Max=10037.5; Mean=1366.57;
# values: 163988 9959.15 5065
# xvar: L
# yvar: (I,I_err)
# xlabel: Wavelength [AA]
# ylabel: Intensity
# xlimits: 0 12
# variables: L I I_err N
0.05 0 0 0 
0.15 0 0 0 
0.25 0 0 0 
0.35 0 0 0 
0.45 0 0 0 
0.55 0 0 0 
0.65 0 0 0 
0.75 0 0 0 
0.85 0 0 0 
0.95 0 0 0 
1.05 0 0 0 
1.15 0 0 0 
1.25 0 0 0 
1.35 0 0 0 
1.45 0 0 0 
1.55 0 0 0 
1.65 0 0 0 
1.75 0 0 0 
1.85 0 0 0 
1.95 0 0 0 
2.05 0 0 0 
2.15 29.3288869 29.3288869 1 
2.25 0.05115763687 0.05115763687 1 
2.35 0.5318011743 0.3833551608 3 
2.45 12.64132875 6.683354769 14 
2.55 740.7747372 755.4142444 16 
2.65 13.63135042 5.687491053 35 
2.75 2038.517611 1233.869187 77 
2.85 3475.922513 1441.722465 220 
2.95 3620.663068 1173.037185 300 
3.05 10037.51038 2864.721047 323 
3.15 5231.094239 1788.173825 293 
3.25 3927.270901 1307.863208 280 
3.35 7880.804197 2481.857111 271 
3.45 5848.313082 1904.073267 259 
3.55 4866.524256 1793.894964 222 
3.65 4005.397358 1150.377723 206 
3.75 6547.229608 1797.168956 217 
3.85 4225.825778 1859.748177 181 
3.95 4996.966279 1718.206332 160 
4.05 3777.575562 1557.97504 161 
4.15 4791.376383 1645.839398 163 
4.25 2621.383443 918.5156484 119 
4.35 2304.291345 1086.3122 110 
4.45 2827.712213 1244.102034 100 
4.55 6202.607665 2122.675607 121 
4.65 5298.790509 1759.058474 125 
4.75 4545.506826 1676.443024 104 
4.85 4519.116118 1830.297823 86 
4.95 8701.848835 2386.360079 98 
5.05 4573.997144 1641.315106 82 
5.15 5326.447398 1488.269542 85 
5.25 6488.36399 2239.86821 88 
5.35 2660.080073 1148.105593 61 
5.45 1638.178834 877.2365756 54 
5.55 2125.38509 854.0920444 52 
5.65 2598.75247 1254.906155 44 
5.75 2904.92334 1303.704934 50 
5.85 2191.126269 793.2483992 48 
5.95 4409.412965 1581.260505 45 
6.05 2956.757383 1153.592297 47 
6.15 3496.679461 1754.287581 34 
6.25 4415.321969 1657.720266 39 
6.35 1439.639528 833.9780918 25 
6.45 2194.199538 1164.543935 28 
6.55 1391.728448 1003.159634 16 
6.65 87.938802 87.938802 1 
6.75 0 0 0 
6.85 0 0 0 
6.95 0 0 0 
7.05 0 0 0 
7.15 0 0 0 
7.25 0 0 0 
7.35 0 0 0 
7.45 0 0 0 
7.55 0 0 0 
7.65 0 0 0 
7.75 0 0 0 
7.85 0 0 0 
7.95 0 0 0 
8.05 0 0 0 
8.15 0 0 0 
8.25 0 0 0 
8.35 0 0 0 
8.45 0 0 0 
8.55 0 0 0 
8.65 0 0 0 
8.75 0 0 0 
8.85 0 0 0 
8.95 0 0 0 
9.05 0 0 0 
9.15 0 0 0 
9.25 0 0 0 
9.35 0 0 0 
9.45 0 0 0 
9.55 0 0 0 
9.65 0 0 0 
9.75 0 0 0 
9.85 0 0 0 
9.95 0 0 0 
10.05 0 0 0 
10.15 0 0 0 
10.25 0 0 0 
10.35 0 0 0 
10.45 0 0 0 
10.55 0 0 0 
10.65 0 0 0 
10.75 0 0 0 
10.85 0 0 0 
10.95 0 0 0 
11.05 0 0 0 
11.15 0 0 0 
11.25 0 0 0 
11.35 0 0 0 
11.45 0 0 0 
11.55 0 0 0 
11.65 0 0 0 
11.75 0 0 0 
11.85 0 0 0 
11.95 0 0 0 
