# Format: McCode with text headers
# URL: http://www.mccode.org
# Creator:  3.8.5, git
# Instrument: eqsans_sans.instr
# Ncount: 10000000
# Trace: no
# Gravitation: no
# Seed: 1790183269092824
# Directory: /Users/georgeyumnam/WORK/PANRAID/PaNRAID-results/Group2/panraidproject/scan_sans_sample/x+04_y-15
# Param: gx=0.004
# Param: gy=-0.015
# Param: sample_on=1
# Param: R_sphere=100
# Param: Phi=0.01
# Param: bs_radius=0
# Param: samp_ap=0.01
# Date: Wed Sep 23 19:08:24 2026 (1790183304)
# type: array_1d(120)
# Source: EQ_SANS_sample (eqsans_sans.instr)
# component: lambda_det
# position: 0 0 22.28
# title: Wavelength monitor
# Ncount: 10000000
# filename: lambda_det.dat
# statistics: X0=4.4402; dX=1.04185;
# signal: Min=0; Max=6929.33; Mean=1141.75;
# values: 137009 8836.88 4475
# xvar: L
# yvar: (I,I_err)
# xlabel: Wavelength [AA]
# ylabel: Intensity
# xlimits: 0 12
# variables: L I I_err N
0.05 0 0 0 
0.15 0 0 0 
0.25 0 0 0 
0.35 0 0 0 
0.45 0 0 0 
0.55 0 0 0 
0.65 0 0 0 
0.75 0 0 0 
0.85 0 0 0 
0.95 0 0 0 
1.05 0 0 0 
1.15 0 0 0 
1.25 0 0 0 
1.35 0 0 0 
1.45 0 0 0 
1.55 0 0 0 
1.65 0 0 0 
1.75 0 0 0 
1.85 0 0 0 
1.95 0 0 0 
2.05 0 0 0 
2.15 0.5775392567 0.5775392567 1 
2.25 0 0 0 
2.35 0.5197454263 0.3489300259 4 
2.45 1.181341684 0.6198162247 8 
2.55 571.4729677 359.6070735 27 
2.65 1255.356939 796.1928925 35 
2.75 778.3713665 443.962596 112 
2.85 3707.404714 1675.638739 235 
2.95 4488.010583 1418.432695 288 
3.05 3583.786146 1559.408435 284 
3.15 4898.627445 1512.89757 259 
3.25 3020.259965 1064.700517 245 
3.35 3825.551564 1261.231314 213 
3.45 3991.848861 1453.024194 213 
3.55 5133.702484 1685.997388 192 
3.65 5005.517752 1668.58705 184 
3.75 5581.948543 2078.094243 160 
3.85 4383.440162 1470.966286 148 
3.95 4052.584058 1457.749981 153 
4.05 3103.810078 1375.244422 150 
4.15 3053.040935 1436.267478 125 
4.25 2218.19182 1111.22499 103 
4.35 5238.452691 1977.258823 106 
4.45 4372.571924 1811.773569 119 
4.55 5888.055777 2038.604129 118 
4.65 6929.328563 2085.047499 104 
4.75 2319.855992 852.2672951 76 
4.85 3843.649047 1370.695518 87 
4.95 3136.690378 1401.381711 72 
5.05 5213.474939 1771.461722 72 
5.15 1830.369122 651.5226029 69 
5.25 3550.07972 1417.176411 68 
5.35 2823.769742 1288.337596 43 
5.45 2830.130663 1478.069173 50 
5.55 3842.491476 1377.474197 55 
5.65 525.3479551 213.8578687 41 
5.75 2877.297207 1027.263833 34 
5.85 5057.09057 1631.560777 39 
5.95 2112.404128 1097.591868 32 
6.05 1979.536335 1280.409793 32 
6.15 1401.147688 720.990688 39 
6.25 2000.098269 1017.920303 24 
6.35 3197.019137 1465.233967 29 
6.45 1219.369719 877.038232 15 
6.55 1540.26796 1124.650088 9 
6.65 625.7340593 706.00765 3 
6.75 0 0 0 
6.85 0 0 0 
6.95 0 0 0 
7.05 0 0 0 
7.15 0 0 0 
7.25 0 0 0 
7.35 0 0 0 
7.45 0 0 0 
7.55 0 0 0 
7.65 0 0 0 
7.75 0 0 0 
7.85 0 0 0 
7.95 0 0 0 
8.05 0 0 0 
8.15 0 0 0 
8.25 0 0 0 
8.35 0 0 0 
8.45 0 0 0 
8.55 0 0 0 
8.65 0 0 0 
8.75 0 0 0 
8.85 0 0 0 
8.95 0 0 0 
9.05 0 0 0 
9.15 0 0 0 
9.25 0 0 0 
9.35 0 0 0 
9.45 0 0 0 
9.55 0 0 0 
9.65 0 0 0 
9.75 0 0 0 
9.85 0 0 0 
9.95 0 0 0 
10.05 0 0 0 
10.15 0 0 0 
10.25 0 0 0 
10.35 0 0 0 
10.45 0 0 0 
10.55 0 0 0 
10.65 0 0 0 
10.75 0 0 0 
10.85 0 0 0 
10.95 0 0 0 
11.05 0 0 0 
11.15 0 0 0 
11.25 0 0 0 
11.35 0 0 0 
11.45 0 0 0 
11.55 0 0 0 
11.65 0 0 0 
11.75 0 0 0 
11.85 0 0 0 
11.95 0 0 0 
