# Format: McCode with text headers
# URL: http://www.mccode.org
# Creator:  3.8.5, git
# Instrument: eqsans_cylinder.instr
# Ncount: 5000000
# Trace: no
# Gravitation: no
# Seed: 1790195826025751
# Directory: /Users/georgeyumnam/WORK/PANRAID/PaNRAID-results/Group2/panraidproject/dataset_cylinder/cyl_001738
# Param: gx=0
# Param: gy=0
# Param: sample_on=1
# Param: bs_radius=0
# Param: samp_ap=0.01
# Param: sld=3.27549
# Param: sld_solvent=1
# Param: radius=72.5694
# Param: length=518.201
# Param: pd_radius=0.197167
# Param: pd_length=0.22373
# Param: model_scale=1
# Param: model_abs=0
# Date: Wed Sep 23 22:37:24 2026 (1790195844)
# type: array_1d(120)
# Source: EQ_SANS_cylinder (eqsans_cylinder.instr)
# component: lambda_det
# position: 0 0 22.28
# title: Wavelength monitor
# Ncount: 5000000
# filename: lambda_det.dat
# statistics: X0=4.35494; dX=1.03521;
# signal: Min=0; Max=1.81575e+11; Mean=3.60038e+10;
# values: 4.32045e+12 5.72214e+10 288741
# xvar: L
# yvar: (I,I_err)
# xlabel: Wavelength [AA]
# ylabel: Intensity
# xlimits: 0 12
# variables: L I I_err N
0.05 0 0 0 
0.15 0 0 0 
0.25 0 0 0 
0.35 0 0 0 
0.45 0 0 0 
0.55 0 0 0 
0.65 0 0 0 
0.75 0 0 0 
0.85 0 0 0 
0.95 0 0 0 
1.05 0 0 0 
1.15 0 0 0 
1.25 0 0 0 
1.35 0 0 0 
1.45 0 0 0 
1.55 0 0 0 
1.65 0 0 0 
1.75 0 0 0 
1.85 0 0 0 
1.95 0 0 0 
2.05 0 0 0 
2.15 50411280.48 23246572.28 100 
2.25 382918775 263295400.6 150 
2.35 2589559670 1655045882 350 
2.45 2699950045 775329604.7 750 
2.55 8727433995 1937709805 1500 
2.65 2.712076912e+10 5091930953 3049 
2.75 5.32289376e+10 6052618017 7700 
2.85 9.742258196e+10 9154898671 13750 
2.95 1.474934041e+11 1.448983093e+10 19099 
3.05 1.490080087e+11 1.004721084e+10 16849 
3.15 1.416479501e+11 9267627784 16900 
3.25 1.815750557e+11 1.179036717e+10 16599 
3.35 1.572930336e+11 1.288859617e+10 14350 
3.45 1.556440637e+11 1.018067521e+10 13700 
3.55 1.412253794e+11 1.034432966e+10 12400 
3.65 1.607717515e+11 1.013847456e+10 12398 
3.75 1.270543492e+11 9985173078 10599 
3.85 1.749077314e+11 1.094936141e+10 11500 
3.95 1.187904406e+11 8049094195 8900 
4.05 1.424331496e+11 1.227597414e+10 8700 
4.15 1.374187855e+11 9990935896 7950 
4.25 1.185544138e+11 1.230408166e+10 7000 
4.35 1.283156364e+11 8204401030 7600 
4.45 1.296934352e+11 8812629004 7200 
4.55 1.147304904e+11 9987238556 6000 
4.65 1.208859626e+11 9040418799 5800 
4.75 1.053623089e+11 7382064012 5450 
4.85 1.155904447e+11 9317486486 4899 
4.95 1.061115414e+11 8303652095 4750 
5.05 1.090117226e+11 8590387981 4700 
5.15 1.010463797e+11 8125787587 4050 
5.25 1.167263647e+11 1.0482286e+10 4050 
5.35 1.116990933e+11 8740499962 4000 
5.45 8.57759734e+10 6699012092 3400 
5.55 8.022778519e+10 6627451097 3100 
5.65 8.977294989e+10 7910755831 3199 
5.75 7.073043545e+10 7322761919 2300 
5.85 6.358814528e+10 6175405753 2450 
5.95 7.317860659e+10 6459020855 1950 
6.05 6.038259778e+10 5842144361 2050 
6.15 5.742281825e+10 5639566725 1800 
6.25 5.039140616e+10 6103306965 1600 
6.35 9.514955267e+10 8877684061 2100 
6.45 4.056771785e+10 4973352762 1050 
6.55 4.53110421e+10 8041272670 850 
6.65 2742434383 813702350.2 100 
6.75 0 0 0 
6.85 0 0 0 
6.95 0 0 0 
7.05 0 0 0 
7.15 0 0 0 
7.25 0 0 0 
7.35 0 0 0 
7.45 0 0 0 
7.55 0 0 0 
7.65 0 0 0 
7.75 0 0 0 
7.85 0 0 0 
7.95 0 0 0 
8.05 0 0 0 
8.15 0 0 0 
8.25 0 0 0 
8.35 0 0 0 
8.45 0 0 0 
8.55 0 0 0 
8.65 0 0 0 
8.75 0 0 0 
8.85 0 0 0 
8.95 0 0 0 
9.05 0 0 0 
9.15 0 0 0 
9.25 0 0 0 
9.35 0 0 0 
9.45 0 0 0 
9.55 0 0 0 
9.65 0 0 0 
9.75 0 0 0 
9.85 0 0 0 
9.95 0 0 0 
10.05 0 0 0 
10.15 0 0 0 
10.25 0 0 0 
10.35 0 0 0 
10.45 0 0 0 
10.55 0 0 0 
10.65 0 0 0 
10.75 0 0 0 
10.85 0 0 0 
10.95 0 0 0 
11.05 0 0 0 
11.15 0 0 0 
11.25 0 0 0 
11.35 0 0 0 
11.45 0 0 0 
11.55 0 0 0 
11.65 0 0 0 
11.75 0 0 0 
11.85 0 0 0 
11.95 0 0 0 
