# Format: McCode with text headers
# URL: http://www.mccode.org
# Creator:  3.8.5, git
# Instrument: eqsans_cylinder.instr
# Ncount: 5000000
# Trace: no
# Gravitation: no
# Seed: 1790192929403074
# Directory: /Users/georgeyumnam/WORK/PANRAID/PaNRAID-results/Group2/panraidproject/dataset_cylinder/cyl_000120
# Param: gx=0
# Param: gy=0
# Param: sample_on=1
# Param: bs_radius=0
# Param: samp_ap=0.01
# Param: sld=6.01235
# Param: sld_solvent=1
# Param: radius=25.1494
# Param: length=294.328
# Param: pd_radius=0.071846
# Param: pd_length=0.164652
# Param: model_scale=1
# Param: model_abs=0
# Date: Wed Sep 23 21:49:07 2026 (1790192947)
# type: array_1d(100)
# Source: EQ_SANS_cylinder (eqsans_cylinder.instr)
# component: qmon
# position: 0 0 22.281
# title: QMonitor - Distribution in q (Radially averaged)
# Ncount: 5000000
# filename: qdet.dat
# statistics: X0=0.0237179; dX=0.0218523;
# signal: Min=4.72106e+10; Max=3.03272e+14; Mean=5.00222e+13;
# values: 5.00222e+15 6.88371e+13 257487
# xvar: q
# yvar: (I,I_err)
# xlabel: q [1 / AA]
# ylabel: I(q)
# xlimits: 0 0.151561
# variables: q I I_err N
0.0007578035702 2.207055035e+14 4.190143886e+13 39 
0.002273410711 3.032718945e+14 3.191373307e+13 137 
0.003789017851 2.619319839e+14 2.314056709e+13 191 
0.005304624991 2.698687853e+14 1.920780262e+13 280 
0.006820232132 2.338179015e+14 1.556724109e+13 350 
0.008335839272 2.102084483e+14 1.242949589e+13 418 
0.009851446413 2.307011063e+14 1.234907742e+13 532 
0.01136705355 2.299880926e+14 1.100524171e+13 689 
0.01288266069 1.789827238e+14 8.641192315e+12 654 
0.01439826783 1.800531873e+14 7.842262926e+12 773 
0.01591387497 1.630307154e+14 6.802370101e+12 838 
0.01742948211 1.575684934e+14 6.590634769e+12 928 
0.01894508925 1.454535688e+14 5.582623215e+12 1052 
0.0204606964 1.37314578e+14 5.122114478e+12 1106 
0.02197630354 1.259119283e+14 4.574985881e+12 1186 
0.02349191068 1.196333703e+14 4.163291728e+12 1259 
0.02500751782 1.104267892e+14 3.688921921e+12 1342 
0.02652312496 1.013173613e+14 3.332581449e+12 1435 
0.0280387321 9.657098308e+13 2.994363012e+12 1557 
0.02955433924 9.027113265e+13 2.755714922e+12 1590 
0.03106994638 8.518312852e+13 2.536853187e+12 1661 
0.03258555352 8.321465977e+13 2.328212898e+12 1849 
0.03410116066 7.48069985e+13 2.12548848e+12 1819 
0.0356167678 6.915705433e+13 1.938087002e+12 1871 
0.03713237494 6.95417974e+13 1.827437685e+12 2107 
0.03864798208 6.450882232e+13 1.715195988e+12 2089 
0.04016358922 6.025326698e+13 1.545984614e+12 2211 
0.04167919636 5.79362837e+13 1.469248275e+12 2278 
0.0431948035 5.328127767e+13 1.325024697e+12 2359 
0.04471041064 5.111146713e+13 1.238743115e+12 2451 
0.04622601778 4.907178141e+13 1.164616841e+12 2562 
0.04774162492 4.523451626e+13 1.053213939e+12 2620 
0.04925723206 4.333622119e+13 9.960308097e+11 2746 
0.0507728392 3.998801699e+13 9.104284671e+11 2729 
0.05228844634 3.722199734e+13 8.37240171e+11 2787 
0.05380405348 3.592667933e+13 7.972773701e+11 2902 
0.05531966062 3.406304356e+13 7.52171476e+11 2961 
0.05683526776 3.398108463e+13 7.261740109e+11 3189 
0.05835087491 3.054020902e+13 6.491279966e+11 3154 
0.05986648205 2.912197819e+13 6.043238355e+11 3260 
0.06138208919 2.774877782e+13 5.7141959e+11 3333 
0.06289769633 2.582608747e+13 5.333953512e+11 3324 
0.06441330347 2.407931224e+13 4.931049111e+11 3362 
0.06592891061 2.326763148e+13 4.704027242e+11 3464 
0.06744451775 2.067466107e+13 4.177008719e+11 3446 
0.06896012489 2.005015895e+13 3.951753235e+11 3576 
0.07047573203 1.911080241e+13 3.701637141e+11 3691 
0.07199133917 1.741657137e+13 3.392850952e+11 3634 
0.07350694631 1.664025375e+13 3.19231679e+11 3727 
0.07502255345 1.60336557e+13 3.039116232e+11 3852 
0.07653816059 1.503484407e+13 2.841630877e+11 3906 
0.07805376773 1.363882326e+13 2.595419314e+11 3806 
0.07956937487 1.28842407e+13 2.404729349e+11 3904 
0.08108498201 1.211016941e+13 2.244760987e+11 3960 
0.08260058915 1.062638973e+13 1.994693174e+11 3831 
0.08411619629 1.027822494e+13 1.930734198e+11 3889 
0.08563180343 9.365695197e+12 1.726151161e+11 3948 
0.08714741057 8.724607562e+12 1.6311513e+11 3913 
0.08866301771 8.05824326e+12 1.49711181e+11 3932 
0.09017862485 7.446478542e+12 1.380958445e+11 3931 
0.09169423199 6.761039219e+12 1.254876694e+11 3893 
0.09320983913 6.326505483e+12 1.182636884e+11 3871 
0.09472544627 5.680849972e+12 1.058519762e+11 3859 
0.09624105341 5.202767706e+12 9.833788568e+10 3738 
0.09775666056 4.748406981e+12 8.93063476e+10 3754 
0.0992722677 4.506651297e+12 8.45430938e+10 3804 
0.1007878748 3.897698198e+12 7.368196413e+10 3695 
0.102303482 3.537717377e+12 6.728054818e+10 3653 
0.1038190891 3.21052586e+12 6.213729457e+10 3604 
0.1053346963 2.868605768e+12 5.52989462e+10 3596 
0.1068503034 2.602380466e+12 5.099679113e+10 3512 
0.1083659105 2.288606149e+12 4.558509579e+10 3422 
0.1098815177 2.096123287e+12 4.214752468e+10 3385 
0.1113971248 1.933798475e+12 3.87465487e+10 3428 
0.112912732 1.678800852e+12 3.407407872e+10 3332 
0.1144283391 1.471005851e+12 3.03289954e+10 3257 
0.1159439462 1.316263143e+12 2.757667329e+10 3220 
0.1174595534 1.154505079e+12 2.446055824e+10 3132 
0.1189751605 1.028115254e+12 2.218606256e+10 3074 
0.1204907677 9.186869996e+11 1.977695629e+10 3110 
0.1220063748 8.24753104e+11 1.814934455e+10 3020 
0.1235219819 7.026855506e+11 1.586426227e+10 2970 
0.1250375891 5.973067653e+11 1.386616636e+10 2867 
0.1265531962 5.077801039e+11 1.207026531e+10 2736 
0.1280688034 4.596455749e+11 1.105241277e+10 2758 
0.1295844105 3.60856891e+11 9227529382 2476 
0.1311000176 3.395775059e+11 8473506929 2623 
0.1326156248 2.752637766e+11 7183331714 2499 
0.1341312319 2.449006456e+11 6426356224 2502 
0.1356468391 2.144023163e+11 5793830781 2441 
0.1371624462 1.681859743e+11 4717400922 2270 
0.1386780533 1.427388926e+11 4183112485 2173 
0.1401936605 1.228227683e+11 3654226885 2179 
0.1417092676 1.045278425e+11 3151116679 2073 
0.1432248748 9.011519923e+10 2795387875 1980 
0.1447404819 7.722550267e+10 2435741612 1947 
0.146256089 6.795593244e+10 2187310020 1860 
0.1477716962 5.958056668e+10 1858995864 1882 
0.1492873033 5.499925184e+10 1810711419 1786 
0.1508029105 4.721058164e+10 1489585657 1716 
