# Format: McCode with text headers
# URL: http://www.mccode.org
# Creator:  3.8.5, git
# Instrument: eqsans_cylinder.instr
# Ncount: 5000000
# Trace: no
# Gravitation: no
# Seed: 1790195066866380
# Directory: /Users/georgeyumnam/WORK/PANRAID/PaNRAID-results/Group2/panraidproject/dataset_cylinder/cyl_001312
# Param: gx=0
# Param: gy=0
# Param: sample_on=1
# Param: bs_radius=0
# Param: samp_ap=0.01
# Param: sld=5.23426
# Param: sld_solvent=1
# Param: radius=28.1252
# Param: length=972.433
# Param: pd_radius=0.072295
# Param: pd_length=0.072295
# Param: model_scale=1
# Param: model_abs=0
# Date: Wed Sep 23 22:24:44 2026 (1790195084)
# type: array_1d(100)
# Source: EQ_SANS_cylinder (eqsans_cylinder.instr)
# component: qmon
# position: 0 0 22.281
# title: QMonitor - Radially averaged distribution
# Ncount: 5000000
# filename: rdet.dat
# statistics: X0=0.0929111; dX=0.0964979;
# signal: Min=4.94384e+12; Max=5.39256e+14; Mean=9.44775e+13;
# values: 9.44775e+15 2.17422e+14 162496
# xvar: r
# yvar: (I,I_err)
# xlabel: Radius [m]
# ylabel: I(r)
# xlimits: 0 0.5
# variables: r I I_err N
0.0025 5.392558325e+14 1.597482047e+14 17 
0.0075 5.120242534e+14 8.717884805e+13 53 
0.0125 4.729281376e+14 5.896830212e+13 96 
0.0175 5.284700207e+14 5.756264761e+13 124 
0.0225 4.175789252e+14 4.451410288e+13 137 
0.0275 3.814203443e+14 3.533744728e+13 180 
0.0325 3.975244845e+14 3.126904129e+13 231 
0.0375 3.654650682e+14 2.913370762e+13 238 
0.0425 3.493304894e+14 2.476688642e+13 294 
0.0475 3.36565472e+14 2.361661636e+13 316 
0.0525 2.726964921e+14 1.740931202e+13 347 
0.0575 2.715495564e+14 1.660576583e+13 394 
0.0625 2.417152472e+14 1.383106095e+13 423 
0.0675 2.273039907e+14 1.282073342e+13 437 
0.0725 1.852953948e+14 1.058249753e+13 427 
0.0775 2.022310689e+14 1.021866969e+13 517 
0.0825 2.016302653e+14 9.725335419e+12 584 
0.0875 1.709641798e+14 8.424234481e+12 573 
0.0925 1.564953422e+14 7.270596264e+12 610 
0.0975 1.370074209e+14 6.382472354e+12 609 
0.1025 1.522850912e+14 6.512168197e+12 717 
0.1075 1.33075144e+14 5.671215354e+12 712 
0.1125 1.182625054e+14 5.026387769e+12 719 
0.1175 1.193916087e+14 4.85437138e+12 767 
0.1225 1.068936457e+14 4.251104645e+12 807 
0.1275 1.054540716e+14 4.155066792e+12 819 
0.1325 1.008307051e+14 3.881886445e+12 869 
0.1375 9.771214919e+13 3.65952156e+12 907 
0.1425 9.151984625e+13 3.450015658e+12 906 
0.1475 8.584546578e+13 3.155153592e+12 955 
0.1525 9.000797509e+13 3.221577243e+12 1034 
0.1575 7.867327971e+13 2.855211881e+12 985 
0.1625 7.855899608e+13 2.734383912e+12 1056 
0.1675 7.492492277e+13 2.556381915e+12 1111 
0.1725 6.916925609e+13 2.363124031e+12 1112 
0.1775 6.659892004e+13 2.232137982e+12 1165 
0.1825 6.419575131e+13 2.147176936e+12 1169 
0.1875 6.166226972e+13 1.996633145e+12 1220 
0.1925 5.368109875e+13 1.817943192e+12 1153 
0.1975 5.630912104e+13 1.798812153e+12 1273 
0.2025 5.682996596e+13 1.798926723e+12 1331 
0.2075 5.489196186e+13 1.683833313e+12 1388 
0.2125 5.039661713e+13 1.568358661e+12 1380 
0.2175 4.778575948e+13 1.465655071e+12 1412 
0.2225 4.653097034e+13 1.409878751e+12 1451 
0.2275 4.42347598e+13 1.359016188e+12 1440 
0.2325 4.73560628e+13 1.371074406e+12 1634 
0.2375 4.155088358e+13 1.25364805e+12 1520 
0.2425 4.00118776e+13 1.159959288e+12 1598 
0.2475 3.846050398e+13 1.138152049e+12 1601 
0.2525 3.850262351e+13 1.112646791e+12 1728 
0.2575 3.508574394e+13 1.024072146e+12 1658 
0.2625 3.346662749e+13 9.647576117e+11 1712 
0.2675 3.29446375e+13 9.382231003e+11 1751 
0.2725 3.123916513e+13 8.882239616e+11 1778 
0.2775 2.855477278e+13 8.182600757e+11 1753 
0.2825 2.852196288e+13 8.238851783e+11 1792 
0.2875 2.704692288e+13 7.62618083e+11 1861 
0.2925 2.658789764e+13 7.461418092e+11 1883 
0.2975 2.69155358e+13 7.391510753e+11 1973 
0.3025 2.54026666e+13 7.096095207e+11 1948 
0.3075 2.430615157e+13 6.656310207e+11 2035 
0.3125 2.352247684e+13 6.491733335e+11 2038 
0.3175 2.17901952e+13 6.019507037e+11 2045 
0.3225 2.12623528e+13 5.834395258e+11 2081 
0.3275 1.947093259e+13 5.4378047e+11 2065 
0.3325 1.856743892e+13 5.140733791e+11 2106 
0.3375 2.018434351e+13 5.429341169e+11 2286 
0.3425 1.773199992e+13 4.889982708e+11 2162 
0.3475 1.711604514e+13 4.682872414e+11 2289 
0.3525 1.589473578e+13 4.332976125e+11 2271 
0.3575 1.578708754e+13 4.330913331e+11 2300 
0.3625 1.515556793e+13 4.071365061e+11 2407 
0.3675 1.443927123e+13 3.956092139e+11 2372 
0.3725 1.41153705e+13 3.878763128e+11 2415 
0.3775 1.356289866e+13 3.697989288e+11 2469 
0.3825 1.349456122e+13 3.659615504e+11 2522 
0.3875 1.284868997e+13 3.458785697e+11 2531 
0.3925 1.182610896e+13 3.28611194e+11 2516 
0.3975 1.125614698e+13 3.100323762e+11 2598 
0.4025 1.057643235e+13 2.949041425e+11 2544 
0.4075 1.055004082e+13 2.922203139e+11 2624 
0.4125 1.00737693e+13 2.827501059e+11 2598 
0.4175 9.699475003e+12 2.680911502e+11 2726 
0.4225 9.5228856e+12 2.605102235e+11 2778 
0.4275 8.782320609e+12 2.467984827e+11 2677 
0.4325 8.400718221e+12 2.387549381e+11 2780 
0.4375 8.080760441e+12 2.284860564e+11 2807 
0.4425 8.064599904e+12 2.225217908e+11 2905 
0.4475 7.536732076e+12 2.137054889e+11 2899 
0.4525 7.060880907e+12 2.008600393e+11 2946 
0.4575 7.294840697e+12 2.006315312e+11 3115 
0.4625 6.643755557e+12 1.887534452e+11 3038 
0.4675 6.107772431e+12 1.766020597e+11 2992 
0.4725 5.710147757e+12 1.664231789e+11 3003 
0.4775 5.643238422e+12 1.626810713e+11 3097 
0.4825 5.449743027e+12 1.585831369e+11 3101 
0.4875 5.133892937e+12 1.506866129e+11 3169 
0.4925 5.316614732e+12 1.536545365e+11 3258 
0.4975 4.943841652e+12 1.443423623e+11 3276 
