# Format: McCode with text headers
# URL: http://www.mccode.org
# Creator:  3.8.5, git
# Instrument: eqsans_cylinder.instr
# Ncount: 5000000
# Trace: no
# Gravitation: no
# Seed: 1790195406660263
# Directory: /Users/georgeyumnam/WORK/PANRAID/PaNRAID-results/Group2/panraidproject/dataset_cylinder/cyl_001503
# Param: gx=0
# Param: gy=0
# Param: sample_on=1
# Param: bs_radius=0
# Param: samp_ap=0.01
# Param: sld=6.82969
# Param: sld_solvent=1
# Param: radius=32.5027
# Param: length=684.648
# Param: pd_radius=0.058124
# Param: pd_length=0.004895
# Param: model_scale=1
# Param: model_abs=0
# Date: Wed Sep 23 22:30:24 2026 (1790195424)
# type: array_1d(120)
# Source: EQ_SANS_cylinder (eqsans_cylinder.instr)
# component: lambda_det
# position: 0 0 22.28
# title: Wavelength monitor
# Ncount: 5000000
# filename: lambda_det.dat
# statistics: X0=4.31433; dX=1.02284;
# signal: Min=0; Max=1.29439e+11; Mean=2.72073e+10;
# values: 3.26488e+12 1.76607e+10 286988
# xvar: L
# yvar: (I,I_err)
# xlabel: Wavelength [AA]
# ylabel: Intensity
# xlimits: 0 12
# variables: L I I_err N
0.05 0 0 0 
0.15 0 0 0 
0.25 0 0 0 
0.35 0 0 0 
0.45 0 0 0 
0.55 0 0 0 
0.65 0 0 0 
0.75 0 0 0 
0.85 0 0 0 
0.95 0 0 0 
1.05 0 0 0 
1.15 0 0 0 
1.25 0 0 0 
1.35 0 0 0 
1.45 0 0 0 
1.55 0 0 0 
1.65 0 0 0 
1.75 0 0 0 
1.85 0 0 0 
1.95 0 0 0 
2.05 0 0 0 
2.15 0 0 0 
2.25 1043011338 314451932.6 200 
2.35 1261417299 293777248 350 
2.45 3321484556 620244849.5 750 
2.55 4915796088 588016987.5 1200 
2.65 1.462812238e+10 1243198703 2400 
2.75 4.712353244e+10 2029196986 8600 
2.85 8.031068868e+10 2732391049 14050 
2.95 1.173611582e+11 3344983064 18049 
3.05 1.294385654e+11 3346810292 19449 
3.15 1.285212299e+11 3453377020 17449 
3.25 1.210230797e+11 3256400801 15600 
3.35 1.113950576e+11 3096652868 14348 
3.45 1.266813882e+11 3726040840 14300 
3.55 1.10037226e+11 3273002643 12250 
3.65 1.284730022e+11 3641858166 13050 
3.75 1.106243004e+11 3136895548 10699 
3.85 1.071660247e+11 3187774838 9850 
3.95 1.017872845e+11 3152143461 9150 
4.05 1.232158297e+11 3656862819 10049 
4.15 8.687268185e+10 2831798126 7050 
4.25 9.817944485e+10 3149261038 7300 
4.35 7.856808648e+10 2602543375 6099 
4.45 8.230420811e+10 2645023860 6049 
4.55 1.052468216e+11 3255992820 6800 
4.65 1.034070535e+11 3112160773 6500 
4.75 7.128280186e+10 2432766682 4500 
4.85 9.317313686e+10 3043299963 5548 
4.95 8.09223763e+10 2764038088 4649 
5.05 6.617993469e+10 2560130571 3700 
5.15 7.766648959e+10 2854973945 3900 
5.25 7.347504682e+10 2521330678 3850 
5.35 7.566509569e+10 2862244422 3650 
5.45 6.280422582e+10 2453874579 3050 
5.55 5.810286917e+10 2501798450 2700 
5.65 6.272854034e+10 2328231349 3050 
5.75 7.084985524e+10 2523320479 3200 
5.85 6.559705587e+10 2428239160 2750 
5.95 5.873736936e+10 2302765171 2450 
6.05 7.096366261e+10 2888050826 2600 
6.15 3.142055873e+10 1619979300 1350 
6.25 2.842052144e+10 1652504959 1000 
6.35 4.616386132e+10 2153166073 1650 
6.45 2.850918963e+10 1659239331 1100 
6.55 1.650247136e+10 1249696328 600 
6.65 2804379179 495231508.9 100 
6.75 0 0 0 
6.85 0 0 0 
6.95 0 0 0 
7.05 0 0 0 
7.15 0 0 0 
7.25 0 0 0 
7.35 0 0 0 
7.45 0 0 0 
7.55 0 0 0 
7.65 0 0 0 
7.75 0 0 0 
7.85 0 0 0 
7.95 0 0 0 
8.05 0 0 0 
8.15 0 0 0 
8.25 0 0 0 
8.35 0 0 0 
8.45 0 0 0 
8.55 0 0 0 
8.65 0 0 0 
8.75 0 0 0 
8.85 0 0 0 
8.95 0 0 0 
9.05 0 0 0 
9.15 0 0 0 
9.25 0 0 0 
9.35 0 0 0 
9.45 0 0 0 
9.55 0 0 0 
9.65 0 0 0 
9.75 0 0 0 
9.85 0 0 0 
9.95 0 0 0 
10.05 0 0 0 
10.15 0 0 0 
10.25 0 0 0 
10.35 0 0 0 
10.45 0 0 0 
10.55 0 0 0 
10.65 0 0 0 
10.75 0 0 0 
10.85 0 0 0 
10.95 0 0 0 
11.05 0 0 0 
11.15 0 0 0 
11.25 0 0 0 
11.35 0 0 0 
11.45 0 0 0 
11.55 0 0 0 
11.65 0 0 0 
11.75 0 0 0 
11.85 0 0 0 
11.95 0 0 0 
