# Format: McCode with text headers
# URL: http://www.mccode.org
# Creator:  3.8.5, git
# Instrument: eqsans_sans.instr
# Ncount: 10000000
# Trace: no
# Gravitation: no
# Seed: 1790184421748392
# Directory: /Users/georgeyumnam/WORK/PANRAID/PaNRAID-results/Group2/panraidproject/scan_sans_sample/x+12_y-14
# Param: gx=0.012
# Param: gy=-0.014
# Param: sample_on=1
# Param: R_sphere=100
# Param: Phi=0.01
# Param: bs_radius=0
# Param: samp_ap=0.01
# Date: Wed Sep 23 19:27:36 2026 (1790184456)
# type: array_1d(120)
# Source: EQ_SANS_sample (eqsans_sans.instr)
# component: lambda_det
# position: 0 0 22.28
# title: Wavelength monitor
# Ncount: 10000000
# filename: lambda_det.dat
# statistics: X0=4.39669; dX=0.980433;
# signal: Min=0; Max=5913.01; Mean=1010.75;
# values: 121290 8780.89 3176
# xvar: L
# yvar: (I,I_err)
# xlabel: Wavelength [AA]
# ylabel: Intensity
# xlimits: 0 12
# variables: L I I_err N
0.05 0 0 0 
0.15 0 0 0 
0.25 0 0 0 
0.35 0 0 0 
0.45 0 0 0 
0.55 0 0 0 
0.65 0 0 0 
0.75 0 0 0 
0.85 0 0 0 
0.95 0 0 0 
1.05 0 0 0 
1.15 0 0 0 
1.25 0 0 0 
1.35 0 0 0 
1.45 0 0 0 
1.55 0 0 0 
1.65 0 0 0 
1.75 0 0 0 
1.85 0 0 0 
1.95 0 0 0 
2.05 0 0 0 
2.15 0 0 0 
2.25 5.313343157 6.49102955 2 
2.35 0.03989308893 0.03989308893 1 
2.45 0.5402276076 0.3332731572 6 
2.55 12.00544691 6.574155541 13 
2.65 70.74517979 64.04718604 17 
2.75 510.9396023 396.9819554 56 
2.85 924.79376 560.75065 130 
2.95 5212.661011 2068.200409 199 
3.05 4941.862533 2146.848671 186 
3.15 3992.640429 1423.830486 182 
3.25 2558.37197 1024.216415 178 
3.35 3788.462401 1436.567689 166 
3.45 4661.387822 1791.874413 139 
3.55 3918.913831 1768.489688 143 
3.65 4583.447227 1616.392567 145 
3.75 5496.100231 1690.121502 134 
3.85 2853.271047 1351.08778 112 
3.95 2647.47169 1159.747871 109 
4.05 4623.351332 1678.169263 97 
4.15 4848.722595 1672.307616 92 
4.25 5913.013591 2158.695805 80 
4.35 4687.019339 1594.115412 72 
4.45 3121.827598 1295.891336 69 
4.55 2286.026153 1308.642744 70 
4.65 2522.25493 1346.937697 64 
4.75 5445.918886 2168.441241 67 
4.85 4954.633915 1990.888785 63 
4.95 3533.055811 1451.967498 71 
5.05 4062.710707 1720.780139 62 
5.15 3043.129661 1307.722289 46 
5.25 2506.826991 1213.831385 43 
5.35 3361.900539 1220.674637 42 
5.45 1716.282366 1034.202187 32 
5.55 1532.147914 984.1685292 42 
5.65 1387.193927 817.3090826 26 
5.75 546.4305704 344.1189107 28 
5.85 2210.123701 836.470386 37 
5.95 1971.58007 1095.519863 22 
6.05 3558.653262 1724.970619 29 
6.15 2228.095352 1391.408602 25 
6.25 510.700274 474.778901 21 
6.35 1972.547456 982.6713634 21 
6.45 1827.707799 997.8926224 20 
6.55 682.2774294 666.5756687 13 
6.65 56.59839179 57.79034426 4 
6.75 0 0 0 
6.85 0 0 0 
6.95 0 0 0 
7.05 0 0 0 
7.15 0 0 0 
7.25 0 0 0 
7.35 0 0 0 
7.45 0 0 0 
7.55 0 0 0 
7.65 0 0 0 
7.75 0 0 0 
7.85 0 0 0 
7.95 0 0 0 
8.05 0 0 0 
8.15 0 0 0 
8.25 0 0 0 
8.35 0 0 0 
8.45 0 0 0 
8.55 0 0 0 
8.65 0 0 0 
8.75 0 0 0 
8.85 0 0 0 
8.95 0 0 0 
9.05 0 0 0 
9.15 0 0 0 
9.25 0 0 0 
9.35 0 0 0 
9.45 0 0 0 
9.55 0 0 0 
9.65 0 0 0 
9.75 0 0 0 
9.85 0 0 0 
9.95 0 0 0 
10.05 0 0 0 
10.15 0 0 0 
10.25 0 0 0 
10.35 0 0 0 
10.45 0 0 0 
10.55 0 0 0 
10.65 0 0 0 
10.75 0 0 0 
10.85 0 0 0 
10.95 0 0 0 
11.05 0 0 0 
11.15 0 0 0 
11.25 0 0 0 
11.35 0 0 0 
11.45 0 0 0 
11.55 0 0 0 
11.65 0 0 0 
11.75 0 0 0 
11.85 0 0 0 
11.95 0 0 0 
