# Format: McCode with text headers
# URL: http://www.mccode.org
# Creator:  3.8.5, git
# Instrument: eqsans_cylinder.instr
# Ncount: 5000000
# Trace: no
# Gravitation: no
# Seed: 1790194007275495
# Directory: /Users/georgeyumnam/WORK/PANRAID/PaNRAID-results/Group2/panraidproject/dataset_cylinder/cyl_000728
# Param: gx=0
# Param: gy=0
# Param: sample_on=1
# Param: bs_radius=0
# Param: samp_ap=0.01
# Param: sld=6.68008
# Param: sld_solvent=1
# Param: radius=141.597
# Param: length=801.812
# Param: pd_radius=0.2288
# Param: pd_length=0.130494
# Param: model_scale=1
# Param: model_abs=0
# Date: Wed Sep 23 22:07:05 2026 (1790194025)
# type: array_1d(120)
# Source: EQ_SANS_cylinder (eqsans_cylinder.instr)
# component: lambda_det
# position: 0 0 22.28
# title: Wavelength monitor
# Ncount: 5000000
# filename: lambda_det.dat
# statistics: X0=4.3952; dX=1.05561;
# signal: Min=0; Max=1.2879e+13; Mean=2.58974e+12;
# values: 3.10768e+14 7.79963e+12 287142
# xvar: L
# yvar: (I,I_err)
# xlabel: Wavelength [AA]
# ylabel: Intensity
# xlimits: 0 12
# variables: L I I_err N
0.05 0 0 0 
0.15 0 0 0 
0.25 0 0 0 
0.35 0 0 0 
0.45 0 0 0 
0.55 0 0 0 
0.65 0 0 0 
0.75 0 0 0 
0.85 0 0 0 
0.95 0 0 0 
1.05 0 0 0 
1.15 0 0 0 
1.25 0 0 0 
1.35 0 0 0 
1.45 0 0 0 
1.55 0 0 0 
1.65 0 0 0 
1.75 0 0 0 
1.85 0 0 0 
1.95 0 0 0 
2.05 0 0 0 
2.15 0 0 0 
2.25 8518303595 7046008833 50 
2.35 1.144353717e+11 5.243515537e+10 350 
2.45 5.751384167e+11 3.318689461e+11 400 
2.55 6.512900528e+11 2.510698988e+11 1200 
2.65 1.989985632e+12 7.708608013e+11 2850 
2.75 2.974634293e+12 6.175638341e+11 7600 
2.85 6.524653158e+12 8.653521368e+11 13900 
2.95 1.080561364e+13 1.250093171e+12 19099 
3.05 8.763976024e+12 1.211208667e+12 16550 
3.15 1.088323669e+13 1.11203611e+12 16748 
3.25 1.193441681e+13 1.725046747e+12 14449 
3.35 1.287899853e+13 1.470305123e+12 14400 
3.45 1.211237438e+13 2.031588097e+12 14950 
3.55 1.029843954e+13 1.387994988e+12 12549 
3.65 8.968433323e+12 1.244043556e+12 13099 
3.75 9.470447357e+12 1.039991014e+12 10400 
3.85 1.102478437e+13 1.645520203e+12 10300 
3.95 1.013534386e+13 1.277332733e+12 9600 
4.05 8.888043332e+12 1.175975613e+12 8500 
4.15 9.218793855e+12 1.265229736e+12 7200 
4.25 1.196254493e+13 1.530331973e+12 8850 
4.35 9.562708843e+12 1.232236521e+12 7350 
4.45 1.004508764e+13 1.437654173e+12 6750 
4.55 8.364379696e+12 1.144719877e+12 6250 
4.65 9.052105191e+12 1.236494369e+12 5750 
4.75 5.103974365e+12 8.670114021e+11 4300 
4.85 5.728792509e+12 1.108780912e+12 4800 
4.95 7.123508513e+12 1.242760719e+12 4600 
5.05 5.756654465e+12 8.068957014e+11 4550 
5.15 7.595827116e+12 1.253164402e+12 4100 
5.25 6.56794929e+12 8.522300952e+11 3500 
5.35 7.663751956e+12 1.436714863e+12 4000 
5.45 4.310486738e+12 7.300448685e+11 2650 
5.55 8.339444253e+12 2.028018195e+12 3150 
5.65 6.049915392e+12 1.362085746e+12 3050 
5.75 5.354014993e+12 1.043232944e+12 2350 
5.85 8.005966502e+12 1.355162324e+12 2650 
5.95 6.957938681e+12 1.195055909e+12 3098 
6.05 7.844256489e+12 1.379327547e+12 2750 
6.15 4.670717754e+12 8.273430408e+11 1800 
6.25 5.469630361e+12 9.028327718e+11 2250 
6.35 5.38854721e+12 1.030634443e+12 1850 
6.45 4.208101989e+12 9.055560315e+11 1700 
6.55 7.180905407e+11 1.441984519e+11 600 
6.65 7.023341181e+11 2.696755574e+11 250 
6.75 0 0 0 
6.85 0 0 0 
6.95 0 0 0 
7.05 0 0 0 
7.15 0 0 0 
7.25 0 0 0 
7.35 0 0 0 
7.45 0 0 0 
7.55 0 0 0 
7.65 0 0 0 
7.75 0 0 0 
7.85 0 0 0 
7.95 0 0 0 
8.05 0 0 0 
8.15 0 0 0 
8.25 0 0 0 
8.35 0 0 0 
8.45 0 0 0 
8.55 0 0 0 
8.65 0 0 0 
8.75 0 0 0 
8.85 0 0 0 
8.95 0 0 0 
9.05 0 0 0 
9.15 0 0 0 
9.25 0 0 0 
9.35 0 0 0 
9.45 0 0 0 
9.55 0 0 0 
9.65 0 0 0 
9.75 0 0 0 
9.85 0 0 0 
9.95 0 0 0 
10.05 0 0 0 
10.15 0 0 0 
10.25 0 0 0 
10.35 0 0 0 
10.45 0 0 0 
10.55 0 0 0 
10.65 0 0 0 
10.75 0 0 0 
10.85 0 0 0 
10.95 0 0 0 
11.05 0 0 0 
11.15 0 0 0 
11.25 0 0 0 
11.35 0 0 0 
11.45 0 0 0 
11.55 0 0 0 
11.65 0 0 0 
11.75 0 0 0 
11.85 0 0 0 
11.95 0 0 0 
