# Format: McCode with text headers
# URL: http://www.mccode.org
# Creator:  3.8.5, git
# Instrument: eqsans_sans.instr
# Ncount: 10000000
# Trace: no
# Gravitation: no
# Seed: 1790183607649588
# Directory: /Users/georgeyumnam/WORK/PANRAID/PaNRAID-results/Group2/panraidproject/scan_sans_sample/x+06_y-04
# Param: gx=0.006
# Param: gy=-0.004
# Param: sample_on=1
# Param: R_sphere=100
# Param: Phi=0.01
# Param: bs_radius=0
# Param: samp_ap=0.01
# Date: Wed Sep 23 19:14:02 2026 (1790183642)
# type: array_1d(100)
# Source: EQ_SANS_sample (eqsans_sans.instr)
# component: qmon
# position: 0 0 22.281
# title: QMonitor - Distribution in q (Radially averaged)
# Ncount: 10000000
# filename: qdet.dat
# statistics: X0=0.0115714; dX=0.0102423;
# signal: Min=6594.51; Max=1.0376e+09; Mean=4.90526e+07;
# values: 4.90526e+09 8.68782e+08 6071
# xvar: q
# yvar: (I,I_err)
# xlabel: q [1 / AA]
# ylabel: I(q)
# xlimits: 0 0.151561
# variables: q I I_err N
0.0007578035702 1037597241 886651574.6 2 
0.002273410711 188013069.4 109342978.9 3 
0.003789017851 148295433.4 90320116.5 3 
0.005304624991 350183652 120495214.5 9 
0.006820232132 277125830.2 124560212.1 7 
0.008335839272 393731543.1 104134407.4 19 
0.009851446413 180920337.1 64179684.17 10 
0.01136705355 311555216.2 74800451.44 21 
0.01288266069 268069600 74301596.52 18 
0.01439826783 244290711.5 72555673.05 15 
0.01591387497 217715831.2 54511177.39 21 
0.01742948211 160100773.4 46402478.93 20 
0.01894508925 189102988.1 48120583.43 24 
0.0204606964 178639214.7 41035789.62 30 
0.02197630354 149716450.2 36893860.74 30 
0.02349191068 68058912.63 14888041.32 28 
0.02500751782 90028379.71 21640333.84 27 
0.02652312496 107391238.3 27282519.19 36 
0.0280387321 65326024.77 14411779.31 37 
0.02955433924 68549111.8 12883752.21 47 
0.03106994638 39556470.53 8516696.074 43 
0.03258555352 44581659.55 10756498.15 50 
0.03410116066 31373874.67 8997433.617 47 
0.0356167678 16933005.95 4289428.618 39 
0.03713237494 11447396.61 4925891.81 34 
0.03864798208 14922702.55 5687798.423 61 
0.04016358922 5687117.081 1523819.078 56 
0.04167919636 1770075.737 600369.6407 39 
0.0431948035 3304612.63 1049776.131 63 
0.04471041064 3242401.099 1218379.565 61 
0.04622601778 3851860.977 1353191.096 56 
0.04774162492 2325902.792 616866.6158 58 
0.04925723206 1957671.298 330020.7046 74 
0.0507728392 2173081.011 472091.3673 69 
0.05228844634 1985865.131 279186.5657 84 
0.05380405348 1656079.405 247584.8579 76 
0.05531966062 1927228.76 264719.4589 77 
0.05683526776 1890571.055 296044.092 66 
0.05835087491 1777614.104 256739.8967 67 
0.05986648205 2653438.431 314677.9394 97 
0.06138208919 2198670.185 301210.6399 81 
0.06289769633 1464216.93 224638.3294 58 
0.06441330347 1373625.559 192322.5229 77 
0.06592891061 1403940.589 201101.2631 92 
0.06744451775 946999.2726 140509.629 84 
0.06896012489 1112218.069 184055.1545 92 
0.07047573203 580508.8366 109229.055 79 
0.07199133917 601578.66 100355.7648 100 
0.07350694631 429585.6422 102096.2209 84 
0.07502255345 305110.4374 59054.90534 90 
0.07653816059 222175.3279 45743.07674 73 
0.07805376773 171385.6864 31620.33193 98 
0.07956937487 180108.5462 32249.03054 88 
0.08108498201 206432.1731 30641.5026 88 
0.08260058915 204211.4397 32670.03674 87 
0.08411619629 187033.5118 26368.7631 85 
0.08563180343 252572.9503 33599.21023 82 
0.08714741057 271829.6344 36078.1806 81 
0.08866301771 316971.6941 37758.27451 98 
0.09017862485 304134.0809 37318.6444 89 
0.09169423199 344674.7968 38988.46889 104 
0.09320983913 288165.7143 34136.99432 94 
0.09472544627 306536.875 35323.87825 104 
0.09624105341 260645.1774 33365.26096 91 
0.09775666056 177502.9624 27888.29512 79 
0.0992722677 181694.052 23387.96639 99 
0.1007878748 143218.798 20917.04648 87 
0.102303482 92967.02243 17155.41279 76 
0.1038190891 150715.4186 23835.93536 98 
0.1053346963 70049.00123 12962.35932 79 
0.1068503034 53850.51338 10568.48293 67 
0.1083659105 44369.44355 9298.071262 85 
0.1098815177 68569.20067 11716.75365 103 
0.1113971248 38905.25286 6309.91436 75 
0.112912732 45384.60091 7714.964233 67 
0.1144283391 49928.04015 7338.273077 79 
0.1159439462 46625.27325 7054.429844 73 
0.1174595534 54219.5784 8071.370899 66 
0.1189751605 73269.69254 9260.619207 86 
0.1204907677 55084.66395 7998.370172 60 
0.1220063748 58482.93009 7861.605236 73 
0.1235219819 67981.61074 8673.160425 79 
0.1250375891 59222.20062 8169.621013 73 
0.1265531962 61541.68591 8162.29643 79 
0.1280688034 46925.84785 6932.746109 72 
0.1295844105 51638.36342 7091.047869 78 
0.1311000176 35774.1796 6093.58924 58 
0.1326156248 33113.84602 5691.984872 56 
0.1341312319 22365.77558 4386.707413 46 
0.1356468391 16336.09326 3490.074614 42 
0.1371624462 19068.98627 3902.562993 48 
0.1386780533 12943.42006 2777.985554 57 
0.1401936605 8769.064606 2133.029691 44 
0.1417092676 7845.341485 1846.27125 38 
0.1432248748 6633.532932 1589.74853 38 
0.1447404819 6594.510782 1454.191759 35 
0.146256089 7074.45327 1711.006622 36 
0.1477716962 8298.105538 1857.149916 31 
0.1492873033 11880.97515 2073.372188 46 
0.1508029105 9897.221347 1997.748565 40 
