# Format: McCode with text headers
# URL: http://www.mccode.org
# Creator:  3.8.5, git
# Instrument: eqsans_sans.instr
# Ncount: 10000000
# Trace: no
# Gravitation: no
# Seed: 1790183852265326
# Directory: /Users/georgeyumnam/WORK/PANRAID/PaNRAID-results/Group2/panraidproject/scan_sans_sample/x+08_y-16
# Param: gx=0.008
# Param: gy=-0.016
# Param: sample_on=1
# Param: R_sphere=100
# Param: Phi=0.01
# Param: bs_radius=0
# Param: samp_ap=0.01
# Date: Wed Sep 23 19:18:06 2026 (1790183886)
# type: array_1d(100)
# Source: EQ_SANS_sample (eqsans_sans.instr)
# component: qmon
# position: 0 0 22.281
# title: QMonitor - Distribution in q (Radially averaged)
# Ncount: 10000000
# filename: qdet.dat
# statistics: X0=0.0107305; dX=0.010122;
# signal: Min=3762.75; Max=4.07526e+08; Mean=2.44654e+07;
# values: 2.44654e+09 4.36418e+08 3023
# xvar: q
# yvar: (I,I_err)
# xlabel: q [1 / AA]
# ylabel: I(q)
# xlimits: 0 0.151561
# variables: q I I_err N
0.0007578035702 407526162.2 299976336 2 
0.002273410711 340529602.9 260876142.8 2 
0.003789017851 154053780.5 78487048.73 4 
0.005304624991 136263459.4 84895736.73 3 
0.006820232132 124381726.4 93257051.7 3 
0.008335839272 127170181.2 65265452.51 5 
0.009851446413 143785142.9 70136997.48 6 
0.01136705355 77996140.88 42565401.44 5 
0.01288266069 135699831.9 51603068.7 9 
0.01439826783 73273225.58 33868583.43 7 
0.01591387497 114617306.1 39267879.41 12 
0.01742948211 78638513.05 32546260.18 9 
0.01894508925 118967756.5 38620912.44 12 
0.0204606964 73158679.16 29179830.12 12 
0.02197630354 40181753.67 16926580.8 11 
0.02349191068 50897749.6 17103363.68 17 
0.02500751782 50872189.29 17828598.47 16 
0.02652312496 70511622.79 18595233.01 26 
0.0280387321 28826372.63 10551624.8 17 
0.02955433924 19641199.89 8030498.725 16 
0.03106994638 9583879.99 4054256.17 10 
0.03258555352 17267243.07 6774638.652 25 
0.03410116066 7923804.362 2492194.287 18 
0.0356167678 8381204.125 2739753.269 25 
0.03713237494 7219367.216 2562794.489 25 
0.03864798208 3034044.213 1105106.675 29 
0.04016358922 1635689.752 866836.6351 20 
0.04167919636 3750206.123 2529723.34 27 
0.0431948035 1141659.57 507994.7469 18 
0.04471041064 2228215.871 760083.791 47 
0.04622601778 551319.0309 174242.8031 22 
0.04774162492 1432083.231 430676.7692 45 
0.04925723206 536883.0264 148911.6102 26 
0.0507728392 985351.4803 194149.8104 41 
0.05228844634 807058.9191 302419.8974 30 
0.05380405348 900529.5547 177596.7678 44 
0.05531966062 1246530.345 246964.219 38 
0.05683526776 1010853.732 207313.4074 34 
0.05835087491 989076.6366 189132.7398 37 
0.05986648205 1105251.889 220919.0208 39 
0.06138208919 734001.0528 156541.5717 32 
0.06289769633 906715.4548 183507.4667 41 
0.06441330347 849149.6674 186066.6708 35 
0.06592891061 753590.1824 145047.4511 42 
0.06744451775 477852.2365 112990.9879 40 
0.06896012489 405248.1715 85255.60719 46 
0.07047573203 499041.6346 115732.6137 44 
0.07199133917 260773.0142 65856.72241 47 
0.07350694631 197909.1598 50418.72345 50 
0.07502255345 105585.9753 27604.66416 43 
0.07653816059 124684.4594 43025.48172 49 
0.07805376773 73460.71998 16390.21634 46 
0.07956937487 81577.4919 19967.28246 37 
0.08108498201 114344.0248 25112.71326 41 
0.08260058915 151821.9466 28988.29902 52 
0.08411619629 97853.27584 18914.82263 43 
0.08563180343 91489.53021 19549.68477 31 
0.08714741057 143610.9135 25260.96316 51 
0.08866301771 126389.2196 22629.16147 40 
0.09017862485 154650.7345 25581.81332 49 
0.09169423199 139825.8168 24365.22102 41 
0.09320983913 119931.3475 24459.4559 34 
0.09472544627 108343.7531 22421.91913 35 
0.09624105341 105467.299 21000.39374 43 
0.09775666056 107587.7572 20567.76276 42 
0.0992722677 132654.2854 22591.90447 51 
0.1007878748 95789.24433 17478.68918 54 
0.102303482 55989.53321 13700.38984 37 
0.1038190891 43367.73302 10116.329 50 
0.1053346963 48174.78511 10697.38293 57 
0.1068503034 28819.45702 6653.436653 41 
0.1083659105 19095.78351 5255.607971 38 
0.1098815177 23576.99354 6302.056221 40 
0.1113971248 23734.31164 5048.609603 44 
0.112912732 24102.6009 5011.125024 39 
0.1144283391 14404.17201 3486.900599 34 
0.1159439462 27360.18167 5985.057099 35 
0.1174595534 21824.61456 4615.97785 35 
0.1189751605 23378.23786 5088.658878 29 
0.1204907677 27509.83144 5616.751934 37 
0.1220063748 35000.68042 6491.471774 39 
0.1235219819 31630.26713 6621.014155 33 
0.1250375891 34400.33311 6573.526766 37 
0.1265531962 20453.49327 4903.872342 32 
0.1280688034 28414.18951 5531.471836 37 
0.1295844105 25577.22275 5514.150288 33 
0.1311000176 17379.22507 4270.731191 31 
0.1326156248 14109.13398 3221.419671 33 
0.1341312319 9604.71826 2692.861708 23 
0.1356468391 6051.260979 2289.499778 23 
0.1371624462 10182.85625 3120.743056 31 
0.1386780533 5518.807579 1849.510692 23 
0.1401936605 6298.873103 1917.053681 26 
0.1417092676 5528.296719 1663.144138 19 
0.1432248748 3762.745875 1127.184673 21 
0.1447404819 4329.70032 1313.128594 15 
0.146256089 5661.670863 1570.53603 26 
0.1477716962 4692.416271 1319.589867 20 
0.1492873033 7623.05566 1762.015519 31 
0.1508029105 4747.444752 1252.441484 21 
