# Format: McCode with text headers
# URL: http://www.mccode.org
# Creator:  3.8.5, git
# Instrument: eqsans_sans.instr
# Ncount: 10000000
# Trace: no
# Gravitation: no
# Seed: 1790184273125091
# Directory: /Users/georgeyumnam/WORK/PANRAID/PaNRAID-results/Group2/panraidproject/scan_sans_sample/x+11_y-17
# Param: gx=0.011
# Param: gy=-0.017
# Param: sample_on=1
# Param: R_sphere=100
# Param: Phi=0.01
# Param: bs_radius=0
# Param: samp_ap=0.01
# Date: Wed Sep 23 19:25:07 2026 (1790184307)
# type: array_1d(100)
# Source: EQ_SANS_sample (eqsans_sans.instr)
# component: qmon
# position: 0 0 22.281
# title: QMonitor - Radially averaged distribution
# Ncount: 10000000
# filename: rdet.dat
# statistics: X0=0.0776955; dX=0.0524143;
# signal: Min=0; Max=7.76857e+07; Mean=6.42809e+06;
# values: 6.42809e+08 7.63958e+07 1577
# xvar: r
# yvar: (I,I_err)
# xlabel: Radius [m]
# ylabel: I(r)
# xlimits: 0 0.5
# variables: r I I_err N
0.0025 0 0 0 
0.0075 0 0 0 
0.0125 0 0 0 
0.0175 0 0 0 
0.0225 55600147.48 38684282.81 3 
0.0275 54209161.79 31707302.12 3 
0.0325 41425184.07 25120066.4 3 
0.0375 31646294.3 22465486.47 2 
0.0425 36314047.32 22706801.21 3 
0.0475 10146135.75 10146135.75 1 
0.0525 5077441.001 5077441.001 1 
0.0575 33404142.17 15352010.42 5 
0.0625 30849924.62 15734698.67 5 
0.0675 77685702.17 23729572.75 13 
0.0725 26302579.43 11997318.47 5 
0.0775 8053279.271 5762701.528 2 
0.0825 24356660.32 10785802.13 6 
0.0875 4007752.907 4007752.907 1 
0.0925 10627420.59 6114626.398 4 
0.0975 15908792.2 7343707.511 6 
0.1025 5182917.646 2805948.094 4 
0.1075 26565813.73 9311961.744 9 
0.1125 9338760.392 5518107.105 6 
0.1175 17336384.68 6538058.327 8 
0.1225 6194915.842 3117660.916 6 
0.1275 24161944.43 7934932.363 15 
0.1325 12192231.95 5410401.014 9 
0.1375 10371278.71 5284966.618 6 
0.1425 4795267.752 3071759.018 5 
0.1475 3220108.059 1804228.221 6 
0.1525 7033658.972 2941268.884 11 
0.1575 6767886.489 3444583.08 6 
0.1625 4332266.038 1776710.312 13 
0.1675 3127316.076 1868033.206 11 
0.1725 2300610.882 1099740.415 8 
0.1775 5434926.616 2272536.884 12 
0.1825 3975384.566 1938690.266 10 
0.1875 4335489.319 1934885.314 10 
0.1925 1814387.338 967763.4899 15 
0.1975 2490945.676 1326515.055 14 
0.2025 1007310.067 591030.4222 9 
0.2075 1054247.483 897661.5271 6 
0.2125 386924.2601 162931.0637 15 
0.2175 588337.6726 252062.97 15 
0.2225 2231654.696 977759.2415 15 
0.2275 1778918.769 844513.3775 16 
0.2325 828290.8327 473860.8415 15 
0.2375 539980.5588 383850.6319 11 
0.2425 1092774.843 700914.2346 12 
0.2475 849772.2917 499382.9989 20 
0.2525 190529.9463 97174.20281 14 
0.2575 605754.3482 377541.5572 14 
0.2625 251943.7058 91813.33663 14 
0.2675 425654.5309 169418.5883 30 
0.2725 289005.4635 88888.69737 23 
0.2775 301827.1058 173943.0084 17 
0.2825 117171.8329 39173.88916 15 
0.2875 292059.7232 80090.08945 21 
0.2925 160287.2981 98926.07659 12 
0.2975 88032.80364 32292.57652 15 
0.3025 197222.1583 68131.38431 23 
0.3075 217148.5293 62604.74526 28 
0.3125 147513.519 40299.06336 21 
0.3175 150332.3469 54017.70805 17 
0.3225 149632.9435 71955.22837 15 
0.3275 57708.96143 24017.78036 13 
0.3325 154010.578 43008.76496 29 
0.3375 80080.43528 25552.5904 20 
0.3425 121186.8704 52109.74195 21 
0.3475 90259.25009 30006.02133 19 
0.3525 58692.0445 20153.57247 22 
0.3575 109414.6505 32494.49595 23 
0.3625 105678.3794 31522.33994 31 
0.3675 92428.00295 25682.61368 31 
0.3725 84465.71993 26034.52716 25 
0.3775 51900.75417 22004.12086 18 
0.3825 103047.2813 25332.12097 31 
0.3875 59320.65111 19987.21509 14 
0.3925 72396.37418 25287.28091 18 
0.3975 47628.29537 16136.09024 19 
0.4025 59745.85481 19426.88999 24 
0.4075 141519.1895 32092.92045 44 
0.4125 54515.98212 19756.19663 24 
0.4175 27227.97483 11340.84926 18 
0.4225 55577.00103 16186.87974 31 
0.4275 95551.56575 26286.63348 38 
0.4325 65727.48949 22165.21193 35 
0.4375 33312.25052 13589.20568 27 
0.4425 57394.70731 19574.30495 26 
0.4475 39010.57471 14099.48406 28 
0.4525 29970.49402 10159.05561 28 
0.4575 19435.1408 6801.15762 19 
0.4625 23835.47118 8702.350504 24 
0.4675 41863.62813 14856.71109 23 
0.4725 35874.52454 14085.25294 32 
0.4775 51937.88874 15339.92597 39 
0.4825 26245.08826 9016.58247 33 
0.4875 42769.63142 13355.21013 28 
0.4925 40208.10947 14338.5838 30 
0.4975 49808.38057 15764.99676 32 
