# Format: McCode with text headers
# URL: http://www.mccode.org
# Creator:  3.8.5, git
# Instrument: eqsans_1_fixed.instr
# Ncount: 1000000
# Trace: no
# Gravitation: no
# Seed: 1790169860160230
# Directory: /Users/georgeyumnam/WORK/PANRAID/PaNRAID-results/Group2/panraidproject/scan_guide_xy/x+04_y+14
# Param: gx=0.004
# Param: gy=0.014
# Date: Wed Sep 23 15:24:23 2026 (1790169863)
# type: array_1d(120)
# Source: EQ_SANS (eqsans_1_fixed.instr)
# component: lambda_det
# position: 0 0 22.28
# title: Wavelength monitor
# Ncount: 1000000
# filename: lambda_det.dat
# statistics: X0=4.04253; dX=0.97315;
# signal: Min=0; Max=3.14186e+06; Mean=466382;
# values: 5.59659e+07 568144 19397
# xvar: L
# yvar: (I,I_err)
# xlabel: Wavelength [AA]
# ylabel: Intensity
# xlimits: 0 12
# variables: L I I_err N
0.05 0 0 0 
0.15 0 0 0 
0.25 0 0 0 
0.35 0 0 0 
0.45 0 0 0 
0.55 0 0 0 
0.65 0 0 0 
0.75 0 0 0 
0.85 0 0 0 
0.95 0 0 0 
1.05 0 0 0 
1.15 0 0 0 
1.25 0 0 0 
1.35 0 0 0 
1.45 0 0 0 
1.55 0 0 0 
1.65 0 0 0 
1.75 0 0 0 
1.85 0 0 0 
1.95 0 0 0 
2.05 0 0 0 
2.15 5428.911779 5428.911779 1 
2.25 6316.532646 5492.538085 2 
2.35 26310.62633 11603.46597 13 
2.45 52260.32817 17307.98945 20 
2.55 195627.9922 34681.15391 63 
2.65 365169.6545 47613.91315 133 
2.75 1104502.606 79385.19051 422 
2.85 2239826.849 116421.1998 822 
2.95 3141863.658 137899.184 1077 
3.05 3045819.747 134279.0421 1079 
3.15 2941275.751 132127.7215 1028 
3.25 2725647.336 127948.8458 968 
3.35 2539599.951 122326.9864 902 
3.45 2303936.867 115360.069 834 
3.55 2449987.583 119798.3066 838 
3.65 2238585.394 113181.3192 790 
3.75 1997371.501 105732.8404 702 
3.85 2110517.255 109222.0915 718 
3.95 1822585.954 101698.8234 623 
4.05 1988933.093 107862.4388 620 
4.15 1647227.664 97203.91567 546 
4.25 1607403.547 94653.47655 547 
4.35 1484005.23 89641.38891 531 
4.45 1461070.17 90944.40417 500 
4.55 1297181.881 86675.9334 438 
4.65 1202325.492 82307.08795 441 
4.75 1024104.599 74316.04855 364 
4.85 1186170.13 80961.2699 410 
4.95 1108042.252 78826.09202 385 
5.05 1059609.253 77729.88891 371 
5.15 905300.4786 71919.30673 302 
5.25 998779.0761 76452.44546 325 
5.35 901029.0771 70846.6981 299 
5.45 888214.116 71603.63356 284 
5.55 683477.1358 63618.36224 258 
5.65 687103.9477 62476.18708 231 
5.75 689361.0092 64004.35887 228 
5.85 706183.552 61722.18513 230 
5.95 623228.4161 58681.70588 206 
6.05 563782.4495 56510.01995 194 
6.15 478893.6185 52061.90303 174 
6.25 603471.0047 58977.29121 177 
6.35 337036.0232 43810.73295 126 
6.45 361478.2815 44551.91956 114 
6.55 148669.9362 28208.30359 53 
6.65 11146.64711 6510.368291 8 
6.75 0 0 0 
6.85 0 0 0 
6.95 0 0 0 
7.05 0 0 0 
7.15 0 0 0 
7.25 0 0 0 
7.35 0 0 0 
7.45 0 0 0 
7.55 0 0 0 
7.65 0 0 0 
7.75 0 0 0 
7.85 0 0 0 
7.95 0 0 0 
8.05 0 0 0 
8.15 0 0 0 
8.25 0 0 0 
8.35 0 0 0 
8.45 0 0 0 
8.55 0 0 0 
8.65 0 0 0 
8.75 0 0 0 
8.85 0 0 0 
8.95 0 0 0 
9.05 0 0 0 
9.15 0 0 0 
9.25 0 0 0 
9.35 0 0 0 
9.45 0 0 0 
9.55 0 0 0 
9.65 0 0 0 
9.75 0 0 0 
9.85 0 0 0 
9.95 0 0 0 
10.05 0 0 0 
10.15 0 0 0 
10.25 0 0 0 
10.35 0 0 0 
10.45 0 0 0 
10.55 0 0 0 
10.65 0 0 0 
10.75 0 0 0 
10.85 0 0 0 
10.95 0 0 0 
11.05 0 0 0 
11.15 0 0 0 
11.25 0 0 0 
11.35 0 0 0 
11.45 0 0 0 
11.55 0 0 0 
11.65 0 0 0 
11.75 0 0 0 
11.85 0 0 0 
11.95 0 0 0 
