# Format: McCode with text headers
# URL: http://www.mccode.org
# Creator:  3.8.5, git
# Instrument: eqsans_sans.instr
# Ncount: 10000000
# Trace: no
# Gravitation: no
# Seed: 1790184035172366
# Directory: /Users/georgeyumnam/WORK/PANRAID/PaNRAID-results/Group2/panraidproject/scan_sans_sample/x+09_y-01
# Param: gx=0.009
# Param: gy=-0.001
# Param: sample_on=1
# Param: R_sphere=100
# Param: Phi=0.01
# Param: bs_radius=0
# Param: samp_ap=0.01
# Date: Wed Sep 23 19:21:10 2026 (1790184070)
# type: array_1d(120)
# Source: EQ_SANS_sample (eqsans_sans.instr)
# component: lambda_det
# position: 0 0 22.28
# title: Wavelength monitor
# Ncount: 10000000
# filename: lambda_det.dat
# statistics: X0=4.38692; dX=1.04259;
# signal: Min=0; Max=11938.1; Mean=1839.07;
# values: 220689 11624.4 6955
# xvar: L
# yvar: (I,I_err)
# xlabel: Wavelength [AA]
# ylabel: Intensity
# xlimits: 0 12
# variables: L I I_err N
0.05 0 0 0 
0.15 0 0 0 
0.25 0 0 0 
0.35 0 0 0 
0.45 0 0 0 
0.55 0 0 0 
0.65 0 0 0 
0.75 0 0 0 
0.85 0 0 0 
0.95 0 0 0 
1.05 0 0 0 
1.15 0 0 0 
1.25 0 0 0 
1.35 0 0 0 
1.45 0 0 0 
1.55 0 0 0 
1.65 0 0 0 
1.75 0 0 0 
1.85 0 0 0 
1.95 0 0 0 
2.05 0 0 0 
2.15 0.08676323219 0.08676323219 1 
2.25 7.576776285 8.525398627 3 
2.35 0.8977653642 0.9503531861 4 
2.45 2.739227482 2.025656776 11 
2.55 18.76365688 8.85785726 25 
2.65 1456.854665 1154.677873 49 
2.75 1665.65578 1126.46098 126 
2.85 6898.511635 1951.283942 314 
2.95 8277.359343 2241.287607 448 
3.05 8023.039656 2443.027083 410 
3.15 3617.012158 1063.350446 421 
3.25 10836.2474 2604.785263 382 
3.35 7062.852997 2151.543506 358 
3.45 5461.976069 1780.840967 342 
3.55 11938.05707 2781.01565 316 
3.65 4873.058986 1631.562466 274 
3.75 6464.596734 2029.066167 267 
3.85 8766.956957 2268.750977 263 
3.95 6580.320744 1778.823544 234 
4.05 5847.287454 2014.238229 203 
4.15 6551.984822 1911.094126 203 
4.25 10531.44919 2849.290809 210 
4.35 3577.855414 1115.878719 160 
4.45 3486.404706 1603.208054 150 
4.55 10728.19847 2734.369253 157 
4.65 9148.840665 2284.903008 166 
4.75 4725.507311 1353.66901 144 
4.85 4587.503998 1722.653915 125 
4.95 5075.482966 1883.243451 109 
5.05 2679.614225 1030.564911 102 
5.15 4471.993278 1377.663083 97 
5.25 3615.05905 1606.732845 78 
5.35 5981.550829 2131.99986 91 
5.45 4662.704255 1418.93422 90 
5.55 6128.239062 1824.845902 82 
5.65 3660.001533 1434.929949 63 
5.75 4789.775679 1767.916863 70 
5.85 1911.778291 760.0978454 62 
5.95 7857.665944 2721.362767 74 
6.05 5628.63596 2152.925029 65 
6.15 3725.258922 1392.586974 57 
6.25 1843.574209 856.6413799 48 
6.35 3752.985436 1353.170472 49 
6.45 2586.155192 1123.469727 34 
6.55 468.7097424 345.1109673 13 
6.65 711.8633019 576.2201608 5 
6.75 0 0 0 
6.85 0 0 0 
6.95 0 0 0 
7.05 0 0 0 
7.15 0 0 0 
7.25 0 0 0 
7.35 0 0 0 
7.45 0 0 0 
7.55 0 0 0 
7.65 0 0 0 
7.75 0 0 0 
7.85 0 0 0 
7.95 0 0 0 
8.05 0 0 0 
8.15 0 0 0 
8.25 0 0 0 
8.35 0 0 0 
8.45 0 0 0 
8.55 0 0 0 
8.65 0 0 0 
8.75 0 0 0 
8.85 0 0 0 
8.95 0 0 0 
9.05 0 0 0 
9.15 0 0 0 
9.25 0 0 0 
9.35 0 0 0 
9.45 0 0 0 
9.55 0 0 0 
9.65 0 0 0 
9.75 0 0 0 
9.85 0 0 0 
9.95 0 0 0 
10.05 0 0 0 
10.15 0 0 0 
10.25 0 0 0 
10.35 0 0 0 
10.45 0 0 0 
10.55 0 0 0 
10.65 0 0 0 
10.75 0 0 0 
10.85 0 0 0 
10.95 0 0 0 
11.05 0 0 0 
11.15 0 0 0 
11.25 0 0 0 
11.35 0 0 0 
11.45 0 0 0 
11.55 0 0 0 
11.65 0 0 0 
11.75 0 0 0 
11.85 0 0 0 
11.95 0 0 0 
