# Format: McCode with text headers
# URL: http://www.mccode.org
# Creator:  3.8.5, git
# Instrument: eqsans_sans.instr
# Ncount: 10000000
# Trace: no
# Gravitation: no
# Seed: 1790179922495900
# Directory: /Users/georgeyumnam/WORK/PANRAID/PaNRAID-results/Group2/panraidproject/scan_sans_sample/x-20_y+08
# Param: gx=-0.02
# Param: gy=0.008
# Param: sample_on=1
# Param: R_sphere=100
# Param: Phi=0.01
# Param: bs_radius=0
# Param: samp_ap=0.01
# Date: Wed Sep 23 18:12:37 2026 (1790179957)
# type: array_1d(100)
# Source: EQ_SANS_sample (eqsans_sans.instr)
# component: qmon
# position: 0 0 22.281
# title: QMonitor - Distribution in q (Radially averaged)
# Ncount: 10000000
# filename: qdet.dat
# statistics: X0=0.0114938; dX=0.0100438;
# signal: Min=2912.47; Max=3.52465e+08; Mean=2.36029e+07;
# values: 2.36029e+09 4.55587e+08 2529
# xvar: q
# yvar: (I,I_err)
# xlabel: q [1 / AA]
# ylabel: I(q)
# xlimits: 0 0.151561
# variables: q I I_err N
0.0007578035702 352464918.6 352464918.6 1 
0.002273410711 158609935.8 158609935.8 1 
0.003789017851 228641630.1 143581823.4 3 
0.005304624991 127455440.5 90823054.4 2 
0.006820232132 164195872.8 90211631.81 4 
0.008335839272 75773798.14 38443147.34 4 
0.009851446413 134721655.3 68459011.5 6 
0.01136705355 157398323.1 76650912.97 7 
0.01288266069 115337942.7 41330142.14 10 
0.01439826783 151648469.1 58486160.38 9 
0.01591387497 94096879.49 38111820.11 8 
0.01742948211 128696456.8 44743874.44 11 
0.01894508925 59929912.12 26773678.09 7 
0.0204606964 58106831.86 20137830.41 11 
0.02197630354 64261760.12 21502569.97 14 
0.02349191068 55840072.96 23103585.54 10 
0.02500751782 24175193.45 8995909.965 11 
0.02652312496 47027440.77 16609518 15 
0.0280387321 19806605.5 7184231.605 13 
0.02955433924 24496327.28 9340902.685 18 
0.03106994638 36416364.47 13458829.23 21 
0.03258555352 9742535.486 3727989.071 13 
0.03410116066 18388380.88 5028183.74 34 
0.0356167678 13777473.07 4455395.459 23 
0.03713237494 6479387.338 3058884.769 22 
0.03864798208 6342987.237 2462660.24 24 
0.04016358922 5159364.434 1977525.694 20 
0.04167919636 1530759.263 523871.3309 24 
0.0431948035 536346.821 210990.4392 17 
0.04471041064 3115517.356 1783523.363 26 
0.04622601778 1525819.045 1043642.059 27 
0.04774162492 818310.8201 317452.3 24 
0.04925723206 533947.4251 158318.1875 25 
0.0507728392 479224.9556 132202.1369 22 
0.05228844634 549868.0168 149047.0794 23 
0.05380405348 1104620.86 202017.0254 39 
0.05531966062 1094929.827 232150.1061 34 
0.05683526776 1459974.151 266638.9877 38 
0.05835087491 781376.0828 195366.515 24 
0.05986648205 971181.0831 195682.6583 33 
0.06138208919 944506.4397 198026.0427 32 
0.06289769633 853946.4747 179299.1431 34 
0.06441330347 585612.6227 149445.0693 27 
0.06592891061 489957.4011 110605.6304 33 
0.06744451775 228405.0795 77376.78121 23 
0.06896012489 554615.0435 136443.445 40 
0.07047573203 144663.9823 43721.53063 30 
0.07199133917 211709.1409 63471.49732 38 
0.07350694631 256327.7887 71643.03166 49 
0.07502255345 101129.9989 38936.66117 39 
0.07653816059 128411.3444 31267.76767 45 
0.07805376773 95057.609 23362.86825 39 
0.07956937487 130718.2027 37459.66448 49 
0.08108498201 53753.52765 14237.37708 26 
0.08260058915 93454.26985 19147.27889 38 
0.08411619629 97941.8109 22312.00611 33 
0.08563180343 105402.1467 23283.96607 39 
0.08714741057 153923.7259 29354.94849 46 
0.08866301771 132776.369 25136.06707 40 
0.09017862485 122364.1338 24257.88531 33 
0.09169423199 122727.8357 25504.39639 33 
0.09320983913 133815.4871 24865.87052 37 
0.09472544627 109228.234 23447.04434 34 
0.09624105341 105336.462 21096.56688 36 
0.09775666056 113566.6998 23081.74085 43 
0.0992722677 70272.99651 16511.83191 35 
0.1007878748 62158.32406 14465.56554 39 
0.102303482 49545.7667 12271.82968 33 
0.1038190891 51308.4672 12520.71178 38 
0.1053346963 34845.13539 11213.98646 29 
0.1068503034 24558.16424 7362.811683 35 
0.1083659105 11992.0591 3659.570599 25 
0.1098815177 25099.78352 6734.92791 46 
0.1113971248 26769.4894 6818.339163 34 
0.112912732 25324.29808 5691.335333 41 
0.1144283391 13632.20995 3856.936369 27 
0.1159439462 17363.58058 4893.835789 22 
0.1174595534 22948.09028 5692.614252 25 
0.1189751605 29304.59947 5988.097993 35 
0.1204907677 34217.36791 6285.717213 39 
0.1220063748 31576.96824 6388.342158 32 
0.1235219819 22182.3118 5364.814149 22 
0.1250375891 25734.29973 5435.034107 27 
0.1265531962 21428.2858 5080.334634 23 
0.1280688034 23023.34432 5227.562391 26 
0.1295844105 11448.77248 3093.065334 21 
0.1311000176 11471.28609 3663.079686 20 
0.1326156248 12583.42039 3339.214964 22 
0.1341312319 10589.80727 3594.716559 23 
0.1356468391 6091.803846 1911.417077 22 
0.1371624462 9337.202265 2723.788134 28 
0.1386780533 8689.749868 2918.478709 18 
0.1401936605 5666.424415 1623.437726 23 
0.1417092676 3363.145229 1026.817959 19 
0.1432248748 5334.702367 1486.327816 23 
0.1447404819 5570.294772 1570.170339 26 
0.146256089 4382.531854 1273.815137 18 
0.1477716962 2912.467166 1137.346387 9 
0.1492873033 5188.600319 1427.46809 16 
0.1508029105 5781.328463 1763.401903 14 
