# Format: McCode with text headers
# URL: http://www.mccode.org
# Creator:  3.8.5, git
# Instrument: eqsans_sans.instr
# Ncount: 10000000
# Trace: no
# Gravitation: no
# Seed: 1790184347852742
# Directory: /Users/georgeyumnam/WORK/PANRAID/PaNRAID-results/Group2/panraidproject/scan_sans_sample/x+11_y+04
# Param: gx=0.011
# Param: gy=0.004
# Param: sample_on=1
# Param: R_sphere=100
# Param: Phi=0.01
# Param: bs_radius=0
# Param: samp_ap=0.01
# Date: Wed Sep 23 19:26:22 2026 (1790184382)
# type: array_1d(100)
# Source: EQ_SANS_sample (eqsans_sans.instr)
# component: qmon
# position: 0 0 22.281
# title: QMonitor - Distribution in q (Radially averaged)
# Ncount: 10000000
# filename: qdet.dat
# statistics: X0=0.0141033; dX=0.00927004;
# signal: Min=0; Max=3.74504e+08; Mean=3.40632e+07;
# values: 3.40632e+09 2.97683e+08 4926
# xvar: q
# yvar: (I,I_err)
# xlabel: q [1 / AA]
# ylabel: I(q)
# xlimits: 0 0.151561
# variables: q I I_err N
0.0007578035702 0 0 0 
0.002273410711 110482593.7 83837828.42 2 
0.003789017851 273550419.4 148450268.6 4 
0.005304624991 209584383.4 96910192.11 5 
0.006820232132 201701646.5 81395053.61 7 
0.008335839272 374503608.2 106280529.5 15 
0.009851446413 203941345.7 67100180.97 14 
0.01136705355 313484243.3 95283155.92 16 
0.01288266069 193042608.8 69390521.02 12 
0.01439826783 279590218.8 80108578.77 16 
0.01591387497 185105127.7 53109122.25 16 
0.01742948211 120574349.5 37455333.06 14 
0.01894508925 186404157.9 39294204.06 31 
0.0204606964 156771522 38327098.98 24 
0.02197630354 135509403.5 32654106.56 25 
0.02349191068 100660952 24285563.47 31 
0.02500751782 55433533.35 15083210.01 22 
0.02652312496 32745437.83 8030190.39 24 
0.0280387321 55790182.98 13693629.79 27 
0.02955433924 51125843.11 11062348.49 40 
0.03106994638 37561075.02 9734011.528 35 
0.03258555352 26518612.9 7364933.803 31 
0.03410116066 21189648.12 7130763.226 31 
0.0356167678 12979101.59 3258666.407 41 
0.03713237494 14699397.95 3898907.836 45 
0.03864798208 5635079.608 1534465.192 39 
0.04016358922 9739758.956 2562843.93 49 
0.04167919636 2170463.729 767324.159 32 
0.0431948035 1980334.958 702263.7735 38 
0.04471041064 3860739.42 1540061.048 53 
0.04622601778 1660910.519 720807.0307 47 
0.04774162492 2460701.367 727745.5267 63 
0.04925723206 1690408.884 343201.3471 51 
0.0507728392 1612502.056 267270.4151 59 
0.05228844634 1166730.597 214139.656 43 
0.05380405348 1900843.688 312860.1134 62 
0.05531966062 1728938.285 260559.3202 66 
0.05683526776 1809643.745 266072.5217 65 
0.05835087491 1786505.257 259798.0477 70 
0.05986648205 1645597.053 262668.7124 57 
0.06138208919 1112393.91 182214.8027 52 
0.06289769633 1187345.074 186219.9695 66 
0.06441330347 1095408.936 164074.9428 66 
0.06592891061 1420024.19 211292.6873 81 
0.06744451775 921472.181 144989.305 71 
0.06896012489 970882.1616 158773.2782 77 
0.07047573203 639219.9537 115006.1139 79 
0.07199133917 397745.0367 75925.88463 72 
0.07350694631 397992.7018 85049.7788 81 
0.07502255345 221060.2329 49307.15937 69 
0.07653816059 178302.1052 43401.22563 68 
0.07805376773 150015.5635 34451.11269 80 
0.07956937487 169531.3263 31391.50191 74 
0.08108498201 94709.71277 18270.59206 64 
0.08260058915 102462.1475 19843.85009 56 
0.08411619629 220935.3525 31396.90474 81 
0.08563180343 195799.7367 28111.2606 80 
0.08714741057 197546.7554 31139.97219 65 
0.08866301771 272309.358 35195.69598 83 
0.09017862485 272088.7239 33027.10375 90 
0.09169423199 214840.7798 30968.78052 67 
0.09320983913 224236.8198 31430.59205 75 
0.09472544627 208525.2095 30936.64137 67 
0.09624105341 161819.7136 27141.76243 61 
0.09775666056 169020.3864 27076.95741 69 
0.0992722677 162965.4081 24199.19337 74 
0.1007878748 94712.11765 17103.05219 65 
0.102303482 97197.51489 15805.12902 81 
0.1038190891 75031.93825 14096.75334 71 
0.1053346963 65450.13432 13578.10961 65 
0.1068503034 48296.91871 9652.948278 62 
0.1083659105 51820.50837 10264.83819 69 
0.1098815177 43595.20327 7812.585194 65 
0.1113971248 31299.69476 5771.992464 69 
0.112912732 40883.9729 6655.033192 67 
0.1144283391 43066.2837 6777.110593 66 
0.1159439462 40854.5732 6703.46754 69 
0.1174595534 36254.2984 6413.64302 52 
0.1189751605 34166.19858 5944.523452 45 
0.1204907677 41307.26201 7103.928917 46 
0.1220063748 49263.96312 7227.054564 57 
0.1235219819 40095.93664 6836.791318 46 
0.1250375891 50350.4039 7672.105667 55 
0.1265531962 34847.16051 6525.77579 42 
0.1280688034 40477.65132 6686.032307 49 
0.1295844105 29516.64734 5618.156617 46 
0.1311000176 24238.16719 5122.347687 36 
0.1326156248 18411.11816 4003.009557 38 
0.1341312319 24852.90615 4196.121854 58 
0.1356468391 13177.29114 2833.678089 39 
0.1371624462 12542.3065 3056.687872 43 
0.1386780533 12983.68335 2573.075032 44 
0.1401936605 7280.535119 2027.438556 32 
0.1417092676 10158.27422 2186.316266 47 
0.1432248748 5648.62293 1622.988833 27 
0.1447404819 6969.5947 1574.256071 39 
0.146256089 8597.927855 1731.031278 43 
0.1477716962 8891.289367 1923.051564 33 
0.1492873033 8470.184502 1708.230886 35 
0.1508029105 9401.689147 1881.132718 35 
