# Format: McCode with text headers
# URL: http://www.mccode.org
# Creator:  3.8.5, git
# Instrument: eqsans_cylinder.instr
# Ncount: 5000000
# Trace: no
# Gravitation: no
# Seed: 1790194483160967
# Directory: /Users/georgeyumnam/WORK/PANRAID/PaNRAID-results/Group2/panraidproject/dataset_cylinder/cyl_000989
# Param: gx=0
# Param: gy=0
# Param: sample_on=1
# Param: bs_radius=0
# Param: samp_ap=0.01
# Param: sld=5.71196
# Param: sld_solvent=1
# Param: radius=155.204
# Param: length=261.844
# Param: pd_radius=0.104823
# Param: pd_length=0.172569
# Param: model_scale=1
# Param: model_abs=0
# Date: Wed Sep 23 22:15:01 2026 (1790194501)
# type: array_1d(100)
# Source: EQ_SANS_cylinder (eqsans_cylinder.instr)
# component: qmon
# position: 0 0 22.281
# title: QMonitor - Distribution in q (Radially averaged)
# Ncount: 5000000
# filename: qdet.dat
# statistics: X0=0.00834886; dX=0.00696282;
# signal: Min=1.25259e+12; Max=2.20858e+17; Mean=1.80568e+16;
# values: 1.80568e+18 5.99493e+16 254136
# xvar: q
# yvar: (I,I_err)
# xlabel: q [1 / AA]
# ylabel: I(q)
# xlimits: 0 0.151561
# variables: q I I_err N
0.0007578035702 2.137925882e+17 4.463304249e+16 37 
0.002273410711 1.815821117e+17 2.262853729e+16 114 
0.003789017851 2.208581756e+17 1.933038086e+16 218 
0.005304624991 1.964267381e+17 1.609332815e+16 274 
0.006820232132 1.780349233e+17 1.269833678e+16 367 
0.008335839272 1.45409227e+17 9.854331221e+15 407 
0.009851446413 1.302103589e+17 8.64614947e+15 506 
0.01136705355 1.2518024e+17 7.618291048e+15 629 
0.01288266069 9.032239305e+16 5.549795954e+15 673 
0.01439826783 7.606986827e+16 4.577718082e+15 748 
0.01591387497 5.56901649e+16 3.439460117e+15 823 
0.01742948211 5.098220863e+16 3.578301287e+15 923 
0.01894508925 3.71833169e+16 2.412402523e+15 1023 
0.0204606964 2.666484898e+16 1.775532859e+15 1101 
0.02197630354 2.055661212e+16 1.518448447e+15 1210 
0.02349191068 1.314993257e+16 1.059607275e+15 1257 
0.02500751782 1.007156726e+16 8.142064549e+14 1323 
0.02652312496 6.763639233e+15 4.927600173e+14 1413 
0.0280387321 4.948557709e+15 4.053893962e+14 1567 
0.02955433924 3.653099141e+15 2.810260368e+14 1580 
0.03106994638 2.740074534e+15 1.610183236e+14 1730 
0.03258555352 2.12465472e+15 1.077910273e+14 1769 
0.03410116066 1.702185849e+15 5.902049206e+13 1843 
0.0356167678 1.56932203e+15 6.151853e+13 1959 
0.03713237494 1.338261768e+15 4.542183381e+13 2041 
0.03864798208 1.123284228e+15 3.596665844e+13 2053 
0.04016358922 9.053717377e+14 2.895267662e+13 2111 
0.04167919636 8.220224121e+14 2.772074442e+13 2301 
0.0431948035 6.580148219e+14 2.175907828e+13 2313 
0.04471041064 5.892078648e+14 1.937461251e+13 2389 
0.04622601778 4.981508008e+14 1.495607253e+13 2575 
0.04774162492 3.879473483e+14 1.143486774e+13 2556 
0.04925723206 3.530933127e+14 1.036973278e+13 2574 
0.0507728392 3.12681717e+14 8.786505237e+12 2744 
0.05228844634 2.81657389e+14 7.440246909e+12 2827 
0.05380405348 2.486807936e+14 6.442685027e+12 2877 
0.05531966062 2.207905074e+14 5.489870022e+12 2950 
0.05683526776 2.084533381e+14 5.170616181e+12 3060 
0.05835087491 1.875313486e+14 4.57442697e+12 3092 
0.05986648205 1.639764982e+14 3.874416e+12 3205 
0.06138208919 1.474324277e+14 3.50248277e+12 3245 
0.06289769633 1.360028338e+14 3.157816156e+12 3436 
0.06441330347 1.199869999e+14 2.770792226e+12 3400 
0.06592891061 1.052639644e+14 2.46389365e+12 3400 
0.06744451775 1.006195036e+14 2.284918679e+12 3581 
0.06896012489 8.752038954e+13 1.971223622e+12 3477 
0.07047573203 7.866763167e+13 1.77426394e+12 3478 
0.07199133917 7.163465606e+13 1.563474387e+12 3601 
0.07350694631 6.731888463e+13 1.42840772e+12 3713 
0.07502255345 6.116063835e+13 1.320650998e+12 3693 
0.07653816059 5.586988742e+13 1.188911793e+12 3791 
0.07805376773 5.14874852e+13 1.107592919e+12 3744 
0.07956937487 4.768291442e+13 9.877255173e+11 3812 
0.08108498201 4.495290074e+13 9.322310344e+11 3901 
0.08260058915 4.128540575e+13 8.417726966e+11 3945 
0.08411619629 3.794665316e+13 7.949288379e+11 3850 
0.08563180343 3.399363396e+13 7.058775462e+11 3837 
0.08714741057 3.098109797e+13 6.352887577e+11 3825 
0.08866301771 2.834427177e+13 5.83850363e+11 3811 
0.09017862485 2.637233929e+13 5.384292376e+11 3816 
0.09169423199 2.399877036e+13 4.902561258e+11 3752 
0.09320983913 2.268339143e+13 4.648008327e+11 3806 
0.09472544627 2.099172282e+13 4.324267867e+11 3771 
0.09624105341 2.003053024e+13 4.051375976e+11 3824 
0.09775666056 1.876327796e+13 3.839829863e+11 3831 
0.0992722677 1.661699977e+13 3.42295307e+11 3671 
0.1007878748 1.571491919e+13 3.230848917e+11 3727 
0.102303482 1.469501005e+13 3.076641312e+11 3661 
0.1038190891 1.375966941e+13 2.859129414e+11 3614 
0.1053346963 1.291925659e+13 2.628634913e+11 3706 
0.1068503034 1.125020645e+13 2.391378838e+11 3420 
0.1083659105 1.064907129e+13 2.209016385e+11 3496 
0.1098815177 9.828980022e+12 2.070487944e+11 3391 
0.1113971248 9.131797885e+12 1.969806243e+11 3266 
0.112912732 9.091639994e+12 1.917021434e+11 3397 
0.1144283391 8.187354306e+12 1.733855835e+11 3371 
0.1159439462 7.148180891e+12 1.562006977e+11 3127 
0.1174595534 6.990464201e+12 1.534827235e+11 3142 
0.1189751605 6.101744954e+12 1.361838048e+11 2966 
0.1204907677 5.739942983e+12 1.279990982e+11 2983 
0.1220063748 5.351956182e+12 1.200178885e+11 2920 
0.1235219819 4.972356168e+12 1.135656292e+11 2835 
0.1250375891 4.634670295e+12 1.053301126e+11 2790 
0.1265531962 4.168730038e+12 9.793052561e+10 2656 
0.1280688034 4.024770739e+12 9.527314732e+10 2635 
0.1295844105 3.823954303e+12 8.966669348e+10 2623 
0.1311000176 3.203490334e+12 7.769083528e+10 2464 
0.1326156248 3.159827673e+12 7.664100678e+10 2426 
0.1341312319 2.909472499e+12 7.204469007e+10 2393 
0.1356468391 2.61947821e+12 6.614838784e+10 2253 
0.1371624462 2.510098249e+12 6.326769043e+10 2215 
0.1386780533 2.23859967e+12 5.719066172e+10 2165 
0.1401936605 2.090124119e+12 5.415900692e+10 2131 
0.1417092676 1.971497472e+12 5.112465378e+10 2064 
0.1432248748 1.790769855e+12 4.825084261e+10 1956 
0.1447404819 1.705146316e+12 4.602849057e+10 1950 
0.146256089 1.597664531e+12 4.336912606e+10 1920 
0.1477716962 1.458037027e+12 4.054702741e+10 1839 
0.1492873033 1.342761819e+12 3.795953697e+10 1756 
0.1508029105 1.252591185e+12 3.623337732e+10 1705 
