# Format: McCode with text headers
# URL: http://www.mccode.org
# Creator:  3.8.5, git
# Instrument: eqsans_cylinder.instr
# Ncount: 5000000
# Trace: no
# Gravitation: no
# Seed: 1790193628570194
# Directory: /Users/georgeyumnam/WORK/PANRAID/PaNRAID-results/Group2/panraidproject/dataset_cylinder/cyl_000517
# Param: gx=0
# Param: gy=0
# Param: sample_on=1
# Param: bs_radius=0
# Param: samp_ap=0.01
# Param: sld=3.02347
# Param: sld_solvent=1
# Param: radius=100.021
# Param: length=985.556
# Param: pd_radius=0.037851
# Param: pd_length=0.064451
# Param: model_scale=1
# Param: model_abs=0
# Date: Wed Sep 23 22:00:46 2026 (1790193646)
# type: array_1d(100)
# Source: EQ_SANS_cylinder (eqsans_cylinder.instr)
# component: qmon
# position: 0 0 22.281
# title: QMonitor - Distribution in q (Radially averaged)
# Ncount: 5000000
# filename: qdet.dat
# statistics: X0=0.00825179; dX=0.00735938;
# signal: Min=4.53531e+11; Max=7.79963e+16; Mean=5.01045e+15;
# values: 5.01045e+17 1.88582e+16 256488
# xvar: q
# yvar: (I,I_err)
# xlabel: q [1 / AA]
# ylabel: I(q)
# xlimits: 0 0.151561
# variables: q I I_err N
0.0007578035702 7.799632302e+16 1.599482977e+16 44 
0.002273410711 5.104673356e+16 5.705000339e+15 119 
0.003789017851 5.136367676e+16 4.599134297e+15 186 
0.005304624991 5.411017807e+16 4.273111034e+15 284 
0.006820232132 5.06081472e+16 3.530978138e+15 404 
0.008335839272 3.878097006e+16 2.427252272e+15 478 
0.009851446413 3.166100848e+16 2.062587956e+15 519 
0.01136705355 2.989834696e+16 1.72007068e+15 676 
0.01288266069 2.386668797e+16 1.475004278e+15 686 
0.01439826783 1.859059423e+16 1.061719394e+15 773 
0.01591387497 1.554016905e+16 8.058692579e+14 915 
0.01742948211 1.317592994e+16 7.58527601e+14 968 
0.01894508925 9.332652431e+15 4.73788528e+14 971 
0.0204606964 7.763637398e+15 3.878882876e+14 1076 
0.02197630354 6.042421675e+15 2.876826926e+14 1153 
0.02349191068 4.972345335e+15 2.299681715e+14 1289 
0.02500751782 3.880452995e+15 1.882819387e+14 1381 
0.02652312496 2.974501884e+15 1.490310623e+14 1425 
0.0280387321 2.224348229e+15 1.096051541e+14 1475 
0.02955433924 1.566339288e+15 7.837437127e+13 1581 
0.03106994638 1.137258116e+15 5.68230565e+13 1678 
0.03258555352 9.525020995e+14 4.938808927e+13 1809 
0.03410116066 5.286206233e+14 3.116352924e+13 1867 
0.0356167678 4.418400873e+14 2.705476621e+13 1998 
0.03713237494 2.931307737e+14 1.793562523e+13 2086 
0.03864798208 2.237491676e+14 1.301177846e+13 2117 
0.04016358922 1.671913247e+14 8.961427522e+12 2220 
0.04167919636 1.380213504e+14 6.258977146e+12 2325 
0.0431948035 1.230418044e+14 4.352825751e+12 2423 
0.04471041064 1.256330112e+14 4.507487707e+12 2516 
0.04622601778 1.155022254e+14 2.960501439e+12 2544 
0.04774162492 1.189228104e+14 2.83069038e+12 2692 
0.04925723206 1.17650568e+14 2.68653911e+12 2730 
0.0507728392 1.151907051e+14 2.68073148e+12 2704 
0.05228844634 1.164509501e+14 2.571860697e+12 2911 
0.05380405348 1.081498987e+14 2.414002864e+12 2938 
0.05531966062 9.969854403e+13 2.2305078e+12 3045 
0.05683526776 9.186914436e+13 2.063460645e+12 3185 
0.05835087491 7.941140113e+13 1.846470327e+12 3178 
0.05986648205 6.687978843e+13 1.594641144e+12 3268 
0.06138208919 5.300163144e+13 1.353279495e+12 3239 
0.06289769633 4.484774414e+13 1.168210435e+12 3422 
0.06441330347 3.682432484e+13 9.987275089e+11 3527 
0.06592891061 2.817250604e+13 8.155458765e+11 3501 
0.06744451775 2.264116403e+13 6.752019901e+11 3567 
0.06896012489 1.81127858e+13 5.605623502e+11 3648 
0.07047573203 1.412711016e+13 4.172287595e+11 3512 
0.07199133917 1.331032057e+13 3.543281279e+11 3708 
0.07350694631 1.312545262e+13 3.215837789e+11 3843 
0.07502255345 1.312713805e+13 3.038853402e+11 3827 
0.07653816059 1.325763912e+13 2.861391561e+11 3803 
0.07805376773 1.408995072e+13 2.890154881e+11 3874 
0.07956937487 1.446177878e+13 2.87849099e+11 3865 
0.08108498201 1.502464604e+13 2.914881364e+11 3945 
0.08260058915 1.538201758e+13 2.898143469e+11 4036 
0.08411619629 1.465648249e+13 2.817180851e+11 3906 
0.08563180343 1.431481787e+13 2.715991331e+11 3973 
0.08714741057 1.380533059e+13 2.631116092e+11 4058 
0.08866301771 1.229405216e+13 2.410889681e+11 3926 
0.09017862485 1.085999881e+13 2.196878262e+11 3904 
0.09169423199 9.249441846e+12 1.957426594e+11 3863 
0.09320983913 7.791316387e+12 1.712547111e+11 3823 
0.09472544627 6.6913178e+12 1.517649045e+11 3813 
0.09624105341 5.520844744e+12 1.313051828e+11 3731 
0.09775666056 4.792688931e+12 1.168266051e+11 3789 
0.0992722677 4.001551698e+12 9.849711853e+10 3796 
0.1007878748 3.232794236e+12 8.086339073e+10 3619 
0.102303482 2.942703614e+12 7.291015336e+10 3565 
0.1038190891 2.706712166e+12 6.413052457e+10 3565 
0.1053346963 2.698565544e+12 6.218057069e+10 3554 
0.1068503034 2.66610251e+12 6.030316713e+10 3449 
0.1083659105 2.723324014e+12 5.987674211e+10 3408 
0.1098815177 2.829003731e+12 6.049815872e+10 3451 
0.1113971248 2.915718466e+12 6.161382432e+10 3383 
0.112912732 2.927133709e+12 6.120686443e+10 3347 
0.1144283391 2.8444881e+12 5.93695988e+10 3283 
0.1159439462 2.769624003e+12 5.798065934e+10 3192 
0.1174595534 2.654992362e+12 5.6743566e+10 3088 
0.1189751605 2.429009547e+12 5.271466743e+10 3008 
0.1204907677 2.286432319e+12 5.054313811e+10 2995 
0.1220063748 1.933730849e+12 4.454037494e+10 2871 
0.1235219819 1.704015539e+12 4.071975582e+10 2803 
0.1250375891 1.494282098e+12 3.707981967e+10 2709 
0.1265531962 1.304328496e+12 3.310447875e+10 2704 
0.1280688034 1.148322427e+12 3.02076825e+10 2658 
0.1295844105 9.683150851e+11 2.651978987e+10 2532 
0.1311000176 8.493067542e+11 2.354172727e+10 2518 
0.1326156248 7.443153798e+11 2.11880633e+10 2332 
0.1341312319 6.730373634e+11 1.894954761e+10 2317 
0.1356468391 6.387350113e+11 1.772067637e+10 2305 
0.1371624462 5.787636468e+11 1.625085216e+10 2167 
0.1386780533 5.744296344e+11 1.624551623e+10 2074 
0.1401936605 5.843422105e+11 1.600854824e+10 2087 
0.1417092676 5.710392585e+11 1.54156075e+10 2086 
0.1432248748 5.562035211e+11 1.522177683e+10 1957 
0.1447404819 5.612204186e+11 1.524201293e+10 1950 
0.146256089 5.222740241e+11 1.458171137e+10 1823 
0.1477716962 4.851653831e+11 1.391587168e+10 1716 
0.1492873033 4.749314994e+11 1.352410004e+10 1738 
0.1508029105 4.535308034e+11 1.314093819e+10 1698 
