# Format: McCode with text headers
# URL: http://www.mccode.org
# Creator:  3.8.5, git
# Instrument: eqsans_1_fixed.instr
# Ncount: 1000000
# Trace: no
# Gravitation: no
# Seed: 1790169992044183
# Directory: /Users/georgeyumnam/WORK/PANRAID/PaNRAID-results/Group2/panraidproject/scan_guide_xy/x+13_y-06
# Param: gx=0.013
# Param: gy=-0.006
# Date: Wed Sep 23 15:26:35 2026 (1790169995)
# type: array_1d(120)
# Source: EQ_SANS (eqsans_1_fixed.instr)
# component: lambda_det
# position: 0 0 22.28
# title: Wavelength monitor
# Ncount: 1000000
# filename: lambda_det.dat
# statistics: X0=4.08119; dX=0.980969;
# signal: Min=0; Max=3.17445e+06; Mean=475609;
# values: 5.70731e+07 592944 17629
# xvar: L
# yvar: (I,I_err)
# xlabel: Wavelength [AA]
# ylabel: Intensity
# xlimits: 0 12
# variables: L I I_err N
0.05 0 0 0 
0.15 0 0 0 
0.25 0 0 0 
0.35 0 0 0 
0.45 0 0 0 
0.55 0 0 0 
0.65 0 0 0 
0.75 0 0 0 
0.85 0 0 0 
0.95 0 0 0 
1.05 0 0 0 
1.15 0 0 0 
1.25 0 0 0 
1.35 0 0 0 
1.45 0 0 0 
1.55 0 0 0 
1.65 0 0 0 
1.75 0 0 0 
1.85 0 0 0 
1.95 0 0 0 
2.05 0 0 0 
2.15 0 0 0 
2.25 7047.770561 5576.955278 2 
2.35 34171.06045 15145.63683 9 
2.45 76111.3341 22643.68207 22 
2.55 158004.4288 31787.43667 45 
2.65 288251.084 41355.76238 100 
2.75 770324.7284 69204.41037 275 
2.85 2073499.652 115511.4686 686 
2.95 3101935.123 139843.2624 923 
3.05 3174452.968 141563.6422 937 
3.15 2863564.484 133330.1251 916 
3.25 2854644.856 134180.4208 851 
3.35 2430690.392 121755.6259 771 
3.45 2475310.332 123295.4103 778 
3.55 2463592.941 122416.8636 771 
3.65 2242310.792 117439.562 722 
3.75 2052205.203 110254.6848 665 
3.85 2026930.205 110822.4951 616 
3.95 2175470.057 116123.126 634 
4.05 1870092.059 107895.4902 556 
4.15 1701174.532 101643.3356 509 
4.25 1655469.207 101543.5501 497 
4.35 1556361.812 98160.72442 471 
4.45 1326359.574 87973.11336 446 
4.55 1429810.129 93109.18921 443 
4.65 1263526.316 88632.57808 373 
4.75 1314997.405 91407.4879 404 
4.85 1170711.855 83992.4972 371 
4.95 1222227.859 86575.35426 384 
5.05 1073046.398 81818.26998 338 
5.15 1000033.819 78428.67941 305 
5.25 959329.1857 76435.30531 309 
5.35 918882.6095 75045.96786 264 
5.45 877735.5329 73229.56115 270 
5.55 772852.769 68158.42323 246 
5.65 680524.2094 61189.67751 234 
5.75 781469.395 70190.11722 235 
5.85 681446.6367 65463.60941 189 
5.95 761051.7176 68088.56859 229 
6.05 559687.5602 58117.5851 182 
6.15 606800.4647 62366.46106 176 
6.25 400032.6456 47558.12288 137 
6.35 523784.47 57050.54738 143 
6.45 465877.6172 55201.80653 130 
6.55 193838.1288 34976.82912 50 
6.65 37425.1207 14037.36446 15 
6.75 0 0 0 
6.85 0 0 0 
6.95 0 0 0 
7.05 0 0 0 
7.15 0 0 0 
7.25 0 0 0 
7.35 0 0 0 
7.45 0 0 0 
7.55 0 0 0 
7.65 0 0 0 
7.75 0 0 0 
7.85 0 0 0 
7.95 0 0 0 
8.05 0 0 0 
8.15 0 0 0 
8.25 0 0 0 
8.35 0 0 0 
8.45 0 0 0 
8.55 0 0 0 
8.65 0 0 0 
8.75 0 0 0 
8.85 0 0 0 
8.95 0 0 0 
9.05 0 0 0 
9.15 0 0 0 
9.25 0 0 0 
9.35 0 0 0 
9.45 0 0 0 
9.55 0 0 0 
9.65 0 0 0 
9.75 0 0 0 
9.85 0 0 0 
9.95 0 0 0 
10.05 0 0 0 
10.15 0 0 0 
10.25 0 0 0 
10.35 0 0 0 
10.45 0 0 0 
10.55 0 0 0 
10.65 0 0 0 
10.75 0 0 0 
10.85 0 0 0 
10.95 0 0 0 
11.05 0 0 0 
11.15 0 0 0 
11.25 0 0 0 
11.35 0 0 0 
11.45 0 0 0 
11.55 0 0 0 
11.65 0 0 0 
11.75 0 0 0 
11.85 0 0 0 
11.95 0 0 0 
