# Format: McCode with text headers
# URL: http://www.mccode.org
# Creator:  3.8.5, git
# Instrument: eqsans_1_fixed.instr
# Ncount: 1000000
# Trace: no
# Gravitation: no
# Seed: 1790170010973561
# Directory: /Users/georgeyumnam/WORK/PANRAID/PaNRAID-results/Group2/panraidproject/scan_guide_xy/x+14_y+04
# Param: gx=0.014
# Param: gy=0.004
# Date: Wed Sep 23 15:26:54 2026 (1790170014)
# type: array_1d(120)
# Source: EQ_SANS (eqsans_1_fixed.instr)
# component: lambda_det
# position: 0 0 22.28
# title: Wavelength monitor
# Ncount: 1000000
# filename: lambda_det.dat
# statistics: X0=4.08112; dX=0.985171;
# signal: Min=0; Max=3.4257e+06; Mean=508327;
# values: 6.09992e+07 614694 18519
# xvar: L
# yvar: (I,I_err)
# xlabel: Wavelength [AA]
# ylabel: Intensity
# xlimits: 0 12
# variables: L I I_err N
0.05 0 0 0 
0.15 0 0 0 
0.25 0 0 0 
0.35 0 0 0 
0.45 0 0 0 
0.55 0 0 0 
0.65 0 0 0 
0.75 0 0 0 
0.85 0 0 0 
0.95 0 0 0 
1.05 0 0 0 
1.15 0 0 0 
1.25 0 0 0 
1.35 0 0 0 
1.45 0 0 0 
1.55 0 0 0 
1.65 0 0 0 
1.75 0 0 0 
1.85 0 0 0 
1.95 0 0 0 
2.05 0 0 0 
2.15 0 0 0 
2.25 12298.33422 9922.921466 4 
2.35 10234.30799 6854.332208 7 
2.45 29662.0351 12142.89104 14 
2.55 166475.4161 31476.05072 57 
2.65 408105.3009 52307.90767 132 
2.75 855050.9513 72599.55517 298 
2.85 2098227.138 118067.5267 679 
2.95 3425699.646 147551.1204 1058 
3.05 3193322.166 141085.5977 965 
3.15 3056332.767 137754.3288 955 
3.25 3080285.38 138320.3855 915 
3.35 2913998.333 134383.1271 850 
3.45 2685111.364 128286.5557 830 
3.55 2463416.186 122698.4025 784 
3.65 2578053.422 127560.0448 766 
3.75 2312851.093 119473.9832 678 
3.85 2232261.141 115976.9422 660 
3.95 1964382.936 109666.0555 604 
4.05 1817575.166 104573.8213 546 
4.15 1853198.901 106249.7732 563 
4.25 1880961.664 106403.9345 551 
4.35 1672623.421 101885.6104 519 
4.45 1488748.909 94634.19215 482 
4.55 1626088.723 100775.9965 475 
4.65 1390920.043 93791.09781 400 
4.75 1213536.042 84903.76762 390 
4.85 1370829.591 91792.62927 416 
4.95 1172919.636 85030.61114 376 
5.05 1045180.042 82419.01638 297 
5.15 1096316.681 82792.58581 331 
5.25 926242.6533 75017.33993 302 
5.35 996754.2868 79541.03573 281 
5.45 761666.6252 66179.07005 254 
5.55 1028606.778 81774.71458 276 
5.65 766167.1878 67368.99313 243 
5.75 839332.9571 73018.19351 235 
5.85 703332.5805 64729.62965 222 
5.95 636121.7958 62978.59938 168 
6.05 681150.675 64587.56842 192 
6.15 581512.0452 60316.13844 181 
6.25 610016.8612 63254.20401 191 
6.35 571007.5035 58923.40293 157 
6.45 428153.2605 50515.07786 127 
6.55 284536.7092 44191.74623 73 
6.65 69965.5029 21767.80232 15 
6.75 0 0 0 
6.85 0 0 0 
6.95 0 0 0 
7.05 0 0 0 
7.15 0 0 0 
7.25 0 0 0 
7.35 0 0 0 
7.45 0 0 0 
7.55 0 0 0 
7.65 0 0 0 
7.75 0 0 0 
7.85 0 0 0 
7.95 0 0 0 
8.05 0 0 0 
8.15 0 0 0 
8.25 0 0 0 
8.35 0 0 0 
8.45 0 0 0 
8.55 0 0 0 
8.65 0 0 0 
8.75 0 0 0 
8.85 0 0 0 
8.95 0 0 0 
9.05 0 0 0 
9.15 0 0 0 
9.25 0 0 0 
9.35 0 0 0 
9.45 0 0 0 
9.55 0 0 0 
9.65 0 0 0 
9.75 0 0 0 
9.85 0 0 0 
9.95 0 0 0 
10.05 0 0 0 
10.15 0 0 0 
10.25 0 0 0 
10.35 0 0 0 
10.45 0 0 0 
10.55 0 0 0 
10.65 0 0 0 
10.75 0 0 0 
10.85 0 0 0 
10.95 0 0 0 
11.05 0 0 0 
11.15 0 0 0 
11.25 0 0 0 
11.35 0 0 0 
11.45 0 0 0 
11.55 0 0 0 
11.65 0 0 0 
11.75 0 0 0 
11.85 0 0 0 
11.95 0 0 0 
