# Format: McCode with text headers
# URL: http://www.mccode.org
# Creator:  3.8.5, git
# Instrument: eqsans_sans.instr
# Ncount: 10000000
# Trace: no
# Gravitation: no
# Seed: 1790180818119962
# Directory: /Users/georgeyumnam/WORK/PANRAID/PaNRAID-results/Group2/panraidproject/scan_sans_sample/x-13_y-20
# Param: gx=-0.013
# Param: gy=-0.02
# Param: sample_on=1
# Param: R_sphere=100
# Param: Phi=0.01
# Param: bs_radius=0
# Param: samp_ap=0.01
# Date: Wed Sep 23 18:27:32 2026 (1790180852)
# type: array_1d(100)
# Source: EQ_SANS_sample (eqsans_sans.instr)
# component: qmon
# position: 0 0 22.281
# title: QMonitor - Radially averaged distribution
# Ncount: 10000000
# filename: rdet.dat
# statistics: X0=0.0766537; dX=0.0526208;
# signal: Min=0; Max=4.78206e+07; Mean=4.88618e+06;
# values: 4.88618e+08 6.9929e+07 1232
# xvar: r
# yvar: (I,I_err)
# xlabel: Radius [m]
# ylabel: I(r)
# xlimits: 0 0.5
# variables: r I I_err N
0.0025 0 0 0 
0.0075 0 0 0 
0.0125 0 0 0 
0.0175 47820562.75 33814654.83 2 
0.0225 0 0 0 
0.0275 47790376.53 34517984.75 2 
0.0325 0 0 0 
0.0375 39556027.68 25766261.42 3 
0.0425 23816526.75 19378701.72 2 
0.0475 24164078.33 17087024.17 2 
0.0525 10386242.9 10386242.9 1 
0.0575 32231120.91 17118739.54 4 
0.0625 24938035.04 13086740.71 4 
0.0675 19831775.1 10183414.12 4 
0.0725 11226232.49 8575876.3 2 
0.0775 11599642.67 9869519.88 2 
0.0825 25056364.48 11175292.3 6 
0.0875 15663287.47 9371215.494 3 
0.0925 19728815.3 9421881.142 7 
0.0975 15041657.05 6916758.268 5 
0.1025 7236599.423 3579337.197 5 
0.1075 4271254.175 2860185.434 3 
0.1125 8536939.803 5142565.64 3 
0.1175 11854983.85 5622528.658 5 
0.1225 8564043.388 4206597.418 6 
0.1275 9446717.475 4310802.803 5 
0.1325 8755729.1 3547755.007 11 
0.1375 7199485.401 3650121.393 7 
0.1425 8730538.387 4130183.872 7 
0.1475 4770388.017 2966541.362 7 
0.1525 7662123.925 3015728.977 11 
0.1575 2046047.934 1185181.266 8 
0.1625 5529185.997 2212008.895 9 
0.1675 732834.8816 411283.7583 6 
0.1725 1768256.978 1170079.384 7 
0.1775 1704402.432 1041413.849 9 
0.1825 1727629.614 1664836.295 6 
0.1875 1132032.715 618265.361 9 
0.1925 1568350.202 957775.8782 9 
0.1975 920480.4734 615690.878 7 
0.2025 2925901.708 1461068.098 9 
0.2075 1064870.8 664066.774 10 
0.2125 1490811.978 921765.8844 10 
0.2175 1391373.956 906139.7844 12 
0.2225 1008509.442 580295.7566 14 
0.2275 107657.9229 39396.46156 12 
0.2325 1202116.335 561029.4076 15 
0.2375 490711.8066 297491.1967 8 
0.2425 404549.1717 184263.8654 16 
0.2475 129771.8107 67128.24256 9 
0.2525 807442.9537 325067.2876 20 
0.2575 515379.5069 356359.5217 10 
0.2625 371095.8576 153530.7038 18 
0.2675 294327.6608 123796.466 14 
0.2725 183864.5587 63154.94453 17 
0.2775 163768.9019 69812.48938 12 
0.2825 265645.0643 127813.8185 15 
0.2875 232912.8 135907.9147 13 
0.2925 128905.8399 42299.15622 16 
0.2975 265263.5243 94362.15996 22 
0.3025 244776.0854 122010.8721 15 
0.3075 85106.33826 28074.73721 17 
0.3125 39956.22591 21602.138 13 
0.3175 103561.2008 41658.22804 16 
0.3225 68869.29603 27804.99847 11 
0.3275 84845.47887 31246.54014 15 
0.3325 59446.13791 25477.88267 14 
0.3375 51228.45204 17863.54134 15 
0.3425 69461.51198 28835.43641 11 
0.3475 66211.49144 21564.29343 20 
0.3525 48398.26267 22247.08253 9 
0.3575 84330.47378 29523.5257 19 
0.3625 48607.14453 19496.17568 14 
0.3675 46610.11682 19187.8898 15 
0.3725 98003.9036 29736.31614 26 
0.3775 21307.65912 8721.050961 11 
0.3825 45180.85185 20465.2595 16 
0.3875 86346.17404 29694.03533 18 
0.3925 64781.53232 25676.69882 21 
0.3975 48900.82089 19399.63394 17 
0.4025 51577.05712 20776.12187 15 
0.4075 40917.43542 15642.3714 24 
0.4125 69981.66365 23634.80109 20 
0.4175 30664.32705 15015.65946 19 
0.4225 55660.99853 19510.31729 23 
0.4275 19208.64333 8546.461065 12 
0.4325 31042.77485 10340.15434 23 
0.4375 53150.49663 15999.18095 31 
0.4425 37873.28171 13147.45902 20 
0.4475 30638.83759 15811.83377 17 
0.4525 31347.62205 10283.94014 27 
0.4575 31344.09854 14410.08565 23 
0.4625 57675.20442 19295.2892 29 
0.4675 12688.20122 3541.342416 19 
0.4725 20711.48344 8876.726019 19 
0.4775 16240.27773 4325.677763 29 
0.4825 22481.97627 6112.585734 27 
0.4875 42624.73782 15726.34704 28 
0.4925 31245.11408 11464.61393 29 
0.4975 11027.32871 3351.531084 24 
