# Format: McCode with text headers
# URL: http://www.mccode.org
# Creator:  3.8.5, git
# Instrument: eqsans_sans.instr
# Ncount: 10000000
# Trace: no
# Gravitation: no
# Seed: 1790185358150198
# Directory: /Users/georgeyumnam/WORK/PANRAID/PaNRAID-results/Group2/panraidproject/scan_sans_sample/x+18_y+09
# Param: gx=0.018
# Param: gy=0.009
# Param: sample_on=1
# Param: R_sphere=100
# Param: Phi=0.01
# Param: bs_radius=0
# Param: samp_ap=0.01
# Date: Wed Sep 23 19:43:12 2026 (1790185392)
# type: array_1d(100)
# Source: EQ_SANS_sample (eqsans_sans.instr)
# component: qmon
# position: 0 0 22.281
# title: QMonitor - Radially averaged distribution
# Ncount: 10000000
# filename: rdet.dat
# statistics: X0=0.068166; dX=0.0552913;
# signal: Min=0; Max=6.2329e+07; Mean=6.91515e+06;
# values: 6.91515e+08 1.03501e+08 1606
# xvar: r
# yvar: (I,I_err)
# xlabel: Radius [m]
# ylabel: I(r)
# xlimits: 0 0.5
# variables: r I I_err N
0.0025 0 0 0 
0.0075 62328992.35 62328992.35 1 
0.0125 37409480.33 37409480.33 1 
0.0175 18659235.54 18659235.54 1 
0.0225 45783125.4 33949324.8 2 
0.0275 21787313.19 21787313.19 1 
0.0325 10758622.02 10758622.02 1 
0.0375 53723465.79 30092595.69 4 
0.0425 51862100.31 26793113.79 4 
0.0475 37126995.42 19184487.74 4 
0.0525 19723601.3 11862298.18 3 
0.0575 24171833.11 14861776.07 3 
0.0625 21536804.95 12634370.23 3 
0.0675 8748460.91 8748460.91 1 
0.0725 23648500.32 12199507.2 5 
0.0775 25847457.68 11354790.69 6 
0.0825 20763096 11411873.04 4 
0.0875 16689174.48 9220575.781 4 
0.0925 12018155.83 7328164.643 4 
0.0975 20917757.91 8487583.347 9 
0.1025 4808878.946 4079292.059 2 
0.1075 10565515.35 6494721.11 4 
0.1125 14324705.63 6603662.644 7 
0.1175 17877999.3 7287188.673 7 
0.1225 8550896.592 4217784.977 7 
0.1275 19004133.45 6360245.887 14 
0.1325 8000993.546 3162832.059 10 
0.1375 5610834.859 2580228.488 6 
0.1425 13020692.83 4381965.574 15 
0.1475 9666103.177 3705857.32 12 
0.1525 4827750.107 2209106.3 10 
0.1575 4455669.845 1910637.604 11 
0.1625 2970715.125 1726786.395 7 
0.1675 1120557.996 492091.3202 10 
0.1725 1536360.614 941157.3525 7 
0.1775 3951373.329 2207289.185 9 
0.1825 1994916.382 1896132.065 7 
0.1875 4492169.811 1630840.275 15 
0.1925 1080662.095 712436.4056 15 
0.1975 1579196.92 932348.4358 11 
0.2025 999689.3435 689529.4063 17 
0.2075 2373429.892 1004301.383 17 
0.2125 2950981.186 1347777.049 15 
0.2175 830381.5547 311501.0482 17 
0.2225 908273.8137 535144.4019 14 
0.2275 1089698.175 641899.7931 16 
0.2325 890327.3236 476897.143 17 
0.2375 495092.949 262123.2196 13 
0.2425 539515.7232 301053.0342 13 
0.2475 682019.8352 384173.9209 12 
0.2525 478142.9403 279586.2959 16 
0.2575 134066.2721 52187.97598 11 
0.2625 311768.7681 123060.3243 23 
0.2675 1107423.836 451159.4751 18 
0.2725 121235.9646 39722.67682 13 
0.2775 323677.8986 123248.9349 20 
0.2825 197400.5888 65005.56711 17 
0.2875 165188.0409 113682.0096 14 
0.2925 172299.4062 61470.56457 16 
0.2975 373782.4893 189133.0868 23 
0.3025 149057.3664 44658.69667 23 
0.3075 88109.95947 27734.82853 18 
0.3125 106337.9478 33532.82714 19 
0.3175 117534.6189 35237.87581 21 
0.3225 177185.4367 49841.48407 25 
0.3275 109848.5343 37425.62421 21 
0.3325 136613.1275 40693.54983 23 
0.3375 216797.311 75596.94703 34 
0.3425 245689.9295 104285.6658 27 
0.3475 171429.0102 42571.84984 28 
0.3525 104673.2641 32906.5515 22 
0.3575 62958.71825 28758.41626 16 
0.3625 61655.807 23051.24267 19 
0.3675 67173.09526 24624.54279 20 
0.3725 36754.26667 13645.53118 19 
0.3775 109369.24 30830.4188 25 
0.3825 107441.1187 30235.47299 27 
0.3875 72684.69498 23600.19232 26 
0.3925 152504.988 38690.93283 32 
0.3975 69497.17351 22945.82526 26 
0.4025 87908.08321 27244.25542 25 
0.4075 49359.51267 17270.06825 26 
0.4125 64066.68478 21644.67202 20 
0.4175 59776.44222 17239.9347 25 
0.4225 60142.3178 18680.14711 24 
0.4275 61742.78426 16558.16419 35 
0.4325 86259.81824 23567.03769 40 
0.4375 51414.23708 18120.09768 27 
0.4425 72852.37604 23524.11184 32 
0.4475 43704.91904 17295.45394 19 
0.4525 46698.75078 14863.62346 27 
0.4575 49585.71401 17638.25945 22 
0.4625 58860.92111 19211.34676 35 
0.4675 40254.56642 13039.95651 34 
0.4725 38130.55734 13719.23933 29 
0.4775 74239.9379 20994.11509 39 
0.4825 34014.93039 12119.61947 29 
0.4875 45890.22155 14006.11134 27 
0.4925 26661.63704 10191.56956 28 
0.4975 11825.16785 4053.660592 23 
