# Format: McCode with text headers
# URL: http://www.mccode.org
# Creator:  3.8.5, git
# Instrument: eqsans_sans.instr
# Ncount: 10000000
# Trace: no
# Gravitation: no
# Seed: 1790183858423768
# Directory: /Users/georgeyumnam/WORK/PANRAID/PaNRAID-results/Group2/panraidproject/scan_sans_sample/x+08_y-12
# Param: gx=0.008
# Param: gy=-0.012
# Param: sample_on=1
# Param: R_sphere=100
# Param: Phi=0.01
# Param: bs_radius=0
# Param: samp_ap=0.01
# Date: Wed Sep 23 19:18:12 2026 (1790183892)
# type: array_1d(100)
# Source: EQ_SANS_sample (eqsans_sans.instr)
# component: qmon
# position: 0 0 22.281
# title: QMonitor - Radially averaged distribution
# Ncount: 10000000
# filename: rdet.dat
# statistics: X0=0.0571207; dX=0.0560285;
# signal: Min=0; Max=2.97982e+08; Mean=1.31027e+07;
# values: 1.31027e+09 3.23181e+08 2426
# xvar: r
# yvar: (I,I_err)
# xlabel: Radius [m]
# ylabel: I(r)
# xlimits: 0 0.5
# variables: r I I_err N
0.0025 297981920.1 297981920.1 1 
0.0075 69742956.66 69742956.66 1 
0.0125 58470407.11 58470407.11 1 
0.0175 23393890.92 23393890.92 1 
0.0225 29935532 29935532 1 
0.0275 45444176.79 32369392.64 2 
0.0325 30607059.94 26637295.19 2 
0.0375 0 0 0 
0.0425 56698013.86 24221479.51 6 
0.0475 74699283.99 29864966.54 7 
0.0525 65202927.6 24893341.02 8 
0.0575 37826411.94 18064299.02 6 
0.0625 14895172.9 10902140.87 3 
0.0675 40665297.25 15862738.25 7 
0.0725 58678215.01 18074529.43 13 
0.0775 38152771.16 13624970.23 10 
0.0825 36668017.43 14586482.03 7 
0.0875 13880285.54 6361780.131 6 
0.0925 43227423.7 13622678.48 13 
0.0975 27120905.16 10589563.12 9 
0.1025 31871520.47 11336133.03 9 
0.1075 22441663.79 9519596.485 7 
0.1125 16688944.31 6297771.607 8 
0.1175 20022096.2 6225142.731 15 
0.1225 16671390.13 5575093.576 15 
0.1275 14806615.36 5412907.749 13 
0.1325 9651398.022 4034007.702 9 
0.1375 9682821.055 3999741.602 11 
0.1425 16455194.9 5746660.503 14 
0.1475 10052837.04 3585649.773 13 
0.1525 6640154.592 2680710.307 14 
0.1575 7910242.817 3028222.021 13 
0.1625 5634761.111 2687661.029 14 
0.1675 3118423.016 1688863.153 15 
0.1725 4078497.772 2217596.019 20 
0.1775 8408338.267 2977747.599 22 
0.1825 3977872.91 1559599.65 19 
0.1875 2186558.003 1015905.853 15 
0.1925 2650931.025 1153575.588 18 
0.1975 3093455.167 1268853.383 20 
0.2025 3746414.433 1325611.056 19 
0.2075 3206532.284 1468081.731 23 
0.2125 2012454.914 799573.4354 26 
0.2175 3687856.049 1333731.995 31 
0.2225 1355084.589 607087.9145 24 
0.2275 2229277.313 1065879.227 21 
0.2325 1868663.757 917832.2554 21 
0.2375 1620840.267 1010275.358 20 
0.2425 652583.8605 249205.3774 24 
0.2475 1003859.691 477982.7139 25 
0.2525 357507.8945 177495.7038 19 
0.2575 585520.2789 228836.1133 23 
0.2625 822945.0605 420921.9018 26 
0.2675 924087.7811 442920.144 24 
0.2725 360768.7715 143289.5048 21 
0.2775 174363.8506 54630.41603 20 
0.2825 875216.7347 322596.4362 33 
0.2875 386297.4591 154381.0361 25 
0.2925 202118.2423 47362.47839 26 
0.2975 98146.95662 34071.5862 22 
0.3025 297646.8113 139703.5328 22 
0.3075 536161.7191 160550.7337 37 
0.3125 265535.0722 70647.44816 32 
0.3175 201463.4319 58547.63731 30 
0.3225 168918.7655 40702.77765 37 
0.3275 155229.5601 42257.98672 26 
0.3325 147718.2571 40790.33192 27 
0.3375 73096.99507 22022.27868 25 
0.3425 127172.3683 33808.17495 25 
0.3475 104497.112 28732.34812 23 
0.3525 103468.9504 28899.7011 31 
0.3575 148095.9373 40690.74128 35 
0.3625 108393.8737 28819.64126 34 
0.3675 89418.95651 26296.5197 31 
0.3725 104301.2019 28940.47198 29 
0.3775 114543.321 29776.26904 35 
0.3825 100584.8471 28976.21173 34 
0.3875 94603.84941 22338.22237 37 
0.3925 73632.53162 18490.09985 41 
0.3975 116977.4567 28277.45591 49 
0.4025 121130.9514 31298.49223 41 
0.4075 128907.5534 25880.12588 63 
0.4125 96822.38852 22180.30481 43 
0.4175 81497.32603 26625.19991 35 
0.4225 109840.6778 25498.95173 51 
0.4275 61098.77582 17808.53436 36 
0.4325 65573.02221 19699.90633 38 
0.4375 114733.5792 27725.96035 45 
0.4425 85698.85816 22599.01849 54 
0.4475 115832.4226 28674.01632 45 
0.4525 100958.4118 25848.89481 40 
0.4575 56812.28412 16943.77593 48 
0.4625 51746.58245 12223.55461 51 
0.4675 70479.59728 17671.07207 42 
0.4725 117534.4122 29046.67569 52 
0.4775 75167.26616 22157.01499 48 
0.4825 29986.29197 8188.020702 39 
0.4875 48426.86671 12757.41357 56 
0.4925 57281.8447 16497.88164 53 
0.4975 42752.54685 13305.22736 45 
