# Format: McCode with text headers
# URL: http://www.mccode.org
# Creator:  3.8.5, git
# Instrument: eqsans_cylinder.instr
# Ncount: 5000000
# Trace: no
# Gravitation: no
# Seed: 1790195262852569
# Directory: /Users/georgeyumnam/WORK/PANRAID/PaNRAID-results/Group2/panraidproject/dataset_cylinder/cyl_001422
# Param: gx=0
# Param: gy=0
# Param: sample_on=1
# Param: bs_radius=0
# Param: samp_ap=0.01
# Param: sld=1.51284
# Param: sld_solvent=1
# Param: radius=127.503
# Param: length=501.528
# Param: pd_radius=0.20568
# Param: pd_length=0.04543
# Param: model_scale=1
# Param: model_abs=0
# Date: Wed Sep 23 22:28:00 2026 (1790195280)
# type: array_1d(120)
# Source: EQ_SANS_cylinder (eqsans_cylinder.instr)
# component: lambda_det
# position: 0 0 22.28
# title: Wavelength monitor
# Ncount: 5000000
# filename: lambda_det.dat
# statistics: X0=4.40075; dX=1.04405;
# signal: Min=0; Max=4.19334e+10; Mean=8.70188e+09;
# values: 1.04423e+12 1.96168e+10 288684
# xvar: L
# yvar: (I,I_err)
# xlabel: Wavelength [AA]
# ylabel: Intensity
# xlimits: 0 12
# variables: L I I_err N
0.05 0 0 0 
0.15 0 0 0 
0.25 0 0 0 
0.35 0 0 0 
0.45 0 0 0 
0.55 0 0 0 
0.65 0 0 0 
0.75 0 0 0 
0.85 0 0 0 
0.95 0 0 0 
1.05 0 0 0 
1.15 0 0 0 
1.25 0 0 0 
1.35 0 0 0 
1.45 0 0 0 
1.55 0 0 0 
1.65 0 0 0 
1.75 0 0 0 
1.85 0 0 0 
1.95 0 0 0 
2.05 0 0 0 
2.15 12770730.88 6997770.214 50 
2.25 2778646.126 1578659.996 50 
2.35 193768165.7 176906390.6 150 
2.45 564297047.4 302138564.2 600 
2.55 1107362414 312545824.5 1000 
2.65 5875425666 1568677027 3300 
2.75 1.39700225e+10 1845425836 9450 
2.85 2.650358415e+10 2972125725 15550 
2.95 3.62962497e+10 3359088061 18048 
3.05 3.370573597e+10 3344535608 16300 
3.15 4.193342861e+10 3652774657 17250 
3.25 3.50285963e+10 4550856155 14600 
3.35 2.720027403e+10 2861417168 12699 
3.45 3.163211509e+10 3327424233 12649 
3.55 3.87722375e+10 3640106593 12349 
3.65 3.315923573e+10 3076468580 12198 
3.75 3.630971828e+10 3055064478 12350 
3.85 3.113225567e+10 3378211128 9848 
3.95 3.561533849e+10 3642930206 10199 
4.05 3.050103882e+10 2998450549 8850 
4.15 3.972104924e+10 4621464582 8849 
4.25 2.300192597e+10 2421193717 7050 
4.35 2.721005665e+10 2661483140 7150 
4.45 3.078829268e+10 3192100406 7300 
4.55 2.325790891e+10 2915417160 6050 
4.65 3.174684785e+10 4138129169 5800 
4.75 2.887355569e+10 3373370132 5098 
4.85 3.251022416e+10 3596737082 5849 
4.95 2.25188174e+10 2829862277 4450 
5.05 2.37982797e+10 3224283994 3849 
5.15 2.435864748e+10 3294378980 3850 
5.25 2.76812776e+10 3659017498 3900 
5.35 2.72881056e+10 2940069389 4300 
5.45 2.63816588e+10 3075055016 3700 
5.55 2.171930489e+10 2472775169 3650 
5.65 2.757273171e+10 3919919390 3250 
5.75 2.084374888e+10 2605455680 2649 
5.85 2.112806765e+10 2679444680 2650 
5.95 2.321896241e+10 2612180832 2850 
6.05 1.473991267e+10 2613047137 1650 
6.15 1.532737464e+10 2218092336 1850 
6.25 1.299144607e+10 2634948346 1450 
6.35 1.392930447e+10 2257791524 1650 
6.45 1.216261862e+10 1711478442 1450 
6.55 1.109794939e+10 2049150999 800 
6.65 841397710.5 322362332.1 100 
6.75 0 0 0 
6.85 0 0 0 
6.95 0 0 0 
7.05 0 0 0 
7.15 0 0 0 
7.25 0 0 0 
7.35 0 0 0 
7.45 0 0 0 
7.55 0 0 0 
7.65 0 0 0 
7.75 0 0 0 
7.85 0 0 0 
7.95 0 0 0 
8.05 0 0 0 
8.15 0 0 0 
8.25 0 0 0 
8.35 0 0 0 
8.45 0 0 0 
8.55 0 0 0 
8.65 0 0 0 
8.75 0 0 0 
8.85 0 0 0 
8.95 0 0 0 
9.05 0 0 0 
9.15 0 0 0 
9.25 0 0 0 
9.35 0 0 0 
9.45 0 0 0 
9.55 0 0 0 
9.65 0 0 0 
9.75 0 0 0 
9.85 0 0 0 
9.95 0 0 0 
10.05 0 0 0 
10.15 0 0 0 
10.25 0 0 0 
10.35 0 0 0 
10.45 0 0 0 
10.55 0 0 0 
10.65 0 0 0 
10.75 0 0 0 
10.85 0 0 0 
10.95 0 0 0 
11.05 0 0 0 
11.15 0 0 0 
11.25 0 0 0 
11.35 0 0 0 
11.45 0 0 0 
11.55 0 0 0 
11.65 0 0 0 
11.75 0 0 0 
11.85 0 0 0 
11.95 0 0 0 
