# Format: McCode with text headers
# URL: http://www.mccode.org
# Creator:  3.8.5, git
# Instrument: eqsans_sans.instr
# Ncount: 10000000
# Trace: no
# Gravitation: no
# Seed: 1790185461442968
# Directory: /Users/georgeyumnam/WORK/PANRAID/PaNRAID-results/Group2/panraidproject/scan_sans_sample/x+19_y-01
# Param: gx=0.019
# Param: gy=-0.001
# Param: sample_on=1
# Param: R_sphere=100
# Param: Phi=0.01
# Param: bs_radius=0
# Param: samp_ap=0.01
# Date: Wed Sep 23 19:44:56 2026 (1790185496)
# type: array_1d(100)
# Source: EQ_SANS_sample (eqsans_sans.instr)
# component: qmon
# position: 0 0 22.281
# title: QMonitor - Distribution in q (Radially averaged)
# Ncount: 10000000
# filename: qdet.dat
# statistics: X0=0.014167; dX=0.00941108;
# signal: Min=0; Max=3.14422e+08; Mean=2.52312e+07;
# values: 2.52312e+09 2.58024e+08 3551
# xvar: q
# yvar: (I,I_err)
# xlabel: q [1 / AA]
# ylabel: I(q)
# xlimits: 0 0.151561
# variables: q I I_err N
0.0007578035702 0 0 0 
0.002273410711 53023727.22 53023727.22 1 
0.003789017851 314421683.4 136609045.2 6 
0.005304624991 34227967.01 34227967.01 1 
0.006820232132 198039708.7 93766679.27 5 
0.008335839272 263574221 107189543.6 8 
0.009851446413 167792250.1 74468810.41 9 
0.01136705355 237217787.6 72441085.87 13 
0.01288266069 144549894.3 56193150.92 9 
0.01439826783 196393591.8 64299251.18 12 
0.01591387497 81810779.7 31521668.17 9 
0.01742948211 143919010.9 40818378.31 16 
0.01894508925 159906616 45473174.69 21 
0.0204606964 67477299.41 22397032.27 14 
0.02197630354 63099833.68 18968463.12 16 
0.02349191068 71279737.86 21059725.15 17 
0.02500751782 55224453.38 17292694.4 19 
0.02652312496 64997044.47 15169801.99 29 
0.0280387321 49679229.71 17075601.28 19 
0.02955433924 32572568.2 8422001.83 25 
0.03106994638 20249798.1 6357878.278 21 
0.03258555352 26479079.87 7921816.457 26 
0.03410116066 18068156.38 5204712.704 30 
0.0356167678 7996118.447 3098911.974 20 
0.03713237494 9254880.226 4011230.279 24 
0.03864798208 8683147.387 3774490.211 24 
0.04016358922 5734237.837 2145332.848 38 
0.04167919636 1576245.258 442111.0923 36 
0.0431948035 3224153.291 1274209.507 36 
0.04471041064 2739397.921 1267951.449 45 
0.04622601778 838599.3564 242050.6465 33 
0.04774162492 627364.9576 162195.1343 38 
0.04925723206 735446.4083 201209.6956 29 
0.0507728392 845818.1956 184027.7256 42 
0.05228844634 894862.2038 188027.3747 40 
0.05380405348 1459450.288 234406.3502 54 
0.05531966062 1100523.364 209920.0793 37 
0.05683526776 942781.8911 192880.3413 33 
0.05835087491 1168744.069 218490.7476 40 
0.05986648205 671450.7825 145715.5094 31 
0.06138208919 1343333.812 208256.2871 56 
0.06289769633 1329877.85 204440.9021 59 
0.06441330347 1356925.2 223762.9761 56 
0.06592891061 937066.069 168790.7639 48 
0.06744451775 668848.8584 130373.6614 56 
0.06896012489 535623.5892 106812.1584 54 
0.07047573203 274887.0668 76222.55599 36 
0.07199133917 429959.2313 110041.8689 47 
0.07350694631 248378.7778 61804.24896 46 
0.07502255345 250300.3541 78497.30901 51 
0.07653816059 92749.35662 22135.19366 42 
0.07805376773 131186.6849 36084.18521 58 
0.07956937487 81888.35785 16855.3346 53 
0.08108498201 93232.89562 20484.64962 54 
0.08260058915 151423.3398 25756.61415 59 
0.08411619629 145706.2085 28413.9259 53 
0.08563180343 167144.9335 27174.81214 57 
0.08714741057 186942.0145 30134.2546 59 
0.08866301771 132034.9918 23196.25423 43 
0.09017862485 168625.4675 27624.09496 48 
0.09169423199 206187.7456 30748.8595 56 
0.09320983913 192329.8089 29282.82048 56 
0.09472544627 266703.4416 35283.4553 78 
0.09624105341 173585.5836 28837.18122 56 
0.09775666056 89565.0989 18530.29131 35 
0.0992722677 125845.3748 22054.31325 58 
0.1007878748 80173.37373 16134.35901 44 
0.102303482 55635.10595 11405.56498 47 
0.1038190891 74958.14927 15303.7566 53 
0.1053346963 46541.42327 11332.1162 52 
0.1068503034 54095.79142 13682.7648 49 
0.1083659105 24062.87476 6872.626607 45 
0.1098815177 21402.44365 5322.969406 45 
0.1113971248 15770.41164 3671.128022 47 
0.112912732 24912.05346 5601.871274 45 
0.1144283391 25547.78301 4946.945183 45 
0.1159439462 19815.97791 4314.004666 37 
0.1174595534 31861.89978 5943.264037 43 
0.1189751605 26667.9176 5576.496155 32 
0.1204907677 27226.89399 5368.708135 37 
0.1220063748 33449.93374 5797.676997 40 
0.1235219819 33089.90389 5994.922409 39 
0.1250375891 34902.81901 6362.467028 41 
0.1265531962 39313.0981 6601.125994 47 
0.1280688034 27518.62177 5540.959978 36 
0.1295844105 19254.49246 4333.598849 29 
0.1311000176 16389.72001 3970.478982 28 
0.1326156248 14069.66485 3457.516303 26 
0.1341312319 10416.17608 2897.315721 25 
0.1356468391 6984.308876 2295.339355 26 
0.1371624462 9622.405083 3104.020838 30 
0.1386780533 6953.069236 2298.801818 25 
0.1401936605 7261.488883 2091.31396 34 
0.1417092676 3734.98865 1192.296623 22 
0.1432248748 6498.53718 1645.905399 28 
0.1447404819 3710.868732 993.2158441 26 
0.146256089 11259.66106 2233.271344 38 
0.1477716962 6505.784157 1540.823778 28 
0.1492873033 8135.302943 1900.721975 30 
0.1508029105 10516.74879 2111.873653 32 
