# Format: McCode with text headers
# URL: http://www.mccode.org
# Creator:  3.8.5, git
# Instrument: eqsans_cylinder.instr
# Ncount: 5000000
# Trace: no
# Gravitation: no
# Seed: 1790195800324543
# Directory: /Users/georgeyumnam/WORK/PANRAID/PaNRAID-results/Group2/panraidproject/dataset_cylinder/cyl_001720
# Param: gx=0
# Param: gy=0
# Param: sample_on=1
# Param: bs_radius=0
# Param: samp_ap=0.01
# Param: sld=6.85092
# Param: sld_solvent=1
# Param: radius=126.207
# Param: length=723.818
# Param: pd_radius=0.209571
# Param: pd_length=0.078408
# Param: model_scale=1
# Param: model_abs=0
# Date: Wed Sep 23 22:36:58 2026 (1790195818)
# type: array_1d(100)
# Source: EQ_SANS_cylinder (eqsans_cylinder.instr)
# component: qmon
# position: 0 0 22.281
# title: QMonitor - Radially averaged distribution
# Ncount: 5000000
# filename: rdet.dat
# statistics: X0=0.0407951; dX=0.0342904;
# signal: Min=2.05617e+13; Max=2.96598e+17; Mean=2.74366e+16;
# values: 2.74366e+18 1.07885e+17 164462
# xvar: r
# yvar: (I,I_err)
# xlabel: Radius [m]
# ylabel: I(r)
# xlimits: 0 0.5
# variables: r I I_err N
0.0025 8.562131603e+16 3.63963748e+16 10 
0.0075 2.965982402e+17 6.827908763e+16 55 
0.0125 2.763216392e+17 4.276761209e+16 97 
0.0175 2.395320638e+17 3.215521758e+16 113 
0.0225 1.753873467e+17 2.360023056e+16 141 
0.0275 1.930148175e+17 2.70922256e+16 166 
0.0325 2.013868169e+17 2.348257033e+16 195 
0.0375 1.486606664e+17 1.514064572e+16 237 
0.0425 1.40467557e+17 1.380607288e+16 279 
0.0475 1.559689052e+17 1.449242194e+16 305 
0.0525 1.076262718e+17 9.910376523e+15 321 
0.0575 1.104596237e+17 9.940179267e+15 392 
0.0625 1.034657756e+17 8.378054352e+15 434 
0.0675 8.346583972e+16 8.181958695e+15 444 
0.0725 7.535603416e+16 7.173432552e+15 470 
0.0775 5.566167857e+16 4.437601261e+15 484 
0.0825 4.792105532e+16 4.047915674e+15 529 
0.0875 3.658687819e+16 3.253580631e+15 556 
0.0925 3.237449236e+16 2.776034495e+15 591 
0.0975 2.383999705e+16 1.896919578e+15 654 
0.1025 2.51271376e+16 2.094547332e+15 673 
0.1075 1.855366908e+16 1.554647869e+15 700 
0.1125 1.82142769e+16 1.516683194e+15 720 
0.1175 1.265314884e+16 9.810372826e+14 769 
0.1225 1.427060841e+16 1.185753282e+15 813 
0.1275 1.025735136e+16 7.441429461e+14 861 
0.1325 8.014621657e+15 5.783054191e+14 900 
0.1375 6.0938994e+15 4.93931326e+14 922 
0.1425 5.152416789e+15 4.20274379e+14 920 
0.1475 4.63653088e+15 3.328082525e+14 983 
0.1525 4.579444809e+15 3.736010728e+14 1035 
0.1575 3.171145382e+15 2.179928918e+14 1038 
0.1625 2.377885534e+15 1.730619601e+14 1001 
0.1675 2.149478775e+15 1.529851305e+14 1107 
0.1725 1.729556589e+15 1.189054722e+14 1135 
0.1775 1.880377989e+15 1.316087265e+14 1179 
0.1825 1.271144336e+15 7.567263355e+13 1233 
0.1875 1.205575097e+15 7.74984806e+13 1232 
0.1925 1.096239189e+15 7.261707273e+13 1283 
0.1975 9.851329861e+14 5.909339633e+13 1340 
0.2025 9.613710235e+14 5.890481315e+13 1393 
0.2075 7.302548722e+14 3.8431911e+13 1406 
0.2125 6.775783433e+14 3.807652489e+13 1366 
0.2175 5.738705387e+14 2.94824148e+13 1402 
0.2225 5.367263559e+14 2.626661891e+13 1473 
0.2275 5.052676682e+14 2.58056776e+13 1460 
0.2325 4.43090596e+14 2.09315806e+13 1509 
0.2375 4.215590013e+14 2.035502039e+13 1568 
0.2425 3.738338185e+14 1.668452683e+13 1615 
0.2475 3.703030193e+14 1.773208552e+13 1581 
0.2525 3.138958473e+14 1.427681335e+13 1625 
0.2575 2.889965366e+14 1.285091583e+13 1645 
0.2625 2.848482176e+14 1.265471102e+13 1712 
0.2675 2.405146463e+14 1.053103036e+13 1724 
0.2725 2.327427952e+14 9.901303096e+12 1807 
0.2775 2.34179406e+14 1.012088548e+13 1853 
0.2825 2.17074808e+14 9.413830991e+12 1872 
0.2875 1.870217151e+14 7.906951408e+12 1884 
0.2925 1.849473124e+14 7.871812146e+12 1949 
0.2975 1.574999739e+14 6.750854372e+12 1916 
0.3025 1.602737781e+14 6.583000164e+12 1993 
0.3075 1.511884556e+14 6.394797016e+12 2035 
0.3125 1.480184418e+14 6.051674682e+12 2120 
0.3175 1.274333303e+14 5.30763416e+12 2023 
0.3225 1.291121913e+14 5.653256503e+12 2163 
0.3275 1.276113745e+14 4.901964539e+12 2268 
0.3325 1.064700619e+14 4.230883117e+12 2271 
0.3375 1.030564577e+14 4.00897167e+12 2224 
0.3425 1.04719583e+14 4.173096333e+12 2316 
0.3475 9.789431999e+13 3.781822835e+12 2339 
0.3525 8.052894222e+13 3.258805597e+12 2243 
0.3575 8.375555995e+13 3.262076755e+12 2388 
0.3625 7.964353481e+13 3.030017727e+12 2416 
0.3675 7.317257669e+13 2.696524994e+12 2459 
0.3725 7.083307177e+13 2.617425956e+12 2410 
0.3775 6.509375513e+13 2.400347455e+12 2505 
0.3825 6.051987613e+13 2.11181968e+12 2572 
0.3875 5.549967189e+13 1.96129937e+12 2546 
0.3925 5.464961239e+13 2.007799054e+12 2579 
0.3975 5.085356663e+13 1.818597404e+12 2559 
0.4025 4.862634859e+13 1.795491736e+12 2654 
0.4075 4.940701272e+13 1.81516006e+12 2678 
0.4125 4.088594869e+13 1.488028704e+12 2608 
0.4175 4.310342301e+13 1.521437514e+12 2729 
0.4225 3.8432701e+13 1.329024539e+12 2694 
0.4275 3.903350736e+13 1.349819263e+12 2786 
0.4325 3.794877129e+13 1.28572463e+12 2877 
0.4375 3.595763925e+13 1.247349598e+12 2875 
0.4425 3.344847011e+13 1.153455728e+12 2934 
0.4475 3.161463517e+13 1.061680542e+12 2970 
0.4525 3.12176499e+13 1.028492026e+12 3059 
0.4575 2.965238673e+13 9.933934315e+11 3056 
0.4625 2.692040648e+13 9.26019078e+11 2907 
0.4675 2.625145821e+13 8.704528664e+11 3137 
0.4725 2.636245597e+13 8.528409551e+11 3125 
0.4775 2.432509849e+13 8.051063544e+11 3158 
0.4825 2.369597242e+13 7.785951139e+11 3137 
0.4875 2.295902487e+13 7.250130643e+11 3153 
0.4925 2.298321097e+13 7.276878681e+11 3168 
0.4975 2.056168826e+13 6.593170297e+11 3251 
