# Format: McCode with text headers
# URL: http://www.mccode.org
# Creator:  3.8.5, git
# Instrument: eqsans_sans.instr
# Ncount: 10000000
# Trace: no
# Gravitation: no
# Seed: 1790184831038660
# Directory: /Users/georgeyumnam/WORK/PANRAID/PaNRAID-results/Group2/panraidproject/scan_sans_sample/x+14_y+18
# Param: gx=0.014
# Param: gy=0.018
# Param: sample_on=1
# Param: R_sphere=100
# Param: Phi=0.01
# Param: bs_radius=0
# Param: samp_ap=0.01
# Date: Wed Sep 23 19:34:25 2026 (1790184865)
# type: array_1d(100)
# Source: EQ_SANS_sample (eqsans_sans.instr)
# component: qmon
# position: 0 0 22.281
# title: QMonitor - Distribution in q (Radially averaged)
# Ncount: 10000000
# filename: qdet.dat
# statistics: X0=0.0133231; dX=0.0101086;
# signal: Min=0; Max=4.12901e+08; Mean=1.67845e+07;
# values: 1.67845e+09 3.32216e+08 2013
# xvar: q
# yvar: (I,I_err)
# xlabel: q [1 / AA]
# ylabel: I(q)
# xlimits: 0 0.151561
# variables: q I I_err N
0.0007578035702 0 0 0 
0.002273410711 412901043.7 295680128.6 2 
0.003789017851 82131611.52 65756544.7 2 
0.005304624991 49234792.91 49234792.91 1 
0.006820232132 19717588.37 19717588.37 1 
0.008335839272 107830922.1 60975621.72 4 
0.009851446413 25992957.6 25992957.6 1 
0.01136705355 78091249.19 42920995.2 4 
0.01288266069 144036496.8 60337328.3 9 
0.01439826783 82988251.5 34203733.91 8 
0.01591387497 55377535.69 29709372.86 4 
0.01742948211 92764193.87 40708626.33 8 
0.01894508925 118631806.2 39300513.1 13 
0.0204606964 74690074.39 33375518.54 9 
0.02197630354 60101064.04 26144387.4 10 
0.02349191068 57154273.56 17970062.08 14 
0.02500751782 57062913.21 19633715.51 16 
0.02652312496 28984983.91 9298374.971 15 
0.0280387321 25124445.72 9377675.635 18 
0.02955433924 30294929.32 10395930.17 14 
0.03106994638 18568056.55 6366619.689 17 
0.03258555352 17309691.73 7175691.681 18 
0.03410116066 9791241.923 3036545.18 16 
0.0356167678 10165979.55 4116124.104 18 
0.03713237494 3098461.733 1197992.919 18 
0.03864798208 2620761.454 991723.7657 19 
0.04016358922 208605.3805 103759.7793 10 
0.04167919636 1313054.798 568909.0594 18 
0.0431948035 782586.824 392665.5451 19 
0.04471041064 225143.8209 114620.8828 11 
0.04622601778 270921.5056 90634.57937 21 
0.04774162492 331468.9333 161899.5151 10 
0.04925723206 601909.1999 198150.2244 26 
0.0507728392 554435.4605 127939.2278 29 
0.05228844634 391299.8055 122200.058 17 
0.05380405348 819854.4996 194788.7457 30 
0.05531966062 609937.6574 160327.7038 22 
0.05683526776 463242.8878 134657.9112 16 
0.05835087491 827600.2551 183042.0506 29 
0.05986648205 715040.9176 167690.9119 28 
0.06138208919 729227.0159 165247.2942 31 
0.06289769633 643179.3364 147847.5205 29 
0.06441330347 449954.439 109596.1883 27 
0.06592891061 632608.8187 142697.6419 31 
0.06744451775 400402.2598 105645.5651 28 
0.06896012489 248856.309 60486.66625 31 
0.07047573203 348632.737 81397.04491 35 
0.07199133917 242765.9175 60954.59945 32 
0.07350694631 62355.94729 22135.59502 23 
0.07502255345 139063.0605 48363.81818 39 
0.07653816059 96495.78389 52072.57779 26 
0.07805376773 46915.69424 16510.203 22 
0.07956937487 87003.59281 31644.57759 30 
0.08108498201 47468.2165 14360.55181 26 
0.08260058915 31547.56618 10621.7165 18 
0.08411619629 55459.55266 15636.56611 26 
0.08563180343 77039.80343 17507.43822 30 
0.08714741057 94574.16148 21820.17785 27 
0.08866301771 85820.73167 19861.3027 24 
0.09017862485 103848.344 22430.6147 29 
0.09169423199 108558.7905 22805.2913 32 
0.09320983913 103565.2875 22431.9865 30 
0.09472544627 122841.9284 22471.75367 39 
0.09624105341 54085.07547 15395.86741 20 
0.09775666056 69916.27827 14659.58619 32 
0.0992722677 79503.18824 17461.97408 32 
0.1007878748 57296.61484 14834.3357 28 
0.102303482 46254.19639 11466.52781 36 
0.1038190891 38496.96363 10676.85022 36 
0.1053346963 23072.71439 6904.458942 33 
0.1068503034 9436.301128 4504.419967 21 
0.1083659105 17196.48079 7709.899896 22 
0.1098815177 11606.67257 3264.964212 27 
0.1113971248 9943.443724 3149.975807 31 
0.112912732 16816.30477 4511.205302 33 
0.1144283391 22343.06775 5068.880536 28 
0.1159439462 17972.20882 4807.431042 25 
0.1174595534 14493.03915 4240.091497 16 
0.1189751605 22136.03109 5266.047902 23 
0.1204907677 26075.28226 5576.989314 27 
0.1220063748 30469.28336 6615.824957 27 
0.1235219819 17619.6574 4523.798971 17 
0.1250375891 14641.67811 4167.630556 18 
0.1265531962 14231.24855 3789.179616 21 
0.1280688034 17884.59636 4563.323996 21 
0.1295844105 17597.76738 4489.330512 19 
0.1311000176 7697.248197 3015.022822 9 
0.1326156248 8667.333579 2834.664431 16 
0.1341312319 8275.790272 2718.541445 19 
0.1356468391 7545.93081 2776.809073 16 
0.1371624462 2427.999302 1154.324148 11 
0.1386780533 2908.002816 943.6413393 21 
0.1401936605 3509.69549 1469.867303 14 
0.1417092676 4459.642378 1477.714476 20 
0.1432248748 2403.468465 920.8795077 15 
0.1447404819 3680.094976 1138.25734 18 
0.146256089 3620.404518 1396.115245 13 
0.1477716962 2064.559217 883.6420857 13 
0.1492873033 2907.815377 1123.864623 11 
0.1508029105 4837.291201 1457.788981 14 
