# Format: McCode with text headers
# URL: http://www.mccode.org
# Creator:  3.8.5, git
# Instrument: eqsans_sans.instr
# Ncount: 10000000
# Trace: no
# Gravitation: no
# Seed: 1790182528805932
# Directory: /Users/georgeyumnam/WORK/PANRAID/PaNRAID-results/Group2/panraidproject/scan_sans_sample/x-02_y+20
# Param: gx=-0.002
# Param: gy=0.02
# Param: sample_on=1
# Param: R_sphere=100
# Param: Phi=0.01
# Param: bs_radius=0
# Param: samp_ap=0.01
# Date: Wed Sep 23 18:56:03 2026 (1790182563)
# type: array_1d(100)
# Source: EQ_SANS_sample (eqsans_sans.instr)
# component: qmon
# position: 0 0 22.281
# title: QMonitor - Distribution in q (Radially averaged)
# Ncount: 10000000
# filename: qdet.dat
# statistics: X0=0.00922236; dX=0.0097806;
# signal: Min=3539.04; Max=8.5122e+08; Mean=3.2254e+07;
# values: 3.2254e+09 7.40165e+08 3293
# xvar: q
# yvar: (I,I_err)
# xlabel: q [1 / AA]
# ylabel: I(q)
# xlimits: 0 0.151561
# variables: q I I_err N
0.0007578035702 851220004.1 710419700.3 2 
0.002273410711 201904729.5 171845819.8 2 
0.003789017851 283239250.1 174748735.3 3 
0.005304624991 228879500.6 144424868.8 4 
0.006820232132 301529038.8 131203940.2 7 
0.008335839272 199924103.5 83739707.52 8 
0.009851446413 138851054.1 72963560.79 4 
0.01136705355 93844408.74 67841194.07 2 
0.01288266069 82290939.77 41961142.65 5 
0.01439826783 108512481.8 36388720.31 12 
0.01591387497 74028838.36 29877654.43 9 
0.01742948211 121058322.4 36658398.08 16 
0.01894508925 100896949.8 28547044.13 17 
0.0204606964 54110463.15 20842094.09 11 
0.02197630354 50875748.42 17715542.58 12 
0.02349191068 69469168.69 21553637.12 17 
0.02500751782 45612867.91 14429482.83 17 
0.02652312496 27368120.2 9656970.692 18 
0.0280387321 37968503.05 11825222.29 19 
0.02955433924 45931364.73 14395781.67 25 
0.03106994638 29271257.39 10644366.77 25 
0.03258555352 17890581.9 7032970.719 27 
0.03410116066 17658360.25 5505035.997 27 
0.0356167678 6257521.997 1949025.689 20 
0.03713237494 5144399.097 1389219.508 28 
0.03864798208 5913924.781 2289125.647 33 
0.04016358922 3338222.381 1277274.131 36 
0.04167919636 2689117.473 1208862.944 30 
0.0431948035 613363.0447 202371.984 28 
0.04471041064 910309.2667 389211.3279 36 
0.04622601778 701568.0563 215824.376 35 
0.04774162492 495682.6485 157891.3727 25 
0.04925723206 603622.5822 191418.1383 27 
0.0507728392 1088758.586 216620.2719 45 
0.05228844634 1083226.331 220469.5872 41 
0.05380405348 996566.8763 197793.1513 37 
0.05531966062 1521323.531 259243.9459 47 
0.05683526776 817138.2939 175206.6389 31 
0.05835087491 1195836.017 201828.4385 44 
0.05986648205 1341875.243 223700.0691 48 
0.06138208919 949250.0608 179131.1099 41 
0.06289769633 550953.0826 110136.0497 34 
0.06441330347 794706.9978 135921.0626 53 
0.06592891061 692293.4628 125979.1486 50 
0.06744451775 615347.2003 129982.98 43 
0.06896012489 558506.6722 106805.2659 49 
0.07047573203 332761.9878 92791.31215 43 
0.07199133917 322517.4168 78623.94326 35 
0.07350694631 228826.4309 49298.83481 52 
0.07502255345 122871.8001 37265.91655 42 
0.07653816059 164216.5618 53817.52365 47 
0.07805376773 92270.84522 19265.74716 54 
0.07956937487 131994.66 27371.78375 55 
0.08108498201 112376.4868 25176.83448 49 
0.08260058915 102517.9752 18951.81925 49 
0.08411619629 167332.3076 29274.61636 57 
0.08563180343 98235.05491 20732.09537 36 
0.08714741057 168841.8247 27766.56823 54 
0.08866301771 165665.5842 29075.03701 44 
0.09017862485 206950.1471 34114.79446 52 
0.09169423199 220234.5414 33219.52068 60 
0.09320983913 153293.3082 25816.12605 47 
0.09472544627 165020.5644 25986.89743 54 
0.09624105341 128443.6851 24771.64282 40 
0.09775666056 157364.6649 25505.76219 52 
0.0992722677 117040.6598 19424.98697 57 
0.1007878748 113557.58 18739.13822 63 
0.102303482 47293.1251 12777.68965 31 
0.1038190891 68858.08991 13213.07766 48 
0.1053346963 50944.1989 11538.87203 50 
0.1068503034 24363.13812 8099.701504 39 
0.1083659105 18164.7784 5260.159523 33 
0.1098815177 26777.36493 6217.147328 57 
0.1113971248 20301.38328 5042.968542 43 
0.112912732 25397.43258 5452.690376 40 
0.1144283391 24890.62335 4833.769796 50 
0.1159439462 23878.46901 4894.06391 42 
0.1174595534 28885.69581 5664.056622 39 
0.1189751605 29633.43105 5708.714796 37 
0.1204907677 27659.92621 5696.298524 27 
0.1220063748 34209.18277 6049.630084 39 
0.1235219819 34711.08902 5955.173095 43 
0.1250375891 32800.3213 6038.333617 39 
0.1265531962 22246.59071 5165.371212 24 
0.1280688034 41691.30006 6841.316477 49 
0.1295844105 17052.54237 4305.633347 24 
0.1311000176 23456.28636 5155.728299 32 
0.1326156248 19435.84905 4484.501196 35 
0.1341312319 18494.05432 4601.532088 32 
0.1356468391 7469.390585 2122.391871 25 
0.1371624462 4576.228222 1532.924305 22 
0.1386780533 4641.612436 1319.946117 27 
0.1401936605 4872.409386 1581.082611 22 
0.1417092676 3550.237343 999.0498107 24 
0.1432248748 3539.040138 991.9606451 18 
0.1447404819 3564.191319 1112.223686 18 
0.146256089 5241.283689 1272.093152 33 
0.1477716962 4723.956244 1445.69887 19 
0.1492873033 5613.703316 1500.24697 19 
0.1508029105 5624.224954 1446.483845 21 
