# Format: McCode with text headers
# URL: http://www.mccode.org
# Creator:  3.8.5, git
# Instrument: eqsans_cylinder.instr
# Ncount: 5000000
# Trace: no
# Gravitation: no
# Seed: 1790193664154656
# Directory: /Users/georgeyumnam/WORK/PANRAID/PaNRAID-results/Group2/panraidproject/dataset_cylinder/cyl_000536
# Param: gx=0
# Param: gy=0
# Param: sample_on=1
# Param: bs_radius=0
# Param: samp_ap=0.01
# Param: sld=1.54815
# Param: sld_solvent=1
# Param: radius=26.1988
# Param: length=246.179
# Param: pd_radius=0.189896
# Param: pd_length=0.084949
# Param: model_scale=1
# Param: model_abs=0
# Date: Wed Sep 23 22:01:22 2026 (1790193682)
# type: array_1d(100)
# Source: EQ_SANS_cylinder (eqsans_cylinder.instr)
# component: qmon
# position: 0 0 22.281
# title: QMonitor - Radially averaged distribution
# Ncount: 5000000
# filename: rdet.dat
# statistics: X0=0.116869; dX=0.104325;
# signal: Min=1.85428e+10; Max=9.50048e+11; Mean=2.39396e+11;
# values: 2.39396e+13 3.92094e+11 162790
# xvar: r
# yvar: (I,I_err)
# xlabel: Radius [m]
# ylabel: I(r)
# xlimits: 0 0.5
# variables: r I I_err N
0.0025 9.500477904e+11 2.632841563e+11 19 
0.0075 8.569760482e+11 1.436477001e+11 55 
0.0125 6.757249393e+11 1.057051719e+11 73 
0.0175 8.753136791e+11 1.021728571e+11 129 
0.0225 7.861133861e+11 8.764951641e+10 139 
0.0275 6.708115912e+11 6.827645634e+10 163 
0.0325 7.988189213e+11 7.095968458e+10 209 
0.0375 8.42679733e+11 6.720276646e+10 257 
0.0425 6.983598014e+11 5.35125819e+10 280 
0.0475 6.885801415e+11 4.934695029e+10 315 
0.0525 6.263539595e+11 4.530594643e+10 329 
0.0575 5.948562742e+11 4.064861731e+10 351 
0.0625 6.109528267e+11 4.024122744e+10 409 
0.0675 5.550416758e+11 3.496172686e+10 428 
0.0725 5.901557422e+11 3.763569861e+10 473 
0.0775 5.273960382e+11 3.081649521e+10 491 
0.0825 5.476778685e+11 2.980542616e+10 544 
0.0875 5.014877962e+11 2.822569004e+10 559 
0.0925 5.278896732e+11 2.671944459e+10 634 
0.0975 4.89479186e+11 2.491440057e+10 667 
0.1025 4.216316208e+11 2.313568429e+10 610 
0.1075 4.319214219e+11 2.047590841e+10 722 
0.1125 3.985502409e+11 1.954104093e+10 711 
0.1175 3.782817156e+11 1.801417131e+10 728 
0.1225 3.784298452e+11 1.772077549e+10 794 
0.1275 3.644392197e+11 1.733221086e+10 832 
0.1325 3.299472026e+11 1.517308318e+10 803 
0.1375 3.220492022e+11 1.366097432e+10 906 
0.1425 3.099976193e+11 1.396025195e+10 901 
0.1475 3.029217093e+11 1.27752134e+10 935 
0.1525 2.974084147e+11 1.274758517e+10 968 
0.1575 2.642341768e+11 1.097213853e+10 983 
0.1625 2.49528526e+11 1.014128325e+10 1044 
0.1675 2.539349977e+11 1.04161817e+10 1053 
0.1725 2.367808107e+11 9741494558 1080 
0.1775 2.260627593e+11 8961087394 1113 
0.1825 2.149803816e+11 8469753547 1102 
0.1875 2.136638912e+11 8153776292 1205 
0.1925 1.974904443e+11 7222355274 1250 
0.1975 2.055870168e+11 7479866413 1288 
0.2025 1.870767358e+11 6889057133 1261 
0.2075 1.83716752e+11 6674249246 1355 
0.2125 1.654457038e+11 5876219777 1357 
0.2175 1.746162813e+11 6025013238 1462 
0.2225 1.684233639e+11 5789320579 1455 
0.2275 1.571050383e+11 5485636982 1437 
0.2325 1.504777617e+11 5181207722 1500 
0.2375 1.442261323e+11 4760708282 1588 
0.2425 1.376310546e+11 4616812458 1593 
0.2475 1.365805151e+11 4495071420 1606 
0.2525 1.338433814e+11 4341608292 1661 
0.2575 1.237941289e+11 3983113128 1692 
0.2625 1.255769241e+11 4031370226 1782 
0.2675 1.165719596e+11 3719545825 1759 
0.2725 1.180907186e+11 3700530801 1855 
0.2775 1.116663061e+11 3500780832 1871 
0.2825 1.02890995e+11 3233814574 1861 
0.2875 1.024174931e+11 3199017586 1869 
0.2925 9.474438062e+10 2972330818 1866 
0.2975 9.085940614e+10 2840292097 1920 
0.3025 8.399062695e+10 2602169687 1944 
0.3075 8.626019687e+10 2602323207 2084 
0.3125 8.106486027e+10 2396396414 2064 
0.3175 7.989183003e+10 2416964735 2139 
0.3225 7.383773335e+10 2346201375 2055 
0.3275 7.40641332e+10 2219370468 2166 
0.3325 7.060163312e+10 2107309096 2135 
0.3375 6.509786459e+10 1984180544 2138 
0.3425 6.436234714e+10 1915867114 2279 
0.3475 5.897840357e+10 1794315743 2201 
0.3525 5.989286232e+10 1746611788 2307 
0.3575 5.931711967e+10 1716687161 2386 
0.3625 5.575141992e+10 1650732936 2387 
0.3675 5.029375193e+10 1519241030 2343 
0.3725 5.272811911e+10 1470528168 2569 
0.3775 4.998853677e+10 1492865419 2480 
0.3825 4.949076226e+10 1413830378 2612 
0.3875 4.586539212e+10 1330636874 2616 
0.3925 4.043368082e+10 1204441131 2447 
0.3975 4.246781003e+10 1237157436 2647 
0.4025 4.130249143e+10 1191956558 2617 
0.4075 3.718438064e+10 1115406937 2613 
0.4125 3.709110494e+10 1080728396 2672 
0.4175 3.440854211e+10 1017690469 2668 
0.4225 3.470753018e+10 1004820216 2825 
0.4275 3.236049536e+10 954232325.9 2762 
0.4325 3.090291343e+10 909722637.1 2770 
0.4375 3.007657772e+10 869760332.5 2881 
0.4425 2.896032121e+10 848327647.4 2913 
0.4475 2.737435184e+10 807771477.7 2894 
0.4525 2.571051666e+10 744889417.9 2942 
0.4575 2.680091667e+10 765284189.8 3071 
0.4625 2.375473944e+10 705908183.6 2923 
0.4675 2.308445161e+10 663937307 3004 
0.4725 2.326986452e+10 682654585.2 3144 
0.4775 2.095554161e+10 603373408.6 3078 
0.4825 2.112573767e+10 633936698.2 3074 
0.4875 2.062275339e+10 585487037 3269 
0.4925 1.871882407e+10 550404809 3169 
0.4975 1.854282264e+10 539707316.7 3200 
