# Format: McCode with text headers
# URL: http://www.mccode.org
# Creator:  3.8.5, git
# Instrument: eqsans_sans.instr
# Ncount: 10000000
# Trace: no
# Gravitation: no
# Seed: 1790185664631047
# Directory: /Users/georgeyumnam/WORK/PANRAID/PaNRAID-results/Group2/panraidproject/scan_sans_sample/x+20_y+14
# Param: gx=0.02
# Param: gy=0.014
# Param: sample_on=1
# Param: R_sphere=100
# Param: Phi=0.01
# Param: bs_radius=0
# Param: samp_ap=0.01
# Date: Wed Sep 23 19:48:18 2026 (1790185698)
# type: array_1d(100)
# Source: EQ_SANS_sample (eqsans_sans.instr)
# component: qmon
# position: 0 0 22.281
# title: QMonitor - Distribution in q (Radially averaged)
# Ncount: 10000000
# filename: qdet.dat
# statistics: X0=0.0153188; dX=0.0097209;
# signal: Min=0; Max=2.12085e+08; Mean=9.89619e+06;
# values: 9.89619e+08 1.54697e+08 1800
# xvar: q
# yvar: (I,I_err)
# xlabel: q [1 / AA]
# ylabel: I(q)
# xlimits: 0 0.151561
# variables: q I I_err N
0.0007578035702 0 0 0 
0.002273410711 0 0 0 
0.003789017851 59109695.31 41957522.24 2 
0.005304624991 0 0 0 
0.006820232132 105229871.1 59313132.39 4 
0.008335839272 53168677.57 43628341.75 2 
0.009851446413 212084869.5 106326683.6 7 
0.01136705355 62599952.42 48467402.69 3 
0.01288266069 57007843.19 31236811.13 4 
0.01439826783 32558582.59 24829385.16 3 
0.01591387497 66544185.9 33412151.37 6 
0.01742948211 37814491.02 18800623.41 5 
0.01894508925 65121447.21 27089613.26 9 
0.0204606964 33502966.87 14071214.56 7 
0.02197630354 36771832.32 15996867.56 8 
0.02349191068 36138764.9 16461659 8 
0.02500751782 12135620.46 6940905.384 4 
0.02652312496 13396279.09 8010807.08 5 
0.0280387321 19839630.47 7571525.772 11 
0.02955433924 20064071.29 7126998.481 13 
0.03106994638 3986377.292 1692860.474 7 
0.03258555352 13149034.16 5959444.867 16 
0.03410116066 11477420.13 4029784.571 22 
0.0356167678 4757703.619 1806932.433 20 
0.03713237494 9598162.265 5307673.375 21 
0.03864798208 4737751.246 3147246.661 15 
0.04016358922 6882687.236 2805025.418 30 
0.04167919636 684864.5052 309396.2369 13 
0.0431948035 445904.4238 209237.751 22 
0.04471041064 311895.4773 118778.1149 14 
0.04622601778 285778.2998 111876.5732 16 
0.04774162492 888563.6456 365849.9459 17 
0.04925723206 379161.7425 125539.3703 18 
0.0507728392 559661.5846 168603.5504 23 
0.05228844634 530561.9898 137714.8427 24 
0.05380405348 319884.8605 112243.92 15 
0.05531966062 439040.1298 143003.7039 15 
0.05683526776 613680.3009 144295.5765 25 
0.05835087491 622108.9655 160085.3673 19 
0.05986648205 573904.555 150166.1889 20 
0.06138208919 683785.4483 152885.4083 29 
0.06289769633 488074.941 119773.1042 23 
0.06441330347 476430.2257 125082.8279 24 
0.06592891061 467681.9417 120312.8166 24 
0.06744451775 448796.1394 115108.1669 32 
0.06896012489 380318.3046 98237.74171 30 
0.07047573203 217718.9827 80977.07815 24 
0.07199133917 195309.2717 60055.20994 31 
0.07350694631 92253.56248 31395.928 35 
0.07502255345 104374.1109 53640.77117 20 
0.07653816059 114367.6725 48050.19781 31 
0.07805376773 39261.65327 13282.47891 22 
0.07956937487 39607.9133 11004.61197 29 
0.08108498201 86145.80014 29158.74669 32 
0.08260058915 63573.55506 17765.42691 27 
0.08411619629 50959.17524 14868.32176 24 
0.08563180343 113541.923 25147.20097 33 
0.08714741057 96054.32234 22698.28793 29 
0.08866301771 50763.67387 13579.41369 17 
0.09017862485 90312.60281 18237.52203 30 
0.09169423199 127428.8798 25412.56427 34 
0.09320983913 108550.2504 21769.53642 32 
0.09472544627 80063.60968 18607.77144 24 
0.09624105341 84383.3534 18841.45289 30 
0.09775666056 81477.42924 18805.63452 28 
0.0992722677 40769.70669 11160.75839 22 
0.1007878748 65696.01928 15656.53517 28 
0.102303482 56301.15978 12453.02518 32 
0.1038190891 23407.49177 9380.246996 18 
0.1053346963 26293.75202 8398.083919 24 
0.1068503034 15968.86831 6380.123919 22 
0.1083659105 19675.82743 6474.936294 28 
0.1098815177 13937.82374 3582.875428 29 
0.1113971248 5407.545267 2003.465137 22 
0.112912732 5438.401115 2030.723545 11 
0.1144283391 11006.15295 3218.33294 18 
0.1159439462 12150.05782 3432.611461 20 
0.1174595534 12609.00963 3875.817219 19 
0.1189751605 14030.38836 3907.882484 17 
0.1204907677 20394.46131 4964.979666 22 
0.1220063748 16980.28315 4279.115455 20 
0.1235219819 13401.79819 4041.652423 16 
0.1250375891 28153.44325 6104.173631 28 
0.1265531962 12180.77418 4062.379757 10 
0.1280688034 13638.19711 3986.336292 19 
0.1295844105 12028.12694 3460.383362 19 
0.1311000176 11462.70459 3623.855255 16 
0.1326156248 10751.35364 3279.250505 23 
0.1341312319 4434.630317 2083.833807 10 
0.1356468391 5898.501649 2198.103466 19 
0.1371624462 5586.893027 2339.035259 12 
0.1386780533 3139.911292 1558.735566 16 
0.1401936605 1649.188367 697.3194719 13 
0.1417092676 3386.078209 1246.270478 14 
0.1432248748 1956.409653 953.2644013 8 
0.1447404819 3120.14385 1288.935161 13 
0.146256089 1663.033801 810.9349798 9 
0.1477716962 3929.861354 1356.120912 11 
0.1492873033 3140.238089 1102.55443 10 
0.1508029105 4883.295739 1458.348518 15 
