# Format: McCode with text headers
# URL: http://www.mccode.org
# Creator:  3.8.5, git
# Instrument: eqsans_cylinder.instr
# Ncount: 5000000
# Trace: no
# Gravitation: no
# Seed: 1790194592832734
# Directory: /Users/georgeyumnam/WORK/PANRAID/PaNRAID-results/Group2/panraidproject/dataset_cylinder/cyl_001049
# Param: gx=0
# Param: gy=0
# Param: sample_on=1
# Param: bs_radius=0
# Param: samp_ap=0.01
# Param: sld=2.4337
# Param: sld_solvent=1
# Param: radius=58.2624
# Param: length=943.111
# Param: pd_radius=0.134292
# Param: pd_length=0.078892
# Param: model_scale=1
# Param: model_abs=0
# Date: Wed Sep 23 22:16:51 2026 (1790194611)
# type: array_1d(100)
# Source: EQ_SANS_cylinder (eqsans_cylinder.instr)
# component: qmon
# position: 0 0 22.281
# title: QMonitor - Distribution in q (Radially averaged)
# Ncount: 5000000
# filename: qdet.dat
# statistics: X0=0.0114522; dX=0.010544;
# signal: Min=1.07606e+11; Max=3.52291e+15; Mean=3.69974e+14;
# values: 3.69974e+16 1.16033e+15 252065
# xvar: q
# yvar: (I,I_err)
# xlabel: q [1 / AA]
# ylabel: I(q)
# xlimits: 0 0.151561
# variables: q I I_err N
0.0007578035702 3.408468771e+15 9.222388107e+14 33 
0.002273410711 3.522911967e+15 4.356945368e+14 120 
0.003789017851 3.450156825e+15 3.127677996e+14 213 
0.005304624991 3.324657678e+15 2.5396734e+14 309 
0.006820232132 3.31730627e+15 2.329508839e+14 380 
0.008335839272 2.746486003e+15 1.990231023e+14 458 
0.009851446413 2.230868592e+15 1.36384658e+14 530 
0.01136705355 1.847629e+15 1.170053869e+14 570 
0.01288266069 1.73630366e+15 9.812563402e+13 704 
0.01439826783 1.669525677e+15 9.983150091e+13 801 
0.01591387497 1.336975778e+15 6.721967855e+13 803 
0.01742948211 1.072428433e+15 5.619819931e+13 875 
0.01894508925 9.529139645e+14 4.339447985e+13 965 
0.0204606964 8.813975694e+14 3.563961146e+13 1142 
0.02197630354 7.322558981e+14 2.977918536e+13 1164 
0.02349191068 6.536428938e+14 2.65367931e+13 1256 
0.02500751782 5.973681804e+14 2.39659939e+13 1296 
0.02652312496 4.999955011e+14 1.930483776e+13 1385 
0.0280387321 4.49336808e+14 1.548911078e+13 1574 
0.02955433924 3.694214127e+14 1.276626538e+13 1583 
0.03106994638 3.340577213e+14 1.177026907e+13 1619 
0.03258555352 2.8431238e+14 9.271131301e+12 1762 
0.03410116066 2.603159842e+14 8.72355823e+12 1861 
0.0356167678 2.061069991e+14 6.62109621e+12 1915 
0.03713237494 1.677463583e+14 5.370185009e+12 1931 
0.03864798208 1.471437369e+14 4.427413634e+12 2039 
0.04016358922 1.285527303e+14 3.812226549e+12 2177 
0.04167919636 1.081133886e+14 3.394702105e+12 2240 
0.0431948035 9.006299698e+13 2.63591596e+12 2375 
0.04471041064 7.492231042e+13 2.267135777e+12 2377 
0.04622601778 5.806280092e+13 1.740263876e+12 2364 
0.04774162492 4.855418825e+13 1.451979721e+12 2489 
0.04925723206 4.296855155e+13 1.270582201e+12 2717 
0.0507728392 3.443726869e+13 1.024430752e+12 2722 
0.05228844634 2.617553506e+13 7.961406723e+11 2770 
0.05380405348 2.125942705e+13 6.443073271e+11 2852 
0.05531966062 1.773718631e+13 5.46066656e+11 3006 
0.05683526776 1.439710478e+13 4.480746938e+11 3011 
0.05835087491 1.081234515e+13 3.434242203e+11 3016 
0.05986648205 9.243412609e+12 2.906219059e+11 3233 
0.06138208919 7.477270935e+12 2.315339587e+11 3267 
0.06289769633 6.281823405e+12 1.857586148e+11 3353 
0.06441330347 5.362115191e+12 1.531477483e+11 3394 
0.06592891061 4.801036329e+12 1.378200699e+11 3400 
0.06744451775 4.447896577e+12 1.216846735e+11 3485 
0.06896012489 4.226998228e+12 1.129513378e+11 3546 
0.07047573203 4.166158085e+12 1.092573482e+11 3618 
0.07199133917 3.945138007e+12 1.023490091e+11 3472 
0.07350694631 4.081094036e+12 9.811260551e+10 3784 
0.07502255345 3.941200722e+12 9.45758458e+10 3700 
0.07653816059 3.889820047e+12 9.358999354e+10 3704 
0.07805376773 3.830056273e+12 8.810335954e+10 3805 
0.07956937487 3.822856182e+12 8.751321217e+10 3716 
0.08108498201 3.803519794e+12 8.306032243e+10 3927 
0.08260058915 3.539050618e+12 7.726667419e+10 3768 
0.08411619629 3.692924594e+12 7.786661278e+10 3962 
0.08563180343 3.299263744e+12 6.9149383e+10 3826 
0.08714741057 3.272010351e+12 6.84700469e+10 3940 
0.08866301771 3.02959149e+12 6.35163563e+10 3806 
0.09017862485 2.85250004e+12 5.796991309e+10 3912 
0.09169423199 2.639259274e+12 5.481400453e+10 3809 
0.09320983913 2.436793384e+12 5.049091663e+10 3756 
0.09472544627 2.239519345e+12 4.602646799e+10 3856 
0.09624105341 1.976192469e+12 4.103284003e+10 3735 
0.09775666056 1.821202567e+12 3.821793359e+10 3714 
0.0992722677 1.637808894e+12 3.464614891e+10 3742 
0.1007878748 1.420714903e+12 3.125834234e+10 3522 
0.102303482 1.296139026e+12 2.827783271e+10 3526 
0.1038190891 1.165836882e+12 2.590042459e+10 3500 
0.1053346963 1.082858199e+12 2.395704063e+10 3490 
0.1068503034 9.74752741e+11 2.191775815e+10 3499 
0.1083659105 8.378482351e+11 1.899972692e+10 3423 
0.1098815177 7.704127851e+11 1.795811188e+10 3337 
0.1113971248 7.094399656e+11 1.63936095e+10 3382 
0.112912732 6.304285976e+11 1.497707819e+10 3229 
0.1144283391 5.682111294e+11 1.364998389e+10 3149 
0.1159439462 5.174086116e+11 1.275910396e+10 3090 
0.1174595534 4.805935171e+11 1.175928486e+10 3094 
0.1189751605 4.406981361e+11 1.094908447e+10 3047 
0.1204907677 3.95967008e+11 1.004077788e+10 2884 
0.1220063748 3.968320883e+11 9872822294 2950 
0.1235219819 3.592525729e+11 9215195621 2840 
0.1250375891 3.486109646e+11 8838199251 2859 
0.1265531962 3.205631241e+11 8358617587 2633 
0.1280688034 3.108701987e+11 8008147118 2691 
0.1295844105 2.896761232e+11 7635632079 2506 
0.1311000176 2.696222768e+11 7184396389 2467 
0.1326156248 2.570374331e+11 6913058470 2392 
0.1341312319 2.411255218e+11 6598929634 2350 
0.1356468391 2.315337254e+11 6280796969 2336 
0.1371624462 2.143938726e+11 5838292227 2245 
0.1386780533 1.933397709e+11 5362006778 2119 
0.1401936605 1.777237683e+11 5073203959 2089 
0.1417092676 1.683161239e+11 4726169129 2048 
0.1432248748 1.531211535e+11 4456177536 1904 
0.1447404819 1.334392349e+11 4070458456 1786 
0.146256089 1.325707819e+11 3869442061 1895 
0.1477716962 1.251890793e+11 3819841970 1749 
0.1492873033 1.161713759e+11 3554133020 1729 
0.1508029105 1.076062324e+11 3347192623 1671 
