# Format: McCode with text headers
# URL: http://www.mccode.org
# Creator:  3.8.5, git
# Instrument: eqsans_cylinder.instr
# Ncount: 5000000
# Trace: no
# Gravitation: no
# Seed: 1790193233973520
# Directory: /Users/georgeyumnam/WORK/PANRAID/PaNRAID-results/Group2/panraidproject/dataset_cylinder/cyl_000296
# Param: gx=0
# Param: gy=0
# Param: sample_on=1
# Param: bs_radius=0
# Param: samp_ap=0.01
# Param: sld=7.06449
# Param: sld_solvent=1
# Param: radius=181.124
# Param: length=591.313
# Param: pd_radius=0.068375
# Param: pd_length=0.270507
# Param: model_scale=1
# Param: model_abs=0
# Date: Wed Sep 23 21:54:11 2026 (1790193251)
# type: array_1d(100)
# Source: EQ_SANS_cylinder (eqsans_cylinder.instr)
# component: qmon
# position: 0 0 22.281
# title: QMonitor - Distribution in q (Radially averaged)
# Ncount: 5000000
# filename: qdet.dat
# statistics: X0=0.00659542; dX=0.00558282;
# signal: Min=4.74691e+12; Max=2.76554e+18; Mean=1.7238e+17;
# values: 1.7238e+19 7.79682e+17 258210
# xvar: q
# yvar: (I,I_err)
# xlabel: q [1 / AA]
# ylabel: I(q)
# xlimits: 0 0.151561
# variables: q I I_err N
0.0007578035702 2.765540939e+18 6.110425555e+17 42 
0.002273410711 2.546450076e+18 3.015435502e+17 136 
0.003789017851 2.338742063e+18 2.414481576e+17 203 
0.005304624991 1.793493076e+18 1.674590005e+17 267 
0.006820232132 1.797025963e+18 1.574017332e+17 371 
0.008335839272 1.369318937e+18 1.156204923e+17 442 
0.009851446413 1.297772684e+18 1.009666654e+17 546 
0.01136705355 8.630966924e+17 7.931182665e+16 591 
0.01288266069 7.1170804e+17 5.480767431e+16 726 
0.01439826783 5.273600016e+17 4.535421354e+16 788 
0.01591387497 4.152287499e+17 3.74242866e+16 883 
0.01742948211 2.399505699e+17 2.477985606e+16 928 
0.01894508925 1.868917994e+17 2.151945716e+16 1046 
0.0204606964 1.068787708e+17 1.114330905e+16 1109 
0.02197630354 8.974533829e+16 1.081815172e+16 1242 
0.02349191068 4.372904928e+16 4.063760901e+15 1296 
0.02500751782 3.163761802e+16 3.399701473e+15 1381 
0.02652312496 2.119069759e+16 1.563919117e+15 1379 
0.0280387321 1.488761765e+16 8.212904229e+14 1523 
0.02955433924 1.137101744e+16 4.86210887e+14 1558 
0.03106994638 1.03852589e+16 6.381080783e+14 1617 
0.03258555352 8.379352927e+15 3.270926224e+14 1762 
0.03410116066 6.861633272e+15 2.498391764e+14 1851 
0.0356167678 5.707627409e+15 2.08349361e+14 1938 
0.03713237494 4.29636459e+15 1.586768762e+14 2004 
0.03864798208 3.812470611e+15 1.41844806e+14 2112 
0.04016358922 2.90417743e+15 1.083752458e+14 2156 
0.04167919636 2.616638674e+15 9.405897842e+13 2308 
0.0431948035 2.272280889e+15 7.527052967e+13 2362 
0.04471041064 1.915271361e+15 5.921581344e+13 2451 
0.04622601778 1.817080973e+15 5.30092884e+13 2581 
0.04774162492 1.509498482e+15 4.229573638e+13 2587 
0.04925723206 1.331132919e+15 3.616810711e+13 2686 
0.0507728392 1.246083093e+15 3.341910214e+13 2788 
0.05228844634 1.090758104e+15 3.001097353e+13 2877 
0.05380405348 8.996086244e+14 2.422868629e+13 2930 
0.05531966062 8.168539441e+14 2.136909598e+13 3111 
0.05683526776 7.105909853e+14 1.88162457e+13 3141 
0.05835087491 6.052084971e+14 1.542243372e+13 3184 
0.05986648205 5.84329993e+14 1.457866175e+13 3274 
0.06138208919 5.366157805e+14 1.284374321e+13 3421 
0.06289769633 4.817354693e+14 1.165199089e+13 3455 
0.06441330347 4.505171983e+14 1.062266603e+13 3510 
0.06592891061 3.915307405e+14 9.132572919e+12 3524 
0.06744451775 3.806568451e+14 8.600981136e+12 3708 
0.06896012489 3.288344839e+14 7.515539699e+12 3628 
0.07047573203 2.942236244e+14 6.846988967e+12 3550 
0.07199133917 2.629542234e+14 6.008537478e+12 3654 
0.07350694631 2.5319676e+14 5.694529872e+12 3776 
0.07502255345 2.250012801e+14 5.003471415e+12 3857 
0.07653816059 2.025340678e+14 4.372362913e+12 3873 
0.07805376773 1.838251992e+14 4.024992243e+12 3855 
0.07956937487 1.63868644e+14 3.579561382e+12 3882 
0.08108498201 1.579280014e+14 3.478166008e+12 3803 
0.08260058915 1.496258419e+14 3.152635788e+12 3986 
0.08411619629 1.375808895e+14 2.950728574e+12 3893 
0.08563180343 1.242785542e+14 2.6514469e+12 3974 
0.08714741057 1.136408132e+14 2.427678165e+12 3926 
0.08866301771 1.030980451e+14 2.201517405e+12 3874 
0.09017862485 9.601444906e+13 2.043916077e+12 3913 
0.09169423199 8.91785464e+13 1.889073391e+12 3962 
0.09320983913 8.049253886e+13 1.726223958e+12 3789 
0.09472544627 7.676182654e+13 1.628259675e+12 3826 
0.09624105341 7.204915571e+13 1.509382049e+12 3898 
0.09775666056 6.706601332e+13 1.430530954e+12 3843 
0.0992722677 6.193320978e+13 1.299798654e+12 3834 
0.1007878748 5.525759879e+13 1.154160804e+12 3815 
0.102303482 5.238046936e+13 1.132932963e+12 3659 
0.1038190891 5.015819246e+13 1.069109582e+12 3676 
0.1053346963 4.54133342e+13 9.768370473e+11 3622 
0.1068503034 4.016518986e+13 8.77039295e+11 3478 
0.1083659105 3.692975223e+13 8.092700217e+11 3405 
0.1098815177 3.527646268e+13 7.831303235e+11 3326 
0.1113971248 3.333914741e+13 7.429244007e+11 3348 
0.112912732 3.009005266e+13 6.772996092e+11 3258 
0.1144283391 2.783501969e+13 6.313658828e+11 3164 
0.1159439462 2.606243896e+13 5.850710137e+11 3189 
0.1174595534 2.43299788e+13 5.548568601e+11 3150 
0.1189751605 2.254678828e+13 5.182109616e+11 3094 
0.1204907677 2.1132335e+13 4.903359335e+11 3027 
0.1220063748 1.918470835e+13 4.479334309e+11 2915 
0.1235219819 1.727101218e+13 4.09828054e+11 2817 
0.1250375891 1.640582908e+13 3.868002499e+11 2834 
0.1265531962 1.509388153e+13 3.637474397e+11 2753 
0.1280688034 1.483521856e+13 3.540866777e+11 2784 
0.1295844105 1.320746746e+13 3.211637709e+11 2648 
0.1311000176 1.231807489e+13 2.968706684e+11 2638 
0.1326156248 1.125743306e+13 2.854931708e+11 2441 
0.1341312319 1.111651419e+13 2.781714284e+11 2500 
0.1356468391 9.632708822e+12 2.457044721e+11 2387 
0.1371624462 9.062349433e+12 2.36284315e+11 2266 
0.1386780533 8.20490095e+12 2.179833793e+11 2213 
0.1401936605 7.834214671e+12 2.093823566e+11 2159 
0.1417092676 6.97958291e+12 1.905004166e+11 2037 
0.1432248748 6.590021539e+12 1.816560593e+11 2044 
0.1447404819 5.792329736e+12 1.659654321e+11 1841 
0.146256089 5.642053743e+12 1.589642842e+11 1912 
0.1477716962 5.435033191e+12 1.538358535e+11 1880 
0.1492873033 4.746906087e+12 1.387663058e+11 1772 
0.1508029105 4.774824994e+12 1.382191485e+11 1767 
