# Format: McCode with text headers
# URL: http://www.mccode.org
# Creator:  3.8.5, git
# Instrument: eqsans_cylinder.instr
# Ncount: 5000000
# Trace: no
# Gravitation: no
# Seed: 1790195463682025
# Directory: /Users/georgeyumnam/WORK/PANRAID/PaNRAID-results/Group2/panraidproject/dataset_cylinder/cyl_001537
# Param: gx=0
# Param: gy=0
# Param: sample_on=1
# Param: bs_radius=0
# Param: samp_ap=0.01
# Param: sld=5.91542
# Param: sld_solvent=1
# Param: radius=96.528
# Param: length=359.045
# Param: pd_radius=0.110688
# Param: pd_length=0.293325
# Param: model_scale=1
# Param: model_abs=0
# Date: Wed Sep 23 22:31:21 2026 (1790195481)
# type: array_1d(100)
# Source: EQ_SANS_cylinder (eqsans_cylinder.instr)
# component: qmon
# position: 0 0 22.281
# title: QMonitor - Distribution in q (Radially averaged)
# Ncount: 5000000
# filename: qdet.dat
# statistics: X0=0.00975833; dX=0.00824341;
# signal: Min=9.14066e+11; Max=7.67098e+16; Mean=7.52888e+15;
# values: 7.52888e+17 2.33305e+16 265630
# xvar: q
# yvar: (I,I_err)
# xlabel: q [1 / AA]
# ylabel: I(q)
# xlimits: 0 0.151561
# variables: q I I_err N
0.0007578035702 7.310254742e+16 1.674893474e+16 39 
0.002273410711 7.437745484e+16 1.099891934e+16 114 
0.003789017851 7.670981113e+16 6.673055236e+15 236 
0.005304624991 6.988590795e+16 5.357489232e+15 309 
0.006820232132 6.946701194e+16 4.703357752e+15 400 
0.008335839272 6.502995717e+16 4.362999139e+15 495 
0.009851446413 5.09564091e+16 3.021070084e+15 560 
0.01136705355 4.705406977e+16 2.905199431e+15 668 
0.01288266069 3.66621697e+16 2.235571477e+15 668 
0.01439826783 3.490429424e+16 1.921517604e+15 807 
0.01591387497 3.039798475e+16 1.518523194e+15 962 
0.01742948211 2.366287119e+16 1.211941193e+15 972 
0.01894508925 2.146832382e+16 1.094983211e+15 1117 
0.0204606964 1.704607964e+16 8.116285879e+14 1198 
0.02197630354 1.306026843e+16 6.190645264e+14 1200 
0.02349191068 1.069960345e+16 5.413860608e+14 1313 
0.02500751782 8.731718551e+15 3.929768124e+14 1442 
0.02652312496 6.141585547e+15 2.9014548e+14 1422 
0.0280387321 4.733987407e+15 2.160001694e+14 1558 
0.02955433924 3.979145809e+15 1.961621371e+14 1695 
0.03106994638 2.92848139e+15 1.354629614e+14 1817 
0.03258555352 2.285904867e+15 1.030714275e+14 1886 
0.03410116066 1.593580528e+15 8.188492411e+13 1876 
0.0356167678 1.235424266e+15 5.377763074e+13 2064 
0.03713237494 8.981639066e+14 4.171317471e+13 2102 
0.03864798208 6.714576751e+14 3.126686484e+13 2203 
0.04016358922 5.225456125e+14 2.099002187e+13 2268 
0.04167919636 4.416214532e+14 1.825119595e+13 2425 
0.0431948035 3.688468011e+14 1.27492079e+13 2481 
0.04471041064 3.210966136e+14 9.967300897e+12 2588 
0.04622601778 3.008780951e+14 8.916749435e+12 2635 
0.04774162492 2.572496777e+14 7.049140464e+12 2653 
0.04925723206 2.588681371e+14 6.946668976e+12 2717 
0.0507728392 2.508548814e+14 6.314814107e+12 2955 
0.05228844634 2.40226823e+14 5.891215978e+12 3020 
0.05380405348 2.159175734e+14 5.349203499e+12 3016 
0.05531966062 2.060756269e+14 4.898817324e+12 3169 
0.05683526776 1.852870138e+14 4.501534488e+12 3238 
0.05835087491 1.671412862e+14 3.93104714e+12 3297 
0.05986648205 1.560160027e+14 3.685867699e+12 3450 
0.06138208919 1.323846591e+14 3.108388958e+12 3499 
0.06289769633 1.166856686e+14 2.73715405e+12 3601 
0.06441330347 9.903945178e+13 2.366464656e+12 3595 
0.06592891061 8.349348458e+13 2.02105449e+12 3642 
0.06744451775 7.284476041e+13 1.707288619e+12 3705 
0.06896012489 6.409071927e+13 1.523292607e+12 3762 
0.07047573203 5.861760247e+13 1.381019926e+12 3835 
0.07199133917 5.170918211e+13 1.211601742e+12 3887 
0.07350694631 4.507983033e+13 1.042171863e+12 3861 
0.07502255345 4.103442959e+13 9.224513164e+11 3854 
0.07653816059 3.872985638e+13 8.739945176e+11 3833 
0.07805376773 3.689086357e+13 8.186642119e+11 3992 
0.07956937487 3.428283665e+13 7.301534606e+11 4044 
0.08108498201 3.263528161e+13 7.011738075e+11 4044 
0.08260058915 3.003412441e+13 6.392227615e+11 3980 
0.08411619629 2.969037437e+13 6.183000278e+11 4081 
0.08563180343 2.733544604e+13 5.691725736e+11 4106 
0.08714741057 2.616353354e+13 5.335079276e+11 4215 
0.08866301771 2.337007294e+13 4.898800397e+11 4002 
0.09017862485 2.248225826e+13 4.684867308e+11 4076 
0.09169423199 2.051100035e+13 4.265783266e+11 4021 
0.09320983913 1.907520161e+13 3.953794888e+11 4082 
0.09472544627 1.654444699e+13 3.480040975e+11 3924 
0.09624105341 1.563633446e+13 3.260466946e+11 3965 
0.09775666056 1.373175451e+13 2.92534546e+11 3798 
0.0992722677 1.310136537e+13 2.766555981e+11 3907 
0.1007878748 1.127314049e+13 2.417260854e+11 3731 
0.102303482 1.066331746e+13 2.315759897e+11 3751 
0.1038190891 9.810623571e+12 2.096489131e+11 3700 
0.1053346963 9.220641159e+12 1.970552113e+11 3693 
0.1068503034 8.336221839e+12 1.829233082e+11 3534 
0.1083659105 7.763015278e+12 1.696289703e+11 3511 
0.1098815177 7.135172793e+12 1.58991058e+11 3375 
0.1113971248 6.531427357e+12 1.484029871e+11 3292 
0.112912732 6.627497729e+12 1.451984577e+11 3553 
0.1144283391 5.880153895e+12 1.338343119e+11 3270 
0.1159439462 5.386630552e+12 1.233009538e+11 3154 
0.1174595534 5.061677529e+12 1.163486673e+11 3129 
0.1189751605 4.691262075e+12 1.10111091e+11 3069 
0.1204907677 4.613901546e+12 1.036735308e+11 3222 
0.1220063748 4.094313467e+12 9.486532261e+10 3008 
0.1235219819 3.902219817e+12 9.162742655e+10 2958 
0.1250375891 3.481126474e+12 8.304448322e+10 2882 
0.1265531962 3.280791547e+12 7.897913084e+10 2814 
0.1280688034 3.040509214e+12 7.394865467e+10 2764 
0.1295844105 2.929801642e+12 7.027463688e+10 2705 
0.1311000176 2.530938357e+12 6.221225449e+10 2583 
0.1326156248 2.343500103e+12 5.8931036e+10 2554 
0.1341312319 2.203285868e+12 5.686834345e+10 2413 
0.1356468391 1.986005386e+12 5.21948944e+10 2345 
0.1371624462 1.83140054e+12 4.775649681e+10 2329 
0.1386780533 1.680919448e+12 4.418227347e+10 2269 
0.1401936605 1.602939497e+12 4.27134723e+10 2167 
0.1417092676 1.445260354e+12 3.976066208e+10 2088 
0.1432248748 1.366880055e+12 3.721406084e+10 2082 
0.1447404819 1.312192644e+12 3.610742883e+10 2042 
0.146256089 1.126109367e+12 3.24733126e+10 1876 
0.1477716962 1.142242259e+12 3.219195118e+10 1941 
0.1492873033 9.954582765e+11 2.946208491e+10 1783 
0.1508029105 9.14065673e+11 2.757641946e+10 1697 
