# Format: McCode with text headers
# URL: http://www.mccode.org
# Creator:  3.8.5, git
# Instrument: eqsans_sans.instr
# Ncount: 10000000
# Trace: no
# Gravitation: no
# Seed: 1790182940347884
# Directory: /Users/georgeyumnam/WORK/PANRAID/PaNRAID-results/Group2/panraidproject/scan_sans_sample/x+01_y+12
# Param: gx=0.001
# Param: gy=0.012
# Param: sample_on=1
# Param: R_sphere=100
# Param: Phi=0.01
# Param: bs_radius=0
# Param: samp_ap=0.01
# Date: Wed Sep 23 19:02:55 2026 (1790182975)
# type: array_1d(100)
# Source: EQ_SANS_sample (eqsans_sans.instr)
# component: qmon
# position: 0 0 22.281
# title: QMonitor - Distribution in q (Radially averaged)
# Ncount: 10000000
# filename: qdet.dat
# statistics: X0=0.0129385; dX=0.00981114;
# signal: Min=5413.07; Max=5.21663e+08; Mean=4.15328e+07;
# values: 4.15328e+09 4.54036e+08 5475
# xvar: q
# yvar: (I,I_err)
# xlabel: q [1 / AA]
# ylabel: I(q)
# xlimits: 0 0.151561
# variables: q I I_err N
0.0007578035702 214555808.8 214555808.8 1 
0.002273410711 375754961 302139537.2 3 
0.003789017851 137984178.9 97590772.71 2 
0.005304624991 521663176.8 163344185.3 13 
0.006820232132 212931041.8 94027898.38 7 
0.008335839272 210549178.2 78210039.76 9 
0.009851446413 270342827.3 72677596.1 16 
0.01136705355 349531151.6 96016592.26 18 
0.01288266069 166351709.5 50565836.32 13 
0.01439826783 248080917 77083450.15 20 
0.01591387497 170578654.5 45686017.64 18 
0.01742948211 210308527.1 50595786.52 25 
0.01894508925 200188918.6 45070853.36 30 
0.0204606964 138098400.1 31823297.77 26 
0.02197630354 141556192.3 31915153.66 29 
0.02349191068 94090728.24 20301658.05 30 
0.02500751782 82684210.84 19260931.18 29 
0.02652312496 98345934.11 23065413.02 39 
0.0280387321 62561823.42 13453024.71 39 
0.02955433924 54275418.83 16841280.4 32 
0.03106994638 59747590.35 11978731.1 45 
0.03258555352 28194743.81 6977220.408 31 
0.03410116066 17895722.34 4473571.925 45 
0.0356167678 13937919.5 3966782.967 35 
0.03713237494 16131364.98 5539294.226 40 
0.03864798208 8511059.082 2844503.137 38 
0.04016358922 7877571.165 2542951.837 44 
0.04167919636 4602469.618 1665464.245 44 
0.0431948035 2885246.83 876496.857 47 
0.04471041064 1708674.787 534642.7106 54 
0.04622601778 2187740.442 765877.659 55 
0.04774162492 1230920.343 369680.2365 42 
0.04925723206 1716675.576 369678.5021 58 
0.0507728392 1343634.262 266209.7826 54 
0.05228844634 1469263.101 237600.634 57 
0.05380405348 1984666.69 288742.601 67 
0.05531966062 2014360.656 301321.8148 68 
0.05683526776 1836980.865 274825.3389 65 
0.05835087491 1518309.016 241767.155 59 
0.05986648205 1685047.286 245196.2449 63 
0.06138208919 1785179.995 266140.5923 69 
0.06289769633 1663362.89 246607.7826 82 
0.06441330347 1179595.12 180681.1549 66 
0.06592891061 1322010.648 179812.5276 83 
0.06744451775 1015034.231 169466.269 79 
0.06896012489 812752.8509 139321.7612 85 
0.07047573203 581282.6743 98528.74493 71 
0.07199133917 489966.9683 103888.9156 75 
0.07350694631 404667.8748 69548.60914 95 
0.07502255345 255779.0008 57629.51901 69 
0.07653816059 174066.9926 39286.212 72 
0.07805376773 112923.6883 20790.36057 80 
0.07956937487 172537.8444 31085.30154 76 
0.08108498201 148110.8855 26565.78801 77 
0.08260058915 209665.5225 30127.75886 90 
0.08411619629 221530.315 31028.71124 95 
0.08563180343 244218.149 31350.70553 99 
0.08714741057 186859.2237 29465.5094 64 
0.08866301771 267235.198 35042.82158 81 
0.09017862485 234806.404 33655.65542 71 
0.09169423199 297655.1969 35965.39176 88 
0.09320983913 281616.6519 36639.33318 76 
0.09472544627 304118.7837 37040.25599 95 
0.09624105341 244346.1893 32028.18735 87 
0.09775666056 202000.3602 28859.43404 78 
0.0992722677 139356.3813 21407.86333 80 
0.1007878748 144514.3306 21544.06541 88 
0.102303482 143176.5542 22665.90107 93 
0.1038190891 84615.15502 15370.89621 73 
0.1053346963 53716.0629 10006.33738 68 
0.1068503034 44792.29258 10679.61056 60 
0.1083659105 39869.74948 7575.789391 72 
0.1098815177 49727.64909 9556.110197 68 
0.1113971248 44066.61033 7074.340999 74 
0.112912732 42839.76988 6765.717338 77 
0.1144283391 43696.39902 6980.280299 70 
0.1159439462 38343.2613 5891.495347 64 
0.1174595534 56535.60262 7786.787827 76 
0.1189751605 55963.52998 7935.072916 72 
0.1204907677 63569.99562 8585.49424 71 
0.1220063748 54424.63492 8175.081759 62 
0.1235219819 70160.02332 9410.312002 69 
0.1250375891 56122.67144 8175.350231 63 
0.1265531962 45603.35274 7484.731153 51 
0.1280688034 47509.00986 7185.007019 64 
0.1295844105 32057.82271 5835.26025 48 
0.1311000176 32514.88104 5985.42847 47 
0.1326156248 33903.69079 5790.289739 51 
0.1341312319 24622.2921 4735.960375 51 
0.1356468391 23480.82467 4807.565076 55 
0.1371624462 12080.85503 2958.294412 44 
0.1386780533 9687.616619 2240.35524 42 
0.1401936605 9986.252847 2249.381019 48 
0.1417092676 7867.394955 1944.151594 50 
0.1432248748 5419.47218 1405.858688 32 
0.1447404819 5413.074406 1224.343113 31 
0.146256089 7980.705854 1917.235394 30 
0.1477716962 9169.311487 1796.28967 42 
0.1492873033 10648.286 2035.114241 39 
0.1508029105 9166.561204 1775.654024 37 
