# Format: McCode with text headers
# URL: http://www.mccode.org
# Creator:  3.8.5, git
# Instrument: eqsans_sans.instr
# Ncount: 10000000
# Trace: no
# Gravitation: no
# Seed: 1790184838870530
# Directory: /Users/georgeyumnam/WORK/PANRAID/PaNRAID-results/Group2/panraidproject/scan_sans_sample/x+15_y-18
# Param: gx=0.015
# Param: gy=-0.018
# Param: sample_on=1
# Param: R_sphere=100
# Param: Phi=0.01
# Param: bs_radius=0
# Param: samp_ap=0.01
# Date: Wed Sep 23 19:34:33 2026 (1790184873)
# type: array_1d(100)
# Source: EQ_SANS_sample (eqsans_sans.instr)
# component: qmon
# position: 0 0 22.281
# title: QMonitor - Distribution in q (Radially averaged)
# Ncount: 10000000
# filename: qdet.dat
# statistics: X0=0.0112299; dX=0.0105947;
# signal: Min=0; Max=3.11213e+08; Mean=1.30293e+07;
# values: 1.30293e+09 3.42373e+08 1905
# xvar: q
# yvar: (I,I_err)
# xlabel: q [1 / AA]
# ylabel: I(q)
# xlimits: 0 0.151561
# variables: q I I_err N
0.0007578035702 311213480.3 311213480.3 1 
0.002273410711 0 0 0 
0.003789017851 109037961.6 63539373.47 3 
0.005304624991 140800595.4 72202355.06 4 
0.006820232132 12251504.75 12251504.75 1 
0.008335839272 108479146 59663446.68 4 
0.009851446413 45759066.89 27768256.52 3 
0.01136705355 46316257.53 25916864.06 4 
0.01288266069 75736120.64 55980909.95 3 
0.01439826783 75763829.15 33165516.18 7 
0.01591387497 22575701.93 15908511.49 3 
0.01742948211 71344205.96 29147287.38 8 
0.01894508925 9436091.712 7253225.686 2 
0.0204606964 67309274.95 21958395.37 13 
0.02197630354 36955822.22 16958869.48 8 
0.02349191068 30719070.11 12556215.94 9 
0.02500751782 31482090.53 13737158.4 11 
0.02652312496 21564256.67 8245115.332 11 
0.0280387321 10905843.07 4092307.882 11 
0.02955433924 15566761.24 7986190.11 7 
0.03106994638 13503530.57 6244612.431 9 
0.03258555352 9505672.001 6193498.508 9 
0.03410116066 5554644.329 2599189.156 10 
0.0356167678 7123308.756 3635624.174 15 
0.03713237494 8396810.596 3160636.616 22 
0.03864798208 1879917.97 737577.1625 16 
0.04016358922 669729.1334 335995.0378 14 
0.04167919636 730152.2061 269136.1833 15 
0.0431948035 503905.0635 170502.134 19 
0.04471041064 714816.217 259504.6684 21 
0.04622601778 827300.9709 298860.6538 22 
0.04774162492 459854.8009 145038.7651 22 
0.04925723206 412844.4608 139166.8818 17 
0.0507728392 431756.8987 118102.4753 21 
0.05228844634 609400.2271 158925.1423 25 
0.05380405348 338159.6827 99312.92789 20 
0.05531966062 635470.4865 142405.7983 28 
0.05683526776 605519.7612 141599.9123 22 
0.05835087491 592515.5502 151394.3606 21 
0.05986648205 740082.9925 196573.8924 19 
0.06138208919 421285.1303 108092.7087 17 
0.06289769633 740211.5935 154610.4638 32 
0.06441330347 472873.1948 123914.3685 27 
0.06592891061 490774.7585 120786.6802 28 
0.06744451775 271858.6919 86331.10497 22 
0.06896012489 490389.7824 113957.5211 35 
0.07047573203 201513.2459 55742.38401 29 
0.07199133917 295893.4864 83670.28557 27 
0.07350694631 137668.0208 42641.20896 28 
0.07502255345 96079.59538 39193.0613 23 
0.07653816059 57275.54428 17374.36744 25 
0.07805376773 60404.91199 16145.76021 34 
0.07956937487 104321.1924 33720.85416 37 
0.08108498201 83599.76642 24710.78457 26 
0.08260058915 79173.92599 16996.19073 38 
0.08411619629 92248.38339 20908.3329 34 
0.08563180343 90298.32186 21248.89641 28 
0.08714741057 91021.14736 19294.90868 32 
0.08866301771 127722.9844 25284.75549 32 
0.09017862485 97479.63623 22412.68182 25 
0.09169423199 101747.754 21788.18701 29 
0.09320983913 90551.80856 18207.56415 33 
0.09472544627 81929.81123 19724.66676 26 
0.09624105341 86120.37293 18890.61463 26 
0.09775666056 70849.35182 16436.31385 29 
0.0992722677 41955.4083 10672.7671 22 
0.1007878748 69129.71878 16463.31343 33 
0.102303482 46871.14342 13702.23999 28 
0.1038190891 26221.65183 7546.720966 27 
0.1053346963 14204.11264 4055.496863 23 
0.1068503034 16948.37297 5561.718159 24 
0.1083659105 17768.93294 6058.491846 23 
0.1098815177 15699.18252 5181.04646 21 
0.1113971248 4078.31445 1424.265117 19 
0.112912732 14727.45628 4397.818772 25 
0.1144283391 14917.9381 4072.819371 24 
0.1159439462 15650.28181 4334.46466 23 
0.1174595534 15449.65927 4340.008217 20 
0.1189751605 25910.45375 5630.78055 26 
0.1204907677 27930.98995 5852.367271 28 
0.1220063748 19867.33955 5113.273536 20 
0.1235219819 17664.20653 4509.99358 19 
0.1250375891 19497.11718 4840.252226 22 
0.1265531962 22412.57527 5605.161551 20 
0.1280688034 13814.08076 3266.369745 21 
0.1295844105 13457.26301 3372.001467 22 
0.1311000176 17797.96607 4329.960871 25 
0.1326156248 10948.97414 3173.767308 21 
0.1341312319 4401.925719 2091.541315 11 
0.1356468391 4924.866875 1728.73986 17 
0.1371624462 4886.508813 2482.256017 12 
0.1386780533 2958.577951 977.7880186 14 
0.1401936605 4862.260165 1722.348639 19 
0.1417092676 2699.169806 1229.292212 17 
0.1432248748 1036.611131 434.1417348 13 
0.1447404819 1977.165824 754.1129346 13 
0.146256089 3551.582662 1080.595445 18 
0.1477716962 3056.163002 1176.21313 11 
0.1492873033 2299.704814 1089.0878 7 
0.1508029105 4855.607345 1425.122192 15 
