# Format: McCode with text headers
# URL: http://www.mccode.org
# Creator:  3.8.5, git
# Instrument: eqsans_1_fixed.instr
# Ncount: 1000000
# Trace: no
# Gravitation: no
# Seed: 1790169485374589
# Directory: /Users/georgeyumnam/WORK/PANRAID/PaNRAID-results/Group2/panraidproject/scan_guide_xy/x-20_y+18
# Param: gx=-0.02
# Param: gy=0.018
# Date: Wed Sep 23 15:18:08 2026 (1790169488)
# type: array_1d(120)
# Source: EQ_SANS (eqsans_1_fixed.instr)
# component: lambda_det
# position: 0 0 22.28
# title: Wavelength monitor
# Ncount: 1000000
# filename: lambda_det.dat
# statistics: X0=4.02552; dX=0.966192;
# signal: Min=0; Max=799850; Mean=130383;
# values: 1.5646e+07 320498 4126
# xvar: L
# yvar: (I,I_err)
# xlabel: Wavelength [AA]
# ylabel: Intensity
# xlimits: 0 12
# variables: L I I_err N
0.05 0 0 0 
0.15 0 0 0 
0.25 0 0 0 
0.35 0 0 0 
0.45 0 0 0 
0.55 0 0 0 
0.65 0 0 0 
0.75 0 0 0 
0.85 0 0 0 
0.95 0 0 0 
1.05 0 0 0 
1.15 0 0 0 
1.25 0 0 0 
1.35 0 0 0 
1.45 0 0 0 
1.55 0 0 0 
1.65 0 0 0 
1.75 0 0 0 
1.85 0 0 0 
1.95 0 0 0 
2.05 0 0 0 
2.15 0 0 0 
2.25 0 0 0 
2.35 10753.76031 8218.452933 3 
2.45 1674.959672 1797.192917 4 
2.55 75405.48183 24330.20987 13 
2.65 180674.6428 35985.56144 47 
2.75 540025.7898 61257.92009 144 
2.85 667145.0267 66407.33172 210 
2.95 769653.9982 73613.84679 221 
3.05 763160.9002 72587.49283 231 
3.15 799849.5811 73924.36417 214 
3.25 719823.1519 69752.35534 195 
3.35 670124.963 64550.87896 197 
3.45 650497.1211 66718.33014 178 
3.55 565438.1337 60385.52528 157 
3.65 531581.8901 56885.27503 145 
3.75 613506.3663 64148.08365 157 
3.85 610457.3944 62512.71666 154 
3.95 547643.3693 59350.97382 131 
4.05 486513.5507 54501.6017 124 
4.15 502554.5015 56775.41352 126 
4.25 506762.1499 57807.01528 114 
4.35 475170.7691 55788.76975 112 
4.45 417898.3298 52535.17269 104 
4.55 322131.4597 43806.78697 102 
4.65 277845.4447 40557.99833 78 
4.75 379949.5901 50469.4665 91 
4.85 356553.0577 47702.33815 88 
4.95 302420.1771 43772.32753 80 
5.05 248833.8874 40117.98244 79 
5.15 330026.7331 47041.18643 71 
5.25 322512.7098 45281.14356 80 
5.35 259815.5703 41024.39257 61 
5.45 240048.8043 39191.66582 57 
5.55 156888.3923 31874.30837 45 
5.65 205265.9202 35871.63323 52 
5.75 210960.3317 36386.59493 52 
5.85 157293.46 33174.1671 35 
5.95 187406.8226 37041.81565 38 
6.05 115865.6849 28648.45495 28 
6.15 146145.6525 30816.5966 36 
6.25 91270.15866 24095.49746 22 
6.35 87591.50011 25185.84888 23 
6.45 120497.0161 30258.16399 23 
6.55 20378.25727 12790.58964 4 
6.65 0 0 0 
6.75 0 0 0 
6.85 0 0 0 
6.95 0 0 0 
7.05 0 0 0 
7.15 0 0 0 
7.25 0 0 0 
7.35 0 0 0 
7.45 0 0 0 
7.55 0 0 0 
7.65 0 0 0 
7.75 0 0 0 
7.85 0 0 0 
7.95 0 0 0 
8.05 0 0 0 
8.15 0 0 0 
8.25 0 0 0 
8.35 0 0 0 
8.45 0 0 0 
8.55 0 0 0 
8.65 0 0 0 
8.75 0 0 0 
8.85 0 0 0 
8.95 0 0 0 
9.05 0 0 0 
9.15 0 0 0 
9.25 0 0 0 
9.35 0 0 0 
9.45 0 0 0 
9.55 0 0 0 
9.65 0 0 0 
9.75 0 0 0 
9.85 0 0 0 
9.95 0 0 0 
10.05 0 0 0 
10.15 0 0 0 
10.25 0 0 0 
10.35 0 0 0 
10.45 0 0 0 
10.55 0 0 0 
10.65 0 0 0 
10.75 0 0 0 
10.85 0 0 0 
10.95 0 0 0 
11.05 0 0 0 
11.15 0 0 0 
11.25 0 0 0 
11.35 0 0 0 
11.45 0 0 0 
11.55 0 0 0 
11.65 0 0 0 
11.75 0 0 0 
11.85 0 0 0 
11.95 0 0 0 
