# Format: McCode with text headers
# URL: http://www.mccode.org
# Creator:  3.8.5, git
# Instrument: eqsans_cylinder.instr
# Ncount: 5000000
# Trace: no
# Gravitation: no
# Seed: 1790194656653448
# Directory: /Users/georgeyumnam/WORK/PANRAID/PaNRAID-results/Group2/panraidproject/dataset_cylinder/cyl_001085
# Param: gx=0
# Param: gy=0
# Param: sample_on=1
# Param: bs_radius=0
# Param: samp_ap=0.01
# Param: sld=5.30149
# Param: sld_solvent=1
# Param: radius=186.26
# Param: length=261.03
# Param: pd_radius=0.201685
# Param: pd_length=0.048088
# Param: model_scale=1
# Param: model_abs=0
# Date: Wed Sep 23 22:17:54 2026 (1790194674)
# type: array_1d(100)
# Source: EQ_SANS_cylinder (eqsans_cylinder.instr)
# component: qmon
# position: 0 0 22.281
# title: QMonitor - Radially averaged distribution
# Ncount: 5000000
# filename: rdet.dat
# statistics: X0=0.0386806; dX=0.0338577;
# signal: Min=8.51269e+12; Max=1.22483e+17; Mean=1.13507e+16;
# values: 1.13507e+18 5.13064e+16 158414
# xvar: r
# yvar: (I,I_err)
# xlabel: Radius [m]
# ylabel: I(r)
# xlimits: 0 0.5
# variables: r I I_err N
0.0025 1.224826548e+17 3.844189363e+16 19 
0.0075 9.852279369e+16 2.306161078e+16 47 
0.0125 7.214181342e+16 1.183001607e+16 73 
0.0175 9.173531857e+16 1.123791758e+16 133 
0.0225 8.740292574e+16 1.04487738e+16 138 
0.0275 7.598526812e+16 8.616444265e+15 164 
0.0325 6.638201783e+16 6.796569494e+15 205 
0.0375 6.979038508e+16 6.563252481e+15 237 
0.0425 6.076253476e+16 5.797647688e+15 275 
0.0475 5.841023617e+16 5.007234261e+15 318 
0.0525 5.039980666e+16 4.214008551e+15 331 
0.0575 4.835768434e+16 4.23194159e+15 362 
0.0625 3.994580731e+16 3.516924307e+15 381 
0.0675 3.22428467e+16 2.464119567e+15 428 
0.0725 2.923467014e+16 2.38689179e+15 457 
0.0775 1.87553845e+16 1.731189562e+15 426 
0.0825 1.977902553e+16 1.669062149e+15 492 
0.0875 1.580463126e+16 1.233200998e+15 586 
0.0925 1.34123637e+16 1.089118029e+15 601 
0.0975 1.069643432e+16 9.516055693e+14 600 
0.1025 8.457932713e+15 7.007317761e+14 601 
0.1075 7.349303984e+15 5.903054008e+14 727 
0.1125 5.771054753e+15 4.588709805e+14 701 
0.1175 4.784343769e+15 3.822598703e+14 773 
0.1225 4.078002033e+15 3.481730081e+14 786 
0.1275 3.498271863e+15 2.905575589e+14 817 
0.1325 2.154423329e+15 1.646746223e+14 833 
0.1375 2.074008956e+15 1.737249884e+14 856 
0.1425 2.132269457e+15 1.766516809e+14 910 
0.1475 1.435970462e+15 1.159668285e+14 903 
0.1525 1.204009609e+15 9.463093578e+13 974 
0.1575 9.700266565e+14 7.198941983e+13 1051 
0.1625 9.926597186e+14 7.787991737e+13 1054 
0.1675 8.750495188e+14 6.811042234e+13 1057 
0.1725 6.228338418e+14 3.741898101e+13 1040 
0.1775 5.483949778e+14 3.216429767e+13 1116 
0.1825 4.811756365e+14 2.63894351e+13 1133 
0.1875 4.664638895e+14 3.073309383e+13 1162 
0.1925 3.974551609e+14 2.270232211e+13 1230 
0.1975 3.551669879e+14 1.836715904e+13 1273 
0.2025 2.969317354e+14 1.352264014e+13 1312 
0.2075 2.566896777e+14 1.245463959e+13 1264 
0.2125 2.774687572e+14 1.373826932e+13 1390 
0.2175 2.253111604e+14 1.024716319e+13 1357 
0.2225 2.171748074e+14 9.52813686e+12 1389 
0.2275 2.034778426e+14 8.642002236e+12 1466 
0.2325 1.843194522e+14 8.115663145e+12 1439 
0.2375 1.740307497e+14 7.764861705e+12 1510 
0.2425 1.617356615e+14 6.964389141e+12 1553 
0.2475 1.446189546e+14 6.446432498e+12 1523 
0.2525 1.412380185e+14 6.08414268e+12 1611 
0.2575 1.232966792e+14 5.696332794e+12 1603 
0.2625 1.18039487e+14 5.202838092e+12 1651 
0.2675 1.125224852e+14 4.765136473e+12 1731 
0.2725 1.076093571e+14 4.518977896e+12 1766 
0.2775 9.810027901e+13 4.362836713e+12 1745 
0.2825 9.061385667e+13 3.849987575e+12 1775 
0.2875 8.435247374e+13 3.636175049e+12 1819 
0.2925 7.459623142e+13 3.245106978e+12 1903 
0.2975 7.225704198e+13 3.064994963e+12 1933 
0.3025 6.541536531e+13 2.959834907e+12 1926 
0.3075 5.915325933e+13 2.511614774e+12 1917 
0.3125 5.756050822e+13 2.548425585e+12 1945 
0.3175 5.811340677e+13 2.471130283e+12 2054 
0.3225 5.159578103e+13 2.156998443e+12 2043 
0.3275 4.694248798e+13 1.890042235e+12 2135 
0.3325 4.463462059e+13 1.784072145e+12 2111 
0.3375 3.805420021e+13 1.533279145e+12 2076 
0.3425 3.765342483e+13 1.425610987e+12 2216 
0.3475 3.732358432e+13 1.398837183e+12 2239 
0.3525 3.094684261e+13 1.162307601e+12 2202 
0.3575 3.097285582e+13 1.135694362e+12 2232 
0.3625 2.862251098e+13 1.082347773e+12 2271 
0.3675 2.562487227e+13 9.013336568e+11 2353 
0.3725 2.532218011e+13 9.174984815e+11 2295 
0.3775 2.567833358e+13 9.018086121e+11 2371 
0.3825 2.231068961e+13 7.726374118e+11 2346 
0.3875 2.203684815e+13 7.78457646e+11 2443 
0.3925 2.043465664e+13 6.678024293e+11 2498 
0.3975 2.08444882e+13 6.934354872e+11 2550 
0.4025 1.9724676e+13 6.715800004e+11 2534 
0.4075 1.846298176e+13 5.972702109e+11 2617 
0.4125 1.637381191e+13 5.405397019e+11 2580 
0.4175 1.66805604e+13 5.525118633e+11 2613 
0.4225 1.667520456e+13 5.334930194e+11 2757 
0.4275 1.561160164e+13 5.142169956e+11 2762 
0.4325 1.435949077e+13 4.657907475e+11 2750 
0.4375 1.449594852e+13 4.603947504e+11 2869 
0.4425 1.246438173e+13 4.021629408e+11 2783 
0.4475 1.317103775e+13 4.234351905e+11 2931 
0.4525 1.227060325e+13 3.888083112e+11 2901 
0.4575 1.183654841e+13 3.821670742e+11 2930 
0.4625 1.145191036e+13 3.685362299e+11 2871 
0.4675 9.98839877e+12 3.255477175e+11 2844 
0.4725 1.036467121e+13 3.399461641e+11 2954 
0.4775 1.034167958e+13 3.300070752e+11 3068 
0.4825 9.816204174e+12 3.135340486e+11 3091 
0.4875 8.949650944e+12 2.998456867e+11 3000 
0.4925 9.197048147e+12 2.966723657e+11 3156 
0.4975 8.512691054e+12 2.700265976e+11 3170 
