# Format: McCode with text headers
# URL: http://www.mccode.org
# Creator:  3.8.5, git
# Instrument: eqsans_cylinder.instr
# Ncount: 5000000
# Trace: no
# Gravitation: no
# Seed: 1790194260185767
# Directory: /Users/georgeyumnam/WORK/PANRAID/PaNRAID-results/Group2/panraidproject/dataset_cylinder/cyl_000865
# Param: gx=0
# Param: gy=0
# Param: sample_on=1
# Param: bs_radius=0
# Param: samp_ap=0.01
# Param: sld=3.11278
# Param: sld_solvent=1
# Param: radius=106.974
# Param: length=206.788
# Param: pd_radius=0.032411
# Param: pd_length=0.278328
# Param: model_scale=1
# Param: model_abs=0
# Date: Wed Sep 23 22:11:18 2026 (1790194278)
# type: array_1d(100)
# Source: EQ_SANS_cylinder (eqsans_cylinder.instr)
# component: qmon
# position: 0 0 22.281
# title: QMonitor - Radially averaged distribution
# Ncount: 5000000
# filename: rdet.dat
# statistics: X0=0.0580671; dX=0.0478221;
# signal: Min=8.19772e+11; Max=1.97055e+15; Mean=2.98225e+14;
# values: 2.98225e+16 7.20382e+14 158611
# xvar: r
# yvar: (I,I_err)
# xlabel: Radius [m]
# ylabel: I(r)
# xlimits: 0 0.5
# variables: r I I_err N
0.0025 1.183503989e+15 4.625212389e+14 10 
0.0075 1.397985859e+15 2.4753555e+14 44 
0.0125 1.970548368e+15 2.590600401e+14 79 
0.0175 1.624734168e+15 1.758991937e+14 116 
0.0225 1.684584787e+15 1.758565022e+14 131 
0.0275 1.678931804e+15 1.533645015e+14 173 
0.0325 1.608411691e+15 1.382120366e+14 196 
0.0375 1.691236071e+15 1.313008212e+14 245 
0.0425 1.665329015e+15 1.168314365e+14 286 
0.0475 1.320685816e+15 9.540402465e+13 277 
0.0525 1.298724298e+15 8.5858798e+13 352 
0.0575 1.204591693e+15 8.06208924e+13 350 
0.0625 1.172445748e+15 7.481989163e+13 396 
0.0675 1.001101822e+15 6.005416554e+13 409 
0.0725 1.051310718e+15 6.240079176e+13 477 
0.0775 9.078870338e+14 5.402142618e+13 483 
0.0825 7.283667173e+14 4.187184263e+13 506 
0.0875 7.078027836e+14 4.213360801e+13 514 
0.0925 6.305949666e+14 3.77756247e+13 534 
0.0975 5.947797818e+14 3.403445875e+13 622 
0.1025 5.855584025e+14 3.170585534e+13 673 
0.1075 4.660134199e+14 2.71852276e+13 653 
0.1125 4.574247194e+14 2.48760902e+13 746 
0.1175 3.470242495e+14 1.997390755e+13 696 
0.1225 3.470842094e+14 1.876120947e+13 772 
0.1275 2.96539881e+14 1.674365484e+13 787 
0.1325 2.655868143e+14 1.533551623e+13 815 
0.1375 2.142670305e+14 1.298609528e+13 860 
0.1425 2.179481069e+14 1.256502667e+13 919 
0.1475 1.969971056e+14 1.135290669e+13 940 
0.1525 1.463136938e+14 8.947987977e+12 978 
0.1575 1.415574062e+14 8.004651444e+12 987 
0.1625 1.149865619e+14 6.940139907e+12 985 
0.1675 1.039748418e+14 6.573285982e+12 1026 
0.1725 8.538246999e+13 5.316029184e+12 1077 
0.1775 7.36269831e+13 4.716414539e+12 1167 
0.1825 6.671032686e+13 4.065584334e+12 1161 
0.1875 5.987695609e+13 3.911691806e+12 1141 
0.1925 4.972483563e+13 3.230331225e+12 1225 
0.1975 4.637476551e+13 2.810887961e+12 1316 
0.2025 3.732481449e+13 2.325934578e+12 1223 
0.2075 3.660914305e+13 2.191297754e+12 1347 
0.2125 3.065420074e+13 2.015683238e+12 1294 
0.2175 2.667743322e+13 1.557370619e+12 1410 
0.2225 2.234296117e+13 1.290689025e+12 1424 
0.2275 2.038130725e+13 1.061368932e+12 1494 
0.2325 1.630423166e+13 8.698664613e+11 1403 
0.2375 1.501415339e+13 8.254115365e+11 1457 
0.2425 1.435840966e+13 7.081022512e+11 1591 
0.2475 1.325618541e+13 6.724572365e+11 1589 
0.2525 1.103228084e+13 4.971751869e+11 1614 
0.2575 1.07101372e+13 4.740719146e+11 1636 
0.2625 1.00580513e+13 4.920115297e+11 1631 
0.2675 9.061327716e+12 3.79652075e+11 1731 
0.2725 8.647877275e+12 3.30339095e+11 1833 
0.2775 7.838367302e+12 3.099563446e+11 1754 
0.2825 7.162549995e+12 2.732982334e+11 1778 
0.2875 6.738424061e+12 2.52150357e+11 1832 
0.2925 5.915106253e+12 2.225674487e+11 1791 
0.2975 5.810855904e+12 2.081346947e+11 1893 
0.3025 5.81240673e+12 1.99510476e+11 1945 
0.3075 5.269727493e+12 1.823624054e+11 1934 
0.3125 4.960757362e+12 1.688137994e+11 1949 
0.3175 4.97907483e+12 1.661242951e+11 2041 
0.3225 4.824102598e+12 1.603105851e+11 2103 
0.3275 4.106388194e+12 1.41771885e+11 2008 
0.3325 4.168543684e+12 1.416941716e+11 2075 
0.3375 4.10171619e+12 1.373285584e+11 2169 
0.3425 3.819639712e+12 1.327460217e+11 2144 
0.3475 3.700369747e+12 1.263650216e+11 2213 
0.3525 3.260302915e+12 1.137723055e+11 2263 
0.3575 3.253217042e+12 1.128478721e+11 2248 
0.3625 3.101276158e+12 1.08931677e+11 2310 
0.3675 3.065626184e+12 1.09393917e+11 2383 
0.3725 2.703126701e+12 9.547637654e+10 2352 
0.3775 2.883850626e+12 1.00198992e+11 2549 
0.3825 2.646919201e+12 9.679398655e+10 2391 
0.3875 2.391168672e+12 9.155791087e+10 2302 
0.3925 2.362076184e+12 8.598400114e+10 2507 
0.3975 2.218456516e+12 8.106409089e+10 2572 
0.4025 2.201798903e+12 7.954473799e+10 2630 
0.4075 1.982508408e+12 7.150781239e+10 2596 
0.4125 1.78200545e+12 6.269531809e+10 2635 
0.4175 1.709212932e+12 6.100374363e+10 2688 
0.4225 1.71483678e+12 6.171476531e+10 2698 
0.4275 1.64283902e+12 5.702996561e+10 2809 
0.4325 1.520457186e+12 5.443043739e+10 2736 
0.4375 1.478002354e+12 5.204854547e+10 2808 
0.4425 1.332918617e+12 4.546932601e+10 2789 
0.4475 1.300668806e+12 4.540724592e+10 2812 
0.4525 1.251234137e+12 4.276922306e+10 2877 
0.4575 1.164088508e+12 3.970980932e+10 2856 
0.4625 1.086900236e+12 3.665753584e+10 2894 
0.4675 1.00841799e+12 3.177224982e+10 2983 
0.4725 9.924056935e+11 3.192532667e+10 3059 
0.4775 8.953483758e+11 3.020122858e+10 2977 
0.4825 8.851280135e+11 2.807679366e+10 3017 
0.4875 8.570520943e+11 2.627410463e+10 3107 
0.4925 8.197722535e+11 2.428109233e+10 3135 
0.4975 8.203667293e+11 2.385696614e+10 3198 
