# Format: McCode with text headers
# URL: http://www.mccode.org
# Creator:  3.8.5, git
# Instrument: eqsans_1_fixed.instr
# Ncount: 1000000
# Trace: no
# Gravitation: no
# Seed: 1790169499594460
# Directory: /Users/georgeyumnam/WORK/PANRAID/PaNRAID-results/Group2/panraidproject/scan_guide_xy/x-19_y+15
# Param: gx=-0.019
# Param: gy=0.015
# Date: Wed Sep 23 15:18:23 2026 (1790169503)
# type: array_1d(120)
# Source: EQ_SANS (eqsans_1_fixed.instr)
# component: lambda_det
# position: 0 0 22.28
# title: Wavelength monitor
# Ncount: 1000000
# filename: lambda_det.dat
# statistics: X0=4.04636; dX=0.979864;
# signal: Min=0; Max=1.16902e+06; Mean=180669;
# values: 2.16803e+07 377580 5745
# xvar: L
# yvar: (I,I_err)
# xlabel: Wavelength [AA]
# ylabel: Intensity
# xlimits: 0 12
# variables: L I I_err N
0.05 0 0 0 
0.15 0 0 0 
0.25 0 0 0 
0.35 0 0 0 
0.45 0 0 0 
0.55 0 0 0 
0.65 0 0 0 
0.75 0 0 0 
0.85 0 0 0 
0.95 0 0 0 
1.05 0 0 0 
1.15 0 0 0 
1.25 0 0 0 
1.35 0 0 0 
1.45 0 0 0 
1.55 0 0 0 
1.65 0 0 0 
1.75 0 0 0 
1.85 0 0 0 
1.95 0 0 0 
2.05 0 0 0 
2.15 0 0 0 
2.25 6313.284677 5892.309876 2 
2.35 16067.33495 9463.652299 3 
2.45 27794.11253 13870.04458 8 
2.55 83044.81934 23226.18142 25 
2.65 174398.0293 35047.15985 54 
2.75 571747.5242 62651.74964 151 
2.85 1150109.517 89146.94137 301 
2.95 1169015.464 89667.90094 338 
3.05 877079.1171 75878.79932 260 
3.15 963404.3122 81636.02276 290 
3.25 1015588.981 83706.79571 268 
3.35 997845.786 79853.16316 277 
3.45 920275.6909 78495.43128 248 
3.55 808355.9435 72297.78443 218 
3.65 888692.0857 76147.14841 238 
3.75 871195.5838 73944.86844 243 
3.85 857864.9756 74209.3887 202 
3.95 607587.8134 61541.44149 155 
4.05 711696.9734 67424.56986 183 
4.15 748781.2363 70561.59463 175 
4.25 615189.508 64443.6009 146 
4.35 548549.3071 60270.30099 139 
4.45 465017.808 52176.68428 133 
4.55 496717.7946 55752.1146 127 
4.65 520763.9042 57064.3234 127 
4.75 431067.0599 52045.99987 130 
4.85 499345.523 57360.37051 133 
4.95 386568.6353 47921.09122 103 
5.05 423926.0476 53408.61058 103 
5.15 392798.2643 51408.70985 106 
5.25 305514.6106 43403.05776 82 
5.35 398276.9509 52329.10152 91 
5.45 373718.7946 50999.80883 89 
5.55 278226.0258 43059.31924 81 
5.65 355777.2741 49551.47126 86 
5.75 247376.9194 40110.16265 69 
5.85 263525.3284 42674.72645 60 
5.95 322737.9162 47463.70899 67 
6.05 243222.1429 39322.89869 60 
6.15 223616.6027 38658.44154 54 
6.25 161723.2754 32766.86301 46 
6.35 109355.0319 27073.80784 38 
6.45 133684.8909 29622.98105 30 
6.55 16771.04284 11284.0188 6 
6.65 0 0 0 
6.75 0 0 0 
6.85 0 0 0 
6.95 0 0 0 
7.05 0 0 0 
7.15 0 0 0 
7.25 0 0 0 
7.35 0 0 0 
7.45 0 0 0 
7.55 0 0 0 
7.65 0 0 0 
7.75 0 0 0 
7.85 0 0 0 
7.95 0 0 0 
8.05 0 0 0 
8.15 0 0 0 
8.25 0 0 0 
8.35 0 0 0 
8.45 0 0 0 
8.55 0 0 0 
8.65 0 0 0 
8.75 0 0 0 
8.85 0 0 0 
8.95 0 0 0 
9.05 0 0 0 
9.15 0 0 0 
9.25 0 0 0 
9.35 0 0 0 
9.45 0 0 0 
9.55 0 0 0 
9.65 0 0 0 
9.75 0 0 0 
9.85 0 0 0 
9.95 0 0 0 
10.05 0 0 0 
10.15 0 0 0 
10.25 0 0 0 
10.35 0 0 0 
10.45 0 0 0 
10.55 0 0 0 
10.65 0 0 0 
10.75 0 0 0 
10.85 0 0 0 
10.95 0 0 0 
11.05 0 0 0 
11.15 0 0 0 
11.25 0 0 0 
11.35 0 0 0 
11.45 0 0 0 
11.55 0 0 0 
11.65 0 0 0 
11.75 0 0 0 
11.85 0 0 0 
11.95 0 0 0 
