# Format: McCode with text headers
# URL: http://www.mccode.org
# Creator:  3.8.5, git
# Instrument: eqsans_1_fixed.instr
# Ncount: 1000000
# Trace: no
# Gravitation: no
# Seed: 1790170044507033
# Directory: /Users/georgeyumnam/WORK/PANRAID/PaNRAID-results/Group2/panraidproject/scan_guide_xy/x+16_y+10
# Param: gx=0.016
# Param: gy=0.01
# Date: Wed Sep 23 15:27:28 2026 (1790170048)
# type: array_1d(120)
# Source: EQ_SANS (eqsans_1_fixed.instr)
# component: lambda_det
# position: 0 0 22.28
# title: Wavelength monitor
# Ncount: 1000000
# filename: lambda_det.dat
# statistics: X0=4.08207; dX=0.982458;
# signal: Min=0; Max=1.99588e+06; Mean=300945;
# values: 3.61134e+07 478452 10428
# xvar: L
# yvar: (I,I_err)
# xlabel: Wavelength [AA]
# ylabel: Intensity
# xlimits: 0 12
# variables: L I I_err N
0.05 0 0 0 
0.15 0 0 0 
0.25 0 0 0 
0.35 0 0 0 
0.45 0 0 0 
0.55 0 0 0 
0.65 0 0 0 
0.75 0 0 0 
0.85 0 0 0 
0.95 0 0 0 
1.05 0 0 0 
1.15 0 0 0 
1.25 0 0 0 
1.35 0 0 0 
1.45 0 0 0 
1.55 0 0 0 
1.65 0 0 0 
1.75 0 0 0 
1.85 0 0 0 
1.95 0 0 0 
2.05 0 0 0 
2.15 394.7206761 394.7206761 1 
2.25 320.0076908 320.0076908 1 
2.35 26792.1453 14131.56792 8 
2.45 23829.44059 12672.87474 14 
2.55 100992.4 23671.64499 29 
2.65 192526.2724 35115.673 75 
2.75 488916.9588 57222.23154 146 
2.85 1391626.816 95762.37288 418 
2.95 1995877.722 114579.0111 571 
3.05 1845415.602 109156.0174 537 
3.15 1699840.981 103225.6242 512 
3.25 1829480.788 109569.8186 516 
3.35 1631363.648 102327.9476 489 
3.45 1669121.306 102805.2525 449 
3.55 1417262.097 93538.67664 419 
3.65 1540976.641 98559.92429 438 
3.75 1302279.301 90958.09288 385 
3.85 1235794.445 87839.73606 376 
3.95 1283784.512 89581.80307 385 
4.05 1271842.658 90579.1182 331 
4.15 1122877.146 84192.06064 325 
4.25 1003811.671 77296.1218 299 
4.35 995143.9721 78980.1634 288 
4.45 912542.7139 75269.28546 261 
4.55 968691.2566 78011.92268 282 
4.65 848783.7763 72178.0067 238 
4.75 762146.5029 69135.41033 220 
4.85 790213.0838 71322.46176 208 
4.95 638440.3486 62122.76375 194 
5.05 660185.5704 64620.5699 189 
5.15 684891.5542 67936.66881 182 
5.25 611328.4448 61397.55348 187 
5.35 573344.5396 60527.73566 157 
5.45 514153.6237 57671.55755 154 
5.55 465332.2626 52573.98022 139 
5.65 450856.9834 53025.10528 136 
5.75 462781.574 54066.65316 140 
5.85 374059.4149 46854.04488 120 
5.95 395663.0644 51131.67942 110 
6.05 406149.8351 51474.56434 115 
6.15 425564.5448 52180.05856 108 
6.25 310203.2507 43803.64928 87 
6.35 283776.7717 42287.18645 78 
6.45 220412.7189 38162.1706 57 
6.55 227926.8939 39052.63138 45 
6.65 55672.67527 20101.85325 9 
6.75 0 0 0 
6.85 0 0 0 
6.95 0 0 0 
7.05 0 0 0 
7.15 0 0 0 
7.25 0 0 0 
7.35 0 0 0 
7.45 0 0 0 
7.55 0 0 0 
7.65 0 0 0 
7.75 0 0 0 
7.85 0 0 0 
7.95 0 0 0 
8.05 0 0 0 
8.15 0 0 0 
8.25 0 0 0 
8.35 0 0 0 
8.45 0 0 0 
8.55 0 0 0 
8.65 0 0 0 
8.75 0 0 0 
8.85 0 0 0 
8.95 0 0 0 
9.05 0 0 0 
9.15 0 0 0 
9.25 0 0 0 
9.35 0 0 0 
9.45 0 0 0 
9.55 0 0 0 
9.65 0 0 0 
9.75 0 0 0 
9.85 0 0 0 
9.95 0 0 0 
10.05 0 0 0 
10.15 0 0 0 
10.25 0 0 0 
10.35 0 0 0 
10.45 0 0 0 
10.55 0 0 0 
10.65 0 0 0 
10.75 0 0 0 
10.85 0 0 0 
10.95 0 0 0 
11.05 0 0 0 
11.15 0 0 0 
11.25 0 0 0 
11.35 0 0 0 
11.45 0 0 0 
11.55 0 0 0 
11.65 0 0 0 
11.75 0 0 0 
11.85 0 0 0 
11.95 0 0 0 
