# Format: McCode with text headers
# URL: http://www.mccode.org
# Creator:  3.8.5, git
# Instrument: eqsans_cylinder.instr
# Ncount: 5000000
# Trace: no
# Gravitation: no
# Seed: 1790195126817466
# Directory: /Users/georgeyumnam/WORK/PANRAID/PaNRAID-results/Group2/panraidproject/dataset_cylinder/cyl_001348
# Param: gx=0
# Param: gy=0
# Param: sample_on=1
# Param: bs_radius=0
# Param: samp_ap=0.01
# Param: sld=3.15273
# Param: sld_solvent=1
# Param: radius=101.663
# Param: length=235.031
# Param: pd_radius=0.228697
# Param: pd_length=0.128943
# Param: model_scale=1
# Param: model_abs=0
# Date: Wed Sep 23 22:25:44 2026 (1790195144)
# type: array_1d(100)
# Source: EQ_SANS_cylinder (eqsans_cylinder.instr)
# component: qmon
# position: 0 0 22.281
# title: QMonitor - Radially averaged distribution
# Ncount: 5000000
# filename: rdet.dat
# statistics: X0=0.0522927; dX=0.0466788;
# signal: Min=9.32562e+11; Max=3.56902e+15; Mean=3.96556e+14;
# values: 3.96556e+16 1.47738e+15 162917
# xvar: r
# yvar: (I,I_err)
# xlabel: Radius [m]
# ylabel: I(r)
# xlimits: 0 0.5
# variables: r I I_err N
0.0025 3.569019372e+15 1.138087147e+15 20 
0.0075 2.484437165e+15 6.19360168e+14 50 
0.0125 2.182772272e+15 3.18866848e+14 80 
0.0175 2.680257632e+15 3.351031186e+14 119 
0.0225 2.088966544e+15 2.381940792e+14 147 
0.0275 2.285274334e+15 2.392314516e+14 182 
0.0325 2.104378135e+15 2.047677143e+14 229 
0.0375 1.963049401e+15 1.933754249e+14 224 
0.0425 1.811336295e+15 1.621296562e+14 250 
0.0475 1.815511323e+15 1.701892484e+14 300 
0.0525 1.692770445e+15 1.281005567e+14 377 
0.0575 1.521963523e+15 1.165380726e+14 359 
0.0625 1.388705828e+15 1.024643425e+14 407 
0.0675 1.24129477e+15 8.750615191e+13 424 
0.0725 1.164050145e+15 8.405035415e+13 440 
0.0775 1.10161345e+15 7.945241002e+13 485 
0.0825 9.256613065e+14 6.213253275e+13 534 
0.0875 8.904452819e+14 5.578097732e+13 579 
0.0925 7.947289044e+14 5.425821953e+13 577 
0.0975 7.430398388e+14 5.046123574e+13 645 
0.1025 6.504932792e+14 3.973505234e+13 705 
0.1075 5.046142879e+14 3.238100367e+13 671 
0.1125 4.819575949e+14 3.159296049e+13 742 
0.1175 4.565518557e+14 3.219895954e+13 775 
0.1225 3.726806254e+14 2.348121594e+13 768 
0.1275 3.710225991e+14 2.221939105e+13 846 
0.1325 2.824200883e+14 1.77363195e+13 889 
0.1375 2.544745664e+14 1.662855004e+13 946 
0.1425 2.109304813e+14 1.31466416e+13 885 
0.1475 2.008856223e+14 1.282985435e+13 976 
0.1525 1.650780458e+14 1.193697759e+13 964 
0.1575 1.450177805e+14 9.020545603e+12 1072 
0.1625 1.322619104e+14 8.627773829e+12 1062 
0.1675 1.070044832e+14 6.564126899e+12 1111 
0.1725 9.213096354e+13 6.35401317e+12 1121 
0.1775 7.20366521e+13 4.703558913e+12 1096 
0.1825 6.936543005e+13 4.210132994e+12 1228 
0.1875 6.168622841e+13 4.19695345e+12 1225 
0.1925 5.055600676e+13 3.413171409e+12 1242 
0.1975 4.727550426e+13 2.964433927e+12 1278 
0.2025 4.42389454e+13 2.564479251e+12 1399 
0.2075 3.95465335e+13 2.322453809e+12 1346 
0.2125 3.425362359e+13 2.078322884e+12 1389 
0.2175 2.759312678e+13 1.414995758e+12 1463 
0.2225 2.643471403e+13 1.480648575e+12 1440 
0.2275 2.410070844e+13 1.387724431e+12 1478 
0.2325 1.859182676e+13 9.414896196e+11 1544 
0.2375 1.821902815e+13 8.628751813e+11 1521 
0.2425 1.644790205e+13 9.141558512e+11 1552 
0.2475 1.638495829e+13 8.579091997e+11 1647 
0.2525 1.389145182e+13 6.338192713e+11 1687 
0.2575 1.268197713e+13 5.804363292e+11 1602 
0.2625 1.179835478e+13 5.174792967e+11 1711 
0.2675 1.132379331e+13 5.002245695e+11 1706 
0.2725 1.02425602e+13 4.363949947e+11 1802 
0.2775 1.016768042e+13 4.394190609e+11 1823 
0.2825 8.870267398e+12 3.711621569e+11 1869 
0.2875 8.211584136e+12 3.210776783e+11 1874 
0.2925 7.814011068e+12 3.218580369e+11 1876 
0.2975 7.015046362e+12 2.73721144e+11 1893 
0.3025 6.577664961e+12 2.548151199e+11 1952 
0.3075 6.181450287e+12 2.532878826e+11 1898 
0.3125 5.775720927e+12 2.211217253e+11 2049 
0.3175 5.82627311e+12 2.330987731e+11 2075 
0.3225 5.451424949e+12 2.060347133e+11 2137 
0.3275 5.096638303e+12 1.998302912e+11 2123 
0.3325 4.666096052e+12 1.821187482e+11 2143 
0.3375 4.44527683e+12 1.768129014e+11 2121 
0.3425 4.140281217e+12 1.647224071e+11 2231 
0.3475 4.034589259e+12 1.610156098e+11 2269 
0.3525 3.791813057e+12 1.417152636e+11 2311 
0.3575 3.501636809e+12 1.347535422e+11 2319 
0.3625 3.417840815e+12 1.282907439e+11 2399 
0.3675 3.328093725e+12 1.211305502e+11 2498 
0.3725 3.139811824e+12 1.220792224e+11 2411 
0.3775 2.790324725e+12 1.014555737e+11 2480 
0.3825 2.375100181e+12 8.559013022e+10 2375 
0.3875 2.299175927e+12 8.379450633e+10 2424 
0.3925 2.489498199e+12 9.347496878e+10 2586 
0.3975 2.292820043e+12 8.28332518e+10 2535 
0.4025 2.049723458e+12 7.282913735e+10 2572 
0.4075 2.044410263e+12 7.166671789e+10 2701 
0.4125 2.026947272e+12 6.847842861e+10 2735 
0.4175 1.752770009e+12 6.152970327e+10 2619 
0.4225 1.861903439e+12 6.23676345e+10 2814 
0.4275 1.614562573e+12 5.439137668e+10 2782 
0.4325 1.573420031e+12 5.187315356e+10 2803 
0.4375 1.600095346e+12 5.201539725e+10 2988 
0.4425 1.469217276e+12 4.74381679e+10 2900 
0.4475 1.330285401e+12 4.322857303e+10 2792 
0.4525 1.246362415e+12 4.128030261e+10 2873 
0.4575 1.327559812e+12 4.402974714e+10 2957 
0.4625 1.275552018e+12 4.099543405e+10 3050 
0.4675 1.210627046e+12 3.686617137e+10 3165 
0.4725 1.062670019e+12 3.277472886e+10 3049 
0.4775 1.077288253e+12 3.240497866e+10 3238 
0.4825 1.041287575e+12 3.278050334e+10 3173 
0.4875 9.879448886e+11 3.152653453e+10 3142 
0.4925 9.325618734e+11 2.923573889e+10 3215 
0.4975 9.754214644e+11 2.976830543e+10 3361 
