# Format: McCode with text headers
# URL: http://www.mccode.org
# Creator:  3.8.5, git
# Instrument: eqsans_sans.instr
# Ncount: 10000000
# Trace: no
# Gravitation: no
# Seed: 1790174674129233
# Directory: /Users/georgeyumnam/WORK/PANRAID/PaNRAID-results/Group2/panraidproject/scan_sans_nosample/x-11_y-08
# Param: gx=-0.011
# Param: gy=-0.008
# Param: sample_on=0
# Param: R_sphere=100
# Param: Phi=0.01
# Param: bs_radius=0
# Param: samp_ap=0.01
# Date: Wed Sep 23 16:45:09 2026 (1790174709)
# type: array_1d(120)
# Source: EQ_SANS_sample (eqsans_sans.instr)
# component: lambda_det
# position: 0 0 22.28
# title: Wavelength monitor
# Ncount: 10000000
# filename: lambda_det.dat
# statistics: X0=3.89412; dX=0.953011;
# signal: Min=0; Max=245541; Mean=28834.4;
# values: 3.46013e+06 52248.6 4563
# xvar: L
# yvar: (I,I_err)
# xlabel: Wavelength [AA]
# ylabel: Intensity
# xlimits: 0 12
# variables: L I I_err N
0.05 0 0 0 
0.15 0 0 0 
0.25 0 0 0 
0.35 0 0 0 
0.45 0 0 0 
0.55 0 0 0 
0.65 0 0 0 
0.75 0 0 0 
0.85 0 0 0 
0.95 0 0 0 
1.05 0 0 0 
1.15 0 0 0 
1.25 0 0 0 
1.35 0 0 0 
1.45 0 0 0 
1.55 0 0 0 
1.65 0 0 0 
1.75 0 0 0 
1.85 0 0 0 
1.95 0 0 0 
2.05 0 0 0 
2.15 0 0 0 
2.25 1150.639833 835.6574852 2 
2.35 529.0806292 529.0806292 1 
2.45 10602.26 2874.312933 14 
2.55 11860.21723 3026.243106 16 
2.65 28436.65635 4750.662838 37 
2.75 96362.92517 8374.767903 137 
2.85 217687.3582 13104.70976 289 
2.95 245541.1881 13969.69938 321 
3.05 217794.0665 13065.11061 290 
3.15 187515.8413 12170.61515 246 
3.25 190984.1305 12335.48984 248 
3.35 154794.8473 11021.08123 205 
3.45 153095.6118 10992.61937 202 
3.55 146748.6159 10896.24746 188 
3.65 147801.0519 10858.4893 193 
3.75 142580.1272 10644.46738 187 
3.85 118851.6718 9735.672562 155 
3.95 114327.7801 9432.747327 153 
4.05 93648.58736 8710.922605 120 
4.15 79618.76162 7963.967893 104 
4.25 92359.97927 8485.521524 123 
4.35 78628.04819 7844.266778 105 
4.45 89253.31648 8449.944032 116 
4.55 83792.91371 8183.919087 109 
4.65 60423.73297 6829.251461 81 
4.75 57783.45443 6671.127873 79 
4.85 51541.52057 6278.130221 70 
4.95 57539.97977 6651.044643 78 
5.05 48626.75288 6209.34203 64 
5.15 53951.98516 6488.25969 72 
5.25 47453.3849 6083.979365 63 
5.35 55350.0359 6508.470266 76 
5.45 31365.13037 5040.498774 40 
5.55 27633.09311 4646.32333 37 
5.65 32287.84148 5075.946172 42 
5.75 34506.34876 5294.525497 44 
5.85 27376.6269 4674.348498 36 
5.95 24077.03362 4403.703411 31 
6.05 29077.37708 4790.278787 38 
6.15 37949.35084 5407.623047 52 
6.25 29749.05123 5020.114993 36 
6.35 24160.34082 4371.281974 32 
6.45 22542.98809 4329.568436 28 
6.55 2765.299096 1600.347316 3 
6.65 0 0 0 
6.75 0 0 0 
6.85 0 0 0 
6.95 0 0 0 
7.05 0 0 0 
7.15 0 0 0 
7.25 0 0 0 
7.35 0 0 0 
7.45 0 0 0 
7.55 0 0 0 
7.65 0 0 0 
7.75 0 0 0 
7.85 0 0 0 
7.95 0 0 0 
8.05 0 0 0 
8.15 0 0 0 
8.25 0 0 0 
8.35 0 0 0 
8.45 0 0 0 
8.55 0 0 0 
8.65 0 0 0 
8.75 0 0 0 
8.85 0 0 0 
8.95 0 0 0 
9.05 0 0 0 
9.15 0 0 0 
9.25 0 0 0 
9.35 0 0 0 
9.45 0 0 0 
9.55 0 0 0 
9.65 0 0 0 
9.75 0 0 0 
9.85 0 0 0 
9.95 0 0 0 
10.05 0 0 0 
10.15 0 0 0 
10.25 0 0 0 
10.35 0 0 0 
10.45 0 0 0 
10.55 0 0 0 
10.65 0 0 0 
10.75 0 0 0 
10.85 0 0 0 
10.95 0 0 0 
11.05 0 0 0 
11.15 0 0 0 
11.25 0 0 0 
11.35 0 0 0 
11.45 0 0 0 
11.55 0 0 0 
11.65 0 0 0 
11.75 0 0 0 
11.85 0 0 0 
11.95 0 0 0 
