# Format: McCode with text headers
# URL: http://www.mccode.org
# Creator:  3.8.5, git
# Instrument: eqsans_cylinder.instr
# Ncount: 5000000
# Trace: no
# Gravitation: no
# Seed: 1790195766848902
# Directory: /Users/georgeyumnam/WORK/PANRAID/PaNRAID-results/Group2/panraidproject/dataset_cylinder/cyl_001704
# Param: gx=0
# Param: gy=0
# Param: sample_on=1
# Param: bs_radius=0
# Param: samp_ap=0.01
# Param: sld=2.28668
# Param: sld_solvent=1
# Param: radius=111.228
# Param: length=335.029
# Param: pd_radius=0.22134
# Param: pd_length=0.002464
# Param: model_scale=1
# Param: model_abs=0
# Date: Wed Sep 23 22:36:24 2026 (1790195784)
# type: array_1d(120)
# Source: EQ_SANS_cylinder (eqsans_cylinder.instr)
# component: lambda_det
# position: 0 0 22.28
# title: Wavelength monitor
# Ncount: 5000000
# filename: lambda_det.dat
# statistics: X0=4.30263; dX=1.02138;
# signal: Min=0; Max=1.08449e+11; Mean=2.30112e+10;
# values: 2.76134e+12 4.39708e+10 291092
# xvar: L
# yvar: (I,I_err)
# xlabel: Wavelength [AA]
# ylabel: Intensity
# xlimits: 0 12
# variables: L I I_err N
0.05 0 0 0 
0.15 0 0 0 
0.25 0 0 0 
0.35 0 0 0 
0.45 0 0 0 
0.55 0 0 0 
0.65 0 0 0 
0.75 0 0 0 
0.85 0 0 0 
0.95 0 0 0 
1.05 0 0 0 
1.15 0 0 0 
1.25 0 0 0 
1.35 0 0 0 
1.45 0 0 0 
1.55 0 0 0 
1.65 0 0 0 
1.75 0 0 0 
1.85 0 0 0 
1.95 0 0 0 
2.05 0 0 0 
2.15 137232798.8 119978257 50 
2.25 1012275751 620447843.5 200 
2.35 437017016.8 221456589.5 200 
2.45 1812177891 800514186.2 850 
2.55 6919334908 2338158839 2000 
2.65 1.691696799e+10 3636780261 2800 
2.75 3.740130315e+10 4446352365 8350 
2.85 7.65028307e+10 7050908198 14650 
2.95 1.068002359e+11 9291550519 17950 
3.05 1.003844662e+11 8929764177 18649 
3.15 9.732443998e+10 7793759757 15649 
3.25 9.53200008e+10 7672179887 15950 
3.35 1.004444155e+11 7557411074 16050 
3.45 9.254940456e+10 8661582670 13149 
3.55 1.084485272e+11 8687567514 14000 
3.65 1.025168799e+11 8612598436 11549 
3.75 1.068890702e+11 8762278433 11949 
3.85 8.410918408e+10 7275508132 11900 
3.95 9.566086091e+10 8802722421 9800 
4.05 9.796217145e+10 7613219167 10350 
4.15 9.819162171e+10 9631904938 8750 
4.25 6.08119525e+10 6088616890 6750 
4.35 8.19975128e+10 8025369319 6799 
4.45 7.709742891e+10 7912326680 5900 
4.55 6.642760532e+10 6282419682 5750 
4.65 9.438098253e+10 8933097352 6050 
4.75 7.674258536e+10 7219012431 5499 
4.85 7.77947765e+10 8423808318 4850 
4.95 9.075569629e+10 8657794450 5150 
5.05 5.779599965e+10 6055394400 3900 
5.15 5.219947445e+10 6335662130 3500 
5.25 4.364853776e+10 4303777307 3300 
5.35 4.830824978e+10 5479190852 2900 
5.45 4.917299248e+10 5630356059 2800 
5.55 5.870119922e+10 6154499078 3150 
5.65 6.075029443e+10 7813871272 3050 
5.75 4.436018171e+10 4525845752 2600 
5.85 4.122053363e+10 4687844647 2350 
5.95 5.040064645e+10 5211944851 2450 
6.05 4.705139907e+10 5264356484 2249 
6.15 3.986213764e+10 4695586811 2000 
6.25 3.535778021e+10 4381594608 1750 
6.35 3.408749988e+10 4472503065 1350 
6.45 2.19126505e+10 3265111966 1200 
6.55 1.486399807e+10 2480106955 750 
6.65 7900115491 2520075378 250 
6.75 0 0 0 
6.85 0 0 0 
6.95 0 0 0 
7.05 0 0 0 
7.15 0 0 0 
7.25 0 0 0 
7.35 0 0 0 
7.45 0 0 0 
7.55 0 0 0 
7.65 0 0 0 
7.75 0 0 0 
7.85 0 0 0 
7.95 0 0 0 
8.05 0 0 0 
8.15 0 0 0 
8.25 0 0 0 
8.35 0 0 0 
8.45 0 0 0 
8.55 0 0 0 
8.65 0 0 0 
8.75 0 0 0 
8.85 0 0 0 
8.95 0 0 0 
9.05 0 0 0 
9.15 0 0 0 
9.25 0 0 0 
9.35 0 0 0 
9.45 0 0 0 
9.55 0 0 0 
9.65 0 0 0 
9.75 0 0 0 
9.85 0 0 0 
9.95 0 0 0 
10.05 0 0 0 
10.15 0 0 0 
10.25 0 0 0 
10.35 0 0 0 
10.45 0 0 0 
10.55 0 0 0 
10.65 0 0 0 
10.75 0 0 0 
10.85 0 0 0 
10.95 0 0 0 
11.05 0 0 0 
11.15 0 0 0 
11.25 0 0 0 
11.35 0 0 0 
11.45 0 0 0 
11.55 0 0 0 
11.65 0 0 0 
11.75 0 0 0 
11.85 0 0 0 
11.95 0 0 0 
