# Format: McCode with text headers
# URL: http://www.mccode.org
# Creator:  3.8.5, git
# Instrument: eqsans_1_fixed.instr
# Ncount: 1000000
# Trace: no
# Gravitation: no
# Seed: 1790169686617712
# Directory: /Users/georgeyumnam/WORK/PANRAID/PaNRAID-results/Group2/panraidproject/scan_guide_xy/x-07_y+13
# Param: gx=-0.007
# Param: gy=0.013
# Date: Wed Sep 23 15:21:30 2026 (1790169690)
# type: array_1d(120)
# Source: EQ_SANS (eqsans_1_fixed.instr)
# component: lambda_det
# position: 0 0 22.28
# title: Wavelength monitor
# Ncount: 1000000
# filename: lambda_det.dat
# statistics: X0=4.03131; dX=0.978653;
# signal: Min=0; Max=2.64934e+06; Mean=434127;
# values: 5.20952e+07 554573 17509
# xvar: L
# yvar: (I,I_err)
# xlabel: Wavelength [AA]
# ylabel: Intensity
# xlimits: 0 12
# variables: L I I_err N
0.05 0 0 0 
0.15 0 0 0 
0.25 0 0 0 
0.35 0 0 0 
0.45 0 0 0 
0.55 0 0 0 
0.65 0 0 0 
0.75 0 0 0 
0.85 0 0 0 
0.95 0 0 0 
1.05 0 0 0 
1.15 0 0 0 
1.25 0 0 0 
1.35 0 0 0 
1.45 0 0 0 
1.55 0 0 0 
1.65 0 0 0 
1.75 0 0 0 
1.85 0 0 0 
1.95 0 0 0 
2.05 0 0 0 
2.15 9656.457105 9656.457105 1 
2.25 13190.08788 7946.290395 6 
2.35 19433.18221 10072.6505 9 
2.45 59111.8791 18719.15102 28 
2.55 253058.9626 41580.6408 65 
2.65 457150.6759 54492.34521 139 
2.75 1114024.598 81749.77303 389 
2.85 2481046.793 122765.494 805 
2.95 2636159.764 126069.8873 969 
3.05 2647339.14 125996.398 957 
3.15 2611897.301 127985.0445 851 
3.25 2649340.283 126966.788 883 
3.35 2334134.919 118604.5311 781 
3.45 2233638.167 114812.1467 783 
3.55 2141243.705 113454.8687 732 
3.65 2256601.658 116649.7529 720 
3.75 1832412.18 102344.3116 656 
3.85 2147269.732 114105.1665 659 
3.95 1718942.096 101003.6304 564 
4.05 1519753.554 93351.43858 509 
4.15 1509369.555 91604.92544 529 
4.25 1448146.391 90373.52109 462 
4.35 1365019.466 88363.71675 451 
4.45 1306782.214 84781.23304 448 
4.55 1342503.238 88389.36669 436 
4.65 1227862.098 84192.45549 414 
4.75 1187109.179 83231.02545 393 
4.85 1007734.916 76095.84625 335 
4.95 950994.7078 71580.416 353 
5.05 841983.4499 68737.07065 308 
5.15 842480.7108 72260.97782 290 
5.25 968987.8235 76608.90874 306 
5.35 743665.8877 66380.39903 255 
5.45 786336.1298 66200.58631 274 
5.55 601170.8293 58408.76175 204 
5.65 632754.5678 61042.92114 204 
5.75 526163.2499 52713.43695 203 
5.85 629020.4229 62912.95848 174 
5.95 581888.4279 58185.92569 185 
6.05 544021.6862 56135.11983 177 
6.15 368413.7542 44689.40952 139 
6.25 540382.7188 55830.73861 166 
6.35 466925.9881 52640.04571 137 
6.45 384087.388 48696.11625 110 
6.55 142344.2121 28358.88613 44 
6.65 13650.99589 9072.076906 6 
6.75 0 0 0 
6.85 0 0 0 
6.95 0 0 0 
7.05 0 0 0 
7.15 0 0 0 
7.25 0 0 0 
7.35 0 0 0 
7.45 0 0 0 
7.55 0 0 0 
7.65 0 0 0 
7.75 0 0 0 
7.85 0 0 0 
7.95 0 0 0 
8.05 0 0 0 
8.15 0 0 0 
8.25 0 0 0 
8.35 0 0 0 
8.45 0 0 0 
8.55 0 0 0 
8.65 0 0 0 
8.75 0 0 0 
8.85 0 0 0 
8.95 0 0 0 
9.05 0 0 0 
9.15 0 0 0 
9.25 0 0 0 
9.35 0 0 0 
9.45 0 0 0 
9.55 0 0 0 
9.65 0 0 0 
9.75 0 0 0 
9.85 0 0 0 
9.95 0 0 0 
10.05 0 0 0 
10.15 0 0 0 
10.25 0 0 0 
10.35 0 0 0 
10.45 0 0 0 
10.55 0 0 0 
10.65 0 0 0 
10.75 0 0 0 
10.85 0 0 0 
10.95 0 0 0 
11.05 0 0 0 
11.15 0 0 0 
11.25 0 0 0 
11.35 0 0 0 
11.45 0 0 0 
11.55 0 0 0 
11.65 0 0 0 
11.75 0 0 0 
11.85 0 0 0 
11.95 0 0 0 
