# Format: McCode with text headers
# URL: http://www.mccode.org
# Creator:  3.8.5, git
# Instrument: eqsans_cylinder.instr
# Ncount: 5000000
# Trace: no
# Gravitation: no
# Seed: 1790193538946288
# Directory: /Users/georgeyumnam/WORK/PANRAID/PaNRAID-results/Group2/panraidproject/dataset_cylinder/cyl_000466
# Param: gx=0
# Param: gy=0
# Param: sample_on=1
# Param: bs_radius=0
# Param: samp_ap=0.01
# Param: sld=6.12537
# Param: sld_solvent=1
# Param: radius=86.1946
# Param: length=460.12
# Param: pd_radius=0.172773
# Param: pd_length=0.1511
# Param: model_scale=1
# Param: model_abs=0
# Date: Wed Sep 23 21:59:16 2026 (1790193556)
# type: array_1d(100)
# Source: EQ_SANS_cylinder (eqsans_cylinder.instr)
# component: qmon
# position: 0 0 22.281
# title: QMonitor - Distribution in q (Radially averaged)
# Ncount: 5000000
# filename: qdet.dat
# statistics: X0=0.00954061; dX=0.00840839;
# signal: Min=1.00709e+12; Max=9.47437e+16; Mean=8.21872e+15;
# values: 8.21872e+17 2.98939e+16 250623
# xvar: q
# yvar: (I,I_err)
# xlabel: q [1 / AA]
# ylabel: I(q)
# xlimits: 0 0.151561
# variables: q I I_err N
0.0007578035702 9.474372956e+16 2.368060527e+16 38 
0.002273410711 8.044465525e+16 1.054249353e+16 126 
0.003789017851 9.334613038e+16 9.07488933e+15 215 
0.005304624991 7.749065552e+16 7.787565803e+15 273 
0.006820232132 7.291675917e+16 5.509335569e+15 389 
0.008335839272 5.995171017e+16 4.221017906e+15 420 
0.009851446413 5.158116675e+16 3.313693958e+15 498 
0.01136705355 4.878379748e+16 2.961462566e+15 610 
0.01288266069 4.597145689e+16 2.763075927e+15 717 
0.01439826783 3.170860185e+16 1.857464356e+15 735 
0.01591387497 3.026015786e+16 1.898231683e+15 815 
0.01742948211 2.480234576e+16 1.353109614e+15 871 
0.01894508925 2.270271471e+16 1.238598238e+15 1003 
0.0204606964 1.74408748e+16 8.726118306e+14 1131 
0.02197630354 1.327059032e+16 6.93764058e+14 1104 
0.02349191068 1.216981906e+16 6.241804166e+14 1255 
0.02500751782 9.071131465e+15 4.905656247e+14 1302 
0.02652312496 7.355494552e+15 3.939285398e+14 1418 
0.0280387321 5.643680765e+15 2.594923383e+14 1517 
0.02955433924 4.483591534e+15 2.08308275e+14 1573 
0.03106994638 3.355506375e+15 1.519070742e+14 1578 
0.03258555352 2.749783201e+15 1.351861701e+14 1676 
0.03410116066 2.006150904e+15 9.137657802e+13 1750 
0.0356167678 1.63264712e+15 7.504063203e+13 1855 
0.03713237494 1.297384518e+15 6.196944885e+13 1935 
0.03864798208 8.918059253e+14 4.139426169e+13 1997 
0.04016358922 6.870676765e+14 2.740566872e+13 2095 
0.04167919636 5.939219881e+14 2.433557888e+13 2248 
0.0431948035 4.762017829e+14 1.795081559e+13 2305 
0.04471041064 3.859504298e+14 1.42584749e+13 2336 
0.04622601778 3.232763469e+14 1.122303141e+13 2427 
0.04774162492 2.695658829e+14 9.14215027e+12 2438 
0.04925723206 2.571541962e+14 7.644037242e+12 2654 
0.0507728392 2.256242321e+14 6.704945012e+12 2630 
0.05228844634 2.16877522e+14 6.08967709e+12 2770 
0.05380405348 1.931742633e+14 5.264007977e+12 2795 
0.05531966062 1.878160444e+14 5.105017432e+12 2874 
0.05683526776 1.764464268e+14 4.57985452e+12 2962 
0.05835087491 1.613309341e+14 4.096018484e+12 3067 
0.05986648205 1.48735728e+14 3.658890431e+12 3228 
0.06138208919 1.343704409e+14 3.276628516e+12 3190 
0.06289769633 1.187833406e+14 2.993709037e+12 3145 
0.06441330347 1.082351485e+14 2.680644777e+12 3234 
0.06592891061 1.004346606e+14 2.477462496e+12 3391 
0.06744451775 9.182809039e+13 2.159296147e+12 3557 
0.06896012489 8.46584636e+13 1.952566626e+12 3642 
0.07047573203 7.19898516e+13 1.646958957e+12 3620 
0.07199133917 6.552202881e+13 1.55734724e+12 3536 
0.07350694631 5.967733549e+13 1.362751873e+12 3703 
0.07502255345 5.393196036e+13 1.232974991e+12 3743 
0.07653816059 4.662594016e+13 1.078802358e+12 3612 
0.07805376773 4.375944598e+13 9.910031132e+11 3714 
0.07956937487 3.863195904e+13 8.580698968e+11 3738 
0.08108498201 3.646850539e+13 8.081901855e+11 3783 
0.08260058915 3.50699972e+13 7.763398508e+11 3888 
0.08411619629 3.040756921e+13 6.649314253e+11 3803 
0.08563180343 2.799935969e+13 6.266239914e+11 3802 
0.08714741057 2.676611605e+13 5.809212718e+11 3890 
0.08866301771 2.446646779e+13 5.323808626e+11 3875 
0.09017862485 2.310711454e+13 5.014973554e+11 3881 
0.09169423199 2.199382234e+13 4.742176949e+11 3840 
0.09320983913 1.907705824e+13 4.144151176e+11 3742 
0.09472544627 1.845845278e+13 3.932066259e+11 3840 
0.09624105341 1.69790363e+13 3.762537719e+11 3672 
0.09775666056 1.547551739e+13 3.426347316e+11 3621 
0.0992722677 1.462231925e+13 3.182150432e+11 3733 
0.1007878748 1.310068821e+13 2.872274965e+11 3632 
0.102303482 1.220301286e+13 2.717667424e+11 3552 
0.1038190891 1.151562505e+13 2.51752915e+11 3557 
0.1053346963 1.088899831e+13 2.394298483e+11 3606 
0.1068503034 9.785890475e+12 2.158787997e+11 3530 
0.1083659105 9.231927793e+12 2.056498345e+11 3396 
0.1098815177 8.400526816e+12 1.888665255e+11 3339 
0.1113971248 7.68781007e+12 1.731279158e+11 3292 
0.112912732 7.121633228e+12 1.627812663e+11 3209 
0.1144283391 7.010508047e+12 1.604276627e+11 3288 
0.1159439462 6.509660886e+12 1.489144434e+11 3226 
0.1174595534 5.684984266e+12 1.333437651e+11 3007 
0.1189751605 5.390683435e+12 1.264114157e+11 3011 
0.1204907677 4.854575212e+12 1.161158587e+11 2884 
0.1220063748 4.619469103e+12 1.085143132e+11 2925 
0.1235219819 4.253781678e+12 1.018956591e+11 2854 
0.1250375891 3.816063584e+12 9.421170497e+10 2683 
0.1265531962 3.569659606e+12 8.904217611e+10 2659 
0.1280688034 3.304804002e+12 8.293248607e+10 2571 
0.1295844105 3.00946011e+12 7.733610554e+10 2449 
0.1311000176 2.881270167e+12 7.408117371e+10 2468 
0.1326156248 2.681582406e+12 6.805082065e+10 2457 
0.1341312319 2.552483623e+12 6.630703868e+10 2368 
0.1356468391 2.303372924e+12 6.011678303e+10 2343 
0.1371624462 2.169644135e+12 5.823676416e+10 2231 
0.1386780533 1.934545905e+12 5.198367447e+10 2197 
0.1401936605 1.822954128e+12 5.013325125e+10 2103 
0.1417092676 1.616083007e+12 4.565071298e+10 2009 
0.1432248748 1.503561936e+12 4.279518228e+10 1953 
0.1447404819 1.478888603e+12 4.181956203e+10 1941 
0.146256089 1.313907438e+12 3.868870992e+10 1839 
0.1477716962 1.237227097e+12 3.620212433e+10 1799 
0.1492873033 1.155949646e+12 3.478083464e+10 1771 
0.1508029105 1.007086632e+12 3.139784512e+10 1649 
