# Format: McCode with text headers
# URL: http://www.mccode.org
# Creator:  3.8.5, git
# Instrument: eqsans_sans.instr
# Ncount: 10000000
# Trace: no
# Gravitation: no
# Seed: 1790174818157734
# Directory: /Users/georgeyumnam/WORK/PANRAID/PaNRAID-results/Group2/panraidproject/scan_sans_nosample/x-10_y-07
# Param: gx=-0.01
# Param: gy=-0.007
# Param: sample_on=0
# Param: R_sphere=100
# Param: Phi=0.01
# Param: bs_radius=0
# Param: samp_ap=0.01
# Date: Wed Sep 23 16:47:34 2026 (1790174854)
# type: array_1d(120)
# Source: EQ_SANS_sample (eqsans_sans.instr)
# component: lambda_det
# position: 0 0 22.28
# title: Wavelength monitor
# Ncount: 10000000
# filename: lambda_det.dat
# statistics: X0=3.86445; dX=0.923988;
# signal: Min=0; Max=256079; Mean=32736.8;
# values: 3.92841e+06 55621.7 5189
# xvar: L
# yvar: (I,I_err)
# xlabel: Wavelength [AA]
# ylabel: Intensity
# xlimits: 0 12
# variables: L I I_err N
0.05 0 0 0 
0.15 0 0 0 
0.25 0 0 0 
0.35 0 0 0 
0.45 0 0 0 
0.55 0 0 0 
0.65 0 0 0 
0.75 0 0 0 
0.85 0 0 0 
0.95 0 0 0 
1.05 0 0 0 
1.15 0 0 0 
1.25 0 0 0 
1.35 0 0 0 
1.45 0 0 0 
1.55 0 0 0 
1.65 0 0 0 
1.75 0 0 0 
1.85 0 0 0 
1.95 0 0 0 
2.05 0 0 0 
2.15 561.634859 561.634859 1 
2.25 2291.31381 1331.59651 3 
2.35 6239.377508 2123.626141 9 
2.45 10419.42102 2823.061632 14 
2.55 24982.89317 4479.255259 32 
2.65 44586.74581 5761.94437 62 
2.75 124461.8142 9737.961038 170 
2.85 245926.4194 13970.61798 321 
2.95 232751.7118 13560.7075 307 
3.05 256078.7468 14310.83857 333 
3.15 194477.9885 12347.88257 259 
3.25 217538.001 13184.5236 283 
3.35 184703.1837 11911.18058 251 
3.45 189258.5176 12155.74586 254 
3.55 174704.2472 11772.48312 229 
3.65 158164.0944 11209.06072 208 
3.75 152401.2267 10926.61642 202 
3.85 140793.5056 10586.67263 184 
3.95 136148.396 10356.44583 180 
4.05 112965.1302 9392.26973 150 
4.15 129585.9732 10176.40555 168 
4.25 104694.408 9139.037747 136 
4.35 76849.09268 7767.67576 102 
4.45 91310.55018 8485.990986 120 
4.55 77564.45801 7847.002856 102 
4.65 76820.12524 7641.918057 105 
4.75 94369.00612 8593.328367 126 
4.85 63173.12748 7049.750857 84 
4.95 57431.76228 6613.391355 78 
5.05 60623.10255 6966.494314 78 
5.15 62978.72975 7114.791469 81 
5.25 44720.16994 5987.372431 58 
5.35 36438.98259 5256.203851 50 
5.45 41417.78044 5781.946944 53 
5.55 43487.43522 5808.82107 58 
5.65 36847.83384 5346.166121 50 
5.75 36187.32929 5405.093007 47 
5.85 36523.15492 5393.563761 48 
5.95 31387.2584 5042.550496 40 
6.05 25518.47502 4514.194845 33 
6.15 26990.17468 4610.481237 36 
6.25 23239.29117 4367.118252 29 
6.35 17948.23766 3739.951048 24 
6.45 15366.00673 3420.328164 21 
6.55 6154.915382 2238.422039 8 
6.65 1329.461891 940.3575606 2 
6.75 0 0 0 
6.85 0 0 0 
6.95 0 0 0 
7.05 0 0 0 
7.15 0 0 0 
7.25 0 0 0 
7.35 0 0 0 
7.45 0 0 0 
7.55 0 0 0 
7.65 0 0 0 
7.75 0 0 0 
7.85 0 0 0 
7.95 0 0 0 
8.05 0 0 0 
8.15 0 0 0 
8.25 0 0 0 
8.35 0 0 0 
8.45 0 0 0 
8.55 0 0 0 
8.65 0 0 0 
8.75 0 0 0 
8.85 0 0 0 
8.95 0 0 0 
9.05 0 0 0 
9.15 0 0 0 
9.25 0 0 0 
9.35 0 0 0 
9.45 0 0 0 
9.55 0 0 0 
9.65 0 0 0 
9.75 0 0 0 
9.85 0 0 0 
9.95 0 0 0 
10.05 0 0 0 
10.15 0 0 0 
10.25 0 0 0 
10.35 0 0 0 
10.45 0 0 0 
10.55 0 0 0 
10.65 0 0 0 
10.75 0 0 0 
10.85 0 0 0 
10.95 0 0 0 
11.05 0 0 0 
11.15 0 0 0 
11.25 0 0 0 
11.35 0 0 0 
11.45 0 0 0 
11.55 0 0 0 
11.65 0 0 0 
11.75 0 0 0 
11.85 0 0 0 
11.95 0 0 0 
