# Format: McCode with text headers
# URL: http://www.mccode.org
# Creator:  3.8.5, git
# Instrument: eqsans_sans.instr
# Ncount: 10000000
# Trace: no
# Gravitation: no
# Seed: 1790176866682339
# Directory: /Users/georgeyumnam/WORK/PANRAID/PaNRAID-results/Group2/panraidproject/scan_sans_nosample/x+04_y-06
# Param: gx=0.004
# Param: gy=-0.006
# Param: sample_on=0
# Param: R_sphere=100
# Param: Phi=0.01
# Param: bs_radius=0
# Param: samp_ap=0.01
# Date: Wed Sep 23 17:21:42 2026 (1790176902)
# type: array_1d(100)
# Source: EQ_SANS_sample (eqsans_sans.instr)
# component: qmon
# position: 0 0 22.281
# title: QMonitor - Radially averaged distribution
# Ncount: 10000000
# filename: rdet.dat
# statistics: X0=0.0215418; dX=0.0163408;
# signal: Min=0; Max=1.9665e+10; Mean=1.25933e+09;
# values: 1.25933e+11 2.65077e+09 6678
# xvar: r
# yvar: (I,I_err)
# xlabel: Radius [m]
# ylabel: I(r)
# xlimits: 0 0.5
# variables: r I I_err N
0.0025 1.95106707e+10 1992261326 96 
0.0075 1.96650017e+10 1149867748 293 
0.0125 1.543250568e+10 778018320.3 395 
0.0175 1.523187943e+10 642296582.9 566 
0.0225 1.1098381e+10 474275918.3 553 
0.0275 9274784483 382254191.7 597 
0.0325 8852380655 339590963.6 692 
0.0375 7303235901 282637504.5 684 
0.0425 6447458931 246531959.7 704 
0.0475 4549086109 193959230.6 570 
0.0525 3323939958 154003919.9 485 
0.0575 2303957883 117896285 402 
0.0625 1586595892 92074990.67 315 
0.0675 920586988.2 66427628.37 205 
0.0725 275873602.9 33280074.76 72 
0.0775 112929730.5 19770596.18 34 
0.0825 40719467.25 10981461.38 14 
0.0875 2929602.342 2929602.342 1 
0.0925 0 0 0 
0.0975 0 0 0 
0.1025 0 0 0 
0.1075 0 0 0 
0.1125 0 0 0 
0.1175 0 0 0 
0.1225 0 0 0 
0.1275 0 0 0 
0.1325 0 0 0 
0.1375 0 0 0 
0.1425 0 0 0 
0.1475 0 0 0 
0.1525 0 0 0 
0.1575 0 0 0 
0.1625 0 0 0 
0.1675 0 0 0 
0.1725 0 0 0 
0.1775 0 0 0 
0.1825 0 0 0 
0.1875 0 0 0 
0.1925 0 0 0 
0.1975 0 0 0 
0.2025 0 0 0 
0.2075 0 0 0 
0.2125 0 0 0 
0.2175 0 0 0 
0.2225 0 0 0 
0.2275 0 0 0 
0.2325 0 0 0 
0.2375 0 0 0 
0.2425 0 0 0 
0.2475 0 0 0 
0.2525 0 0 0 
0.2575 0 0 0 
0.2625 0 0 0 
0.2675 0 0 0 
0.2725 0 0 0 
0.2775 0 0 0 
0.2825 0 0 0 
0.2875 0 0 0 
0.2925 0 0 0 
0.2975 0 0 0 
0.3025 0 0 0 
0.3075 0 0 0 
0.3125 0 0 0 
0.3175 0 0 0 
0.3225 0 0 0 
0.3275 0 0 0 
0.3325 0 0 0 
0.3375 0 0 0 
0.3425 0 0 0 
0.3475 0 0 0 
0.3525 0 0 0 
0.3575 0 0 0 
0.3625 0 0 0 
0.3675 0 0 0 
0.3725 0 0 0 
0.3775 0 0 0 
0.3825 0 0 0 
0.3875 0 0 0 
0.3925 0 0 0 
0.3975 0 0 0 
0.4025 0 0 0 
0.4075 0 0 0 
0.4125 0 0 0 
0.4175 0 0 0 
0.4225 0 0 0 
0.4275 0 0 0 
0.4325 0 0 0 
0.4375 0 0 0 
0.4425 0 0 0 
0.4475 0 0 0 
0.4525 0 0 0 
0.4575 0 0 0 
0.4625 0 0 0 
0.4675 0 0 0 
0.4725 0 0 0 
0.4775 0 0 0 
0.4825 0 0 0 
0.4875 0 0 0 
0.4925 0 0 0 
0.4975 0 0 0 
