# Format: McCode with text headers
# URL: http://www.mccode.org
# Creator:  3.8.5, git
# Instrument: eqsans_sans.instr
# Ncount: 10000000
# Trace: no
# Gravitation: no
# Seed: 1790183430974080
# Directory: /Users/georgeyumnam/WORK/PANRAID/PaNRAID-results/Group2/panraidproject/scan_sans_sample/x+05_y-14
# Param: gx=0.005
# Param: gy=-0.014
# Param: sample_on=1
# Param: R_sphere=100
# Param: Phi=0.01
# Param: bs_radius=0
# Param: samp_ap=0.01
# Date: Wed Sep 23 19:11:05 2026 (1790183465)
# type: array_1d(100)
# Source: EQ_SANS_sample (eqsans_sans.instr)
# component: qmon
# position: 0 0 22.281
# title: QMonitor - Distribution in q (Radially averaged)
# Ncount: 10000000
# filename: qdet.dat
# statistics: X0=0.0131423; dX=0.00937617;
# signal: Min=0; Max=2.86617e+08; Mean=2.70577e+07;
# values: 2.70577e+09 3.3693e+08 3920
# xvar: q
# yvar: (I,I_err)
# xlabel: q [1 / AA]
# ylabel: I(q)
# xlimits: 0 0.151561
# variables: q I I_err N
0.0007578035702 0 0 0 
0.002273410711 206052151.1 200631225.7 2 
0.003789017851 253468835.7 130523082.9 5 
0.005304624991 286616555.9 185188262.1 3 
0.006820232132 115716933.1 56411337.08 5 
0.008335839272 128876543 60933871.13 5 
0.009851446413 195000349.1 82958809.49 8 
0.01136705355 236748314.4 66980134.47 15 
0.01288266069 184765995.2 62803194.08 13 
0.01439826783 153477774.5 59975875.08 10 
0.01591387497 150394309.3 50618891.5 12 
0.01742948211 137348456 50215685.31 12 
0.01894508925 148859274.9 46221805.73 18 
0.0204606964 99973144.87 29049880.12 19 
0.02197630354 46251450.56 15965608.09 12 
0.02349191068 92735825.22 23513132.65 24 
0.02500751782 73495647.39 19112987.78 27 
0.02652312496 32797160.44 12447195.71 16 
0.0280387321 31908061.53 10007426.71 20 
0.02955433924 34621047.45 10514944.96 24 
0.03106994638 17513951.93 6165145.467 23 
0.03258555352 12002959.59 3487451.225 24 
0.03410116066 8695873.437 3488573.438 16 
0.0356167678 9203821.049 5585899.573 26 
0.03713237494 9475410.985 2739069.584 31 
0.03864798208 5721220.951 2444498.593 27 
0.04016358922 3524686.139 1125631.512 34 
0.04167919636 1335404.749 490341.8529 24 
0.0431948035 3015380.954 1457366.436 38 
0.04471041064 2625665.87 989203.1178 44 
0.04622601778 1188065.578 408713.8249 39 
0.04774162492 1262204.583 488559.3666 38 
0.04925723206 902617.0298 184415.6814 45 
0.0507728392 1225867.677 221797.8317 51 
0.05228844634 1260907.479 231191.5768 45 
0.05380405348 1498506.474 265464.9942 51 
0.05531966062 1876512.767 267126.1654 69 
0.05683526776 1595007.977 265108.3144 49 
0.05835087491 1588520.685 271563.7887 48 
0.05986648205 1173873.173 202476.8797 44 
0.06138208919 907498.1968 178990.9894 41 
0.06289769633 948578.9142 168831.391 48 
0.06441330347 872936.603 162725.3998 45 
0.06592891061 967089.6913 174798.6477 56 
0.06744451775 777460.8706 137302.4083 54 
0.06896012489 685570.298 129162.6373 54 
0.07047573203 464526.9141 116424.9032 60 
0.07199133917 345083.3894 90686.39914 40 
0.07350694631 282082.4252 65520.15022 57 
0.07502255345 188320.2368 53754.21837 49 
0.07653816059 155810.3816 39328.26459 66 
0.07805376773 154103.5491 36260.94479 56 
0.07956937487 75133.63258 16875.98839 54 
0.08108498201 95430.2338 19053.26682 56 
0.08260058915 179939.6128 31143.28851 64 
0.08411619629 119959.3124 24353.22174 49 
0.08563180343 148793.2689 25787.4736 56 
0.08714741057 203713.3365 31028.81496 66 
0.08866301771 200074.63 30509.51496 62 
0.09017862485 228357.2026 34176.16826 62 
0.09169423199 187665.8945 28290.71283 58 
0.09320983913 179057.7009 27480.55048 60 
0.09472544627 162396.4215 26599.84283 52 
0.09624105341 99041.86138 19926.7959 38 
0.09775666056 214992.4178 30518.7755 71 
0.0992722677 128030.9725 23595.52484 58 
0.1007878748 91742.92493 18498.18434 51 
0.102303482 96261.33098 17643.51238 65 
0.1038190891 52783.34861 12329.72273 50 
0.1053346963 34755.46059 8438.873181 45 
0.1068503034 50314.22752 12265.82189 52 
0.1083659105 28230.56849 6058.965675 53 
0.1098815177 36384.16493 9319.165474 65 
0.1113971248 46973.93358 9314.667477 65 
0.112912732 21865.94111 4982.771858 48 
0.1144283391 28955.209 5698.48853 46 
0.1159439462 44764.50289 6967.742665 62 
0.1174595534 37487.96919 6392.534902 57 
0.1189751605 37823.12744 6439.17971 48 
0.1204907677 29410.00623 5899.615492 32 
0.1220063748 40565.48762 6980.92186 46 
0.1235219819 45630.9209 7439.353953 48 
0.1250375891 31790.56581 6231.589355 35 
0.1265531962 45246.9507 7344.794587 52 
0.1280688034 31774.86982 5453.157933 42 
0.1295844105 25279.00379 5497.843153 33 
0.1311000176 22246.18858 4453.629193 40 
0.1326156248 20204.57527 4547.291176 37 
0.1341312319 16101.0112 3622.697689 48 
0.1356468391 16176.99058 4039.063337 41 
0.1371624462 12596.70856 3087.083549 41 
0.1386780533 5401.383572 1442.191565 32 
0.1401936605 5796.945679 1616.231221 29 
0.1417092676 5890.298376 1710.481724 31 
0.1432248748 4689.06917 1210.139577 31 
0.1447404819 4879.444362 1154.641168 28 
0.146256089 7019.676566 1684.316433 30 
0.1477716962 5447.273615 1400.209037 24 
0.1492873033 6013.919958 1347.190413 29 
0.1508029105 9750.793076 1966.04621 36 
