# Format: McCode with text headers
# URL: http://www.mccode.org
# Creator:  3.8.5, git
# Instrument: eqsans_sans.instr
# Ncount: 10000000
# Trace: no
# Gravitation: no
# Seed: 1790181059300602
# Directory: /Users/georgeyumnam/WORK/PANRAID/PaNRAID-results/Group2/panraidproject/scan_sans_sample/x-12_y+09
# Param: gx=-0.012
# Param: gy=0.009
# Param: sample_on=1
# Param: R_sphere=100
# Param: Phi=0.01
# Param: bs_radius=0
# Param: samp_ap=0.01
# Date: Wed Sep 23 18:31:33 2026 (1790181093)
# type: array_1d(120)
# Source: EQ_SANS_sample (eqsans_sans.instr)
# component: lambda_det
# position: 0 0 22.28
# title: Wavelength monitor
# Ncount: 10000000
# filename: lambda_det.dat
# statistics: X0=4.37791; dX=1.05615;
# signal: Min=0; Max=5744.57; Mean=987.318;
# values: 118478 8408.9 4225
# xvar: L
# yvar: (I,I_err)
# xlabel: Wavelength [AA]
# ylabel: Intensity
# xlimits: 0 12
# variables: L I I_err N
0.05 0 0 0 
0.15 0 0 0 
0.25 0 0 0 
0.35 0 0 0 
0.45 0 0 0 
0.55 0 0 0 
0.65 0 0 0 
0.75 0 0 0 
0.85 0 0 0 
0.95 0 0 0 
1.05 0 0 0 
1.15 0 0 0 
1.25 0 0 0 
1.35 0 0 0 
1.45 0 0 0 
1.55 0 0 0 
1.65 0 0 0 
1.75 0 0 0 
1.85 0 0 0 
1.95 0 0 0 
2.05 0 0 0 
2.15 0.03269694234 0.03423537662 2 
2.25 0 0 0 
2.35 2.044739215 1.718140998 7 
2.45 16.85407963 11.29874948 8 
2.55 269.0858027 194.4280056 22 
2.65 62.09822276 21.30075518 53 
2.75 4497.901059 1951.630285 149 
2.85 1921.095348 748.8465021 253 
2.95 4308.449015 1619.886258 241 
3.05 3173.327057 1082.477501 277 
3.15 4742.574647 1642.988642 235 
3.25 5328.671765 1776.24408 234 
3.35 4061.766344 1631.711451 202 
3.45 2316.388655 1097.135739 209 
3.55 2936.820671 1186.905122 191 
3.65 2713.304529 1050.404964 186 
3.75 5059.639738 2013.963131 153 
3.85 5744.571441 1710.252776 167 
3.95 2905.598227 943.7210123 116 
4.05 2391.263966 951.3615458 132 
4.15 4547.595454 1867.960099 125 
4.25 2449.870242 1188.742994 92 
4.35 5488.39727 1889.311448 103 
4.45 2079.10681 875.997291 85 
4.55 3435.327418 1377.760134 93 
4.65 3133.074868 1592.027219 81 
4.75 3374.688324 1370.941665 78 
4.85 2099.714022 1169.630675 63 
4.95 113.8110241 30.21814525 56 
5.05 4840.483145 2055.130401 57 
5.15 2997.592864 1043.059757 66 
5.25 2045.083506 946.740002 58 
5.35 5002.701686 1853.148667 53 
5.45 4901.616982 2022.037597 47 
5.55 881.5584269 450.2524056 53 
5.65 2075.266881 1243.338389 36 
5.75 2520.16832 1450.457385 33 
5.85 1264.194614 670.9066323 39 
5.95 2254.534515 1285.122689 34 
6.05 3672.712341 1509.5248 38 
6.15 829.191545 472.9453387 29 
6.25 2264.363444 1200.526719 20 
6.35 1291.380284 738.0074251 25 
6.45 956.5564413 637.3421582 14 
6.55 1506.478528 962.2432535 9 
6.65 1.164755032 1.164755032 1 
6.75 0 0 0 
6.85 0 0 0 
6.95 0 0 0 
7.05 0 0 0 
7.15 0 0 0 
7.25 0 0 0 
7.35 0 0 0 
7.45 0 0 0 
7.55 0 0 0 
7.65 0 0 0 
7.75 0 0 0 
7.85 0 0 0 
7.95 0 0 0 
8.05 0 0 0 
8.15 0 0 0 
8.25 0 0 0 
8.35 0 0 0 
8.45 0 0 0 
8.55 0 0 0 
8.65 0 0 0 
8.75 0 0 0 
8.85 0 0 0 
8.95 0 0 0 
9.05 0 0 0 
9.15 0 0 0 
9.25 0 0 0 
9.35 0 0 0 
9.45 0 0 0 
9.55 0 0 0 
9.65 0 0 0 
9.75 0 0 0 
9.85 0 0 0 
9.95 0 0 0 
10.05 0 0 0 
10.15 0 0 0 
10.25 0 0 0 
10.35 0 0 0 
10.45 0 0 0 
10.55 0 0 0 
10.65 0 0 0 
10.75 0 0 0 
10.85 0 0 0 
10.95 0 0 0 
11.05 0 0 0 
11.15 0 0 0 
11.25 0 0 0 
11.35 0 0 0 
11.45 0 0 0 
11.55 0 0 0 
11.65 0 0 0 
11.75 0 0 0 
11.85 0 0 0 
11.95 0 0 0 
