# Format: McCode with text headers
# URL: http://www.mccode.org
# Creator:  3.8.5, git
# Instrument: eqsans_sans.instr
# Ncount: 10000000
# Trace: no
# Gravitation: no
# Seed: 1790182660416359
# Directory: /Users/georgeyumnam/WORK/PANRAID/PaNRAID-results/Group2/panraidproject/scan_sans_sample/x-01_y+14
# Param: gx=-0.001
# Param: gy=0.014
# Param: sample_on=1
# Param: R_sphere=100
# Param: Phi=0.01
# Param: bs_radius=0
# Param: samp_ap=0.01
# Date: Wed Sep 23 18:58:15 2026 (1790182695)
# type: array_1d(120)
# Source: EQ_SANS_sample (eqsans_sans.instr)
# component: lambda_det
# position: 0 0 22.28
# title: Wavelength monitor
# Ncount: 10000000
# filename: lambda_det.dat
# statistics: X0=4.34825; dX=1.0176;
# signal: Min=0; Max=8769.93; Mean=1466.91;
# values: 176029 9983.54 5561
# xvar: L
# yvar: (I,I_err)
# xlabel: Wavelength [AA]
# ylabel: Intensity
# xlimits: 0 12
# variables: L I I_err N
0.05 0 0 0 
0.15 0 0 0 
0.25 0 0 0 
0.35 0 0 0 
0.45 0 0 0 
0.55 0 0 0 
0.65 0 0 0 
0.75 0 0 0 
0.85 0 0 0 
0.95 0 0 0 
1.05 0 0 0 
1.15 0 0 0 
1.25 0 0 0 
1.35 0 0 0 
1.45 0 0 0 
1.55 0 0 0 
1.65 0 0 0 
1.75 0 0 0 
1.85 0 0 0 
1.95 0 0 0 
2.05 0 0 0 
2.15 0 0 0 
2.25 0.7067140539 0.5416092355 3 
2.35 2.434670609 1.77758921 6 
2.45 8.929775678 6.06862837 12 
2.55 990.5199499 748.5208177 32 
2.65 66.72225156 27.80461055 49 
2.75 1180.306347 710.4713562 167 
2.85 2796.219446 1023.924114 285 
2.95 8769.926011 2584.0183 353 
3.05 7385.601921 1956.10994 346 
3.15 6544.057594 1899.760405 347 
3.25 5767.360728 1992.328709 285 
3.35 6953.037662 1862.833043 281 
3.45 5805.959975 1804.964002 259 
3.55 5043.18646 1276.269456 246 
3.65 7165.367196 2102.625281 244 
3.75 2907.95974 1466.022 209 
3.85 4525.86611 1664.358403 182 
3.95 8013.164612 2442.33544 188 
4.05 4242.45135 1573.26923 186 
4.15 6498.466314 1716.578775 150 
4.25 4271.077883 1467.784149 122 
4.35 5796.897264 2208.128207 122 
4.45 5583.767524 1758.235093 132 
4.55 6410.869703 2072.085747 116 
4.65 7527.686334 2465.378555 107 
4.75 8026.501174 2092.590059 107 
4.85 3660.439683 1369.200308 104 
4.95 5086.418103 2054.323338 86 
5.05 3243.333671 1452.181688 73 
5.15 3215.111737 1048.897801 78 
5.25 2246.958132 696.4611764 85 
5.35 1494.770207 619.2385208 62 
5.45 3000.100648 987.1066134 71 
5.55 2678.505996 968.2062684 49 
5.65 3311.797308 1230.708233 60 
5.75 4030.712068 1233.337287 59 
5.85 4216.97139 1424.424577 56 
5.95 3685.671243 1217.821537 58 
6.05 4272.267845 1603.809478 52 
6.15 3213.486478 1365.82863 37 
6.25 2052.041259 1180.464914 29 
6.35 2125.899046 1112.963924 29 
6.45 1508.660742 626.7676976 26 
6.55 30.76289422 13.69848699 8 
6.65 670.2482105 512.4474134 3 
6.75 0 0 0 
6.85 0 0 0 
6.95 0 0 0 
7.05 0 0 0 
7.15 0 0 0 
7.25 0 0 0 
7.35 0 0 0 
7.45 0 0 0 
7.55 0 0 0 
7.65 0 0 0 
7.75 0 0 0 
7.85 0 0 0 
7.95 0 0 0 
8.05 0 0 0 
8.15 0 0 0 
8.25 0 0 0 
8.35 0 0 0 
8.45 0 0 0 
8.55 0 0 0 
8.65 0 0 0 
8.75 0 0 0 
8.85 0 0 0 
8.95 0 0 0 
9.05 0 0 0 
9.15 0 0 0 
9.25 0 0 0 
9.35 0 0 0 
9.45 0 0 0 
9.55 0 0 0 
9.65 0 0 0 
9.75 0 0 0 
9.85 0 0 0 
9.95 0 0 0 
10.05 0 0 0 
10.15 0 0 0 
10.25 0 0 0 
10.35 0 0 0 
10.45 0 0 0 
10.55 0 0 0 
10.65 0 0 0 
10.75 0 0 0 
10.85 0 0 0 
10.95 0 0 0 
11.05 0 0 0 
11.15 0 0 0 
11.25 0 0 0 
11.35 0 0 0 
11.45 0 0 0 
11.55 0 0 0 
11.65 0 0 0 
11.75 0 0 0 
11.85 0 0 0 
11.95 0 0 0 
