# Format: McCode with text headers
# URL: http://www.mccode.org
# Creator:  3.8.5, git
# Instrument: eqsans_cylinder.instr
# Ncount: 5000000
# Trace: no
# Gravitation: no
# Seed: 1790196170480599
# Directory: /Users/georgeyumnam/WORK/PANRAID/PaNRAID-results/Group2/panraidproject/dataset_cylinder/cyl_001929
# Param: gx=0
# Param: gy=0
# Param: sample_on=1
# Param: bs_radius=0
# Param: samp_ap=0.01
# Param: sld=5.74827
# Param: sld_solvent=1
# Param: radius=136.176
# Param: length=505.67
# Param: pd_radius=0.077864
# Param: pd_length=0.190451
# Param: model_scale=1
# Param: model_abs=0
# Date: Wed Sep 23 22:43:08 2026 (1790196188)
# type: array_1d(100)
# Source: EQ_SANS_cylinder (eqsans_cylinder.instr)
# component: qmon
# position: 0 0 22.281
# title: QMonitor - Distribution in q (Radially averaged)
# Ncount: 5000000
# filename: qdet.dat
# statistics: X0=0.00767625; dX=0.00652576;
# signal: Min=1.70338e+12; Max=5.07351e+17; Mean=3.40068e+16;
# values: 3.40068e+18 1.23522e+17 257426
# xvar: q
# yvar: (I,I_err)
# xlabel: q [1 / AA]
# ylabel: I(q)
# xlimits: 0 0.151561
# variables: q I I_err N
0.0007578035702 5.073512948e+17 9.835781723e+16 43 
0.002273410711 3.819623439e+17 4.250530879e+16 127 
0.003789017851 3.782811004e+17 3.506993765e+16 205 
0.005304624991 3.898530643e+17 3.097396138e+16 293 
0.006820232132 3.005037066e+17 2.234960398e+16 347 
0.008335839272 3.12582079e+17 2.197198477e+16 464 
0.009851446413 2.583786527e+17 1.691986478e+16 562 
0.01136705355 2.028659997e+17 1.293280363e+16 640 
0.01288266069 1.496491082e+17 9.379019578e+15 690 
0.01439826783 1.233564402e+17 7.687627262e+15 758 
0.01591387497 1.058117492e+17 6.664869891e+15 925 
0.01742948211 8.008242792e+16 5.005031638e+15 985 
0.01894508925 5.789568117e+16 3.82098943e+15 1009 
0.0204606964 4.346655022e+16 2.797422797e+15 1079 
0.02197630354 3.199566214e+16 2.363185325e+15 1197 
0.02349191068 1.908513293e+16 1.478423876e+15 1283 
0.02500751782 1.294231583e+16 9.586480125e+14 1302 
0.02652312496 9.49627098e+15 6.939787903e+14 1447 
0.0280387321 6.427284528e+15 5.174624978e+14 1490 
0.02955433924 4.180235345e+15 2.602443497e+14 1582 
0.03106994638 3.616171231e+15 2.344238404e+14 1709 
0.03258555352 2.685167514e+15 1.584600356e+14 1811 
0.03410116066 2.33267025e+15 1.20238146e+14 1932 
0.0356167678 1.988030396e+15 8.693077535e+13 1967 
0.03713237494 1.709210922e+15 5.743538602e+13 2018 
0.03864798208 1.533742584e+15 4.811908983e+13 2113 
0.04016358922 1.357314142e+15 4.1965987e+13 2246 
0.04167919636 1.173461477e+15 3.420676885e+13 2220 
0.0431948035 1.019918548e+15 2.88154789e+13 2379 
0.04471041064 8.160143587e+14 2.447093079e+13 2270 
0.04622601778 7.511783947e+14 2.302785183e+13 2525 
0.04774162492 5.986486857e+14 1.805501686e+13 2622 
0.04925723206 4.986302208e+14 1.578863022e+13 2589 
0.0507728392 3.857927284e+14 1.203026113e+13 2666 
0.05228844634 3.556003645e+14 1.040148122e+13 2913 
0.05380405348 3.081294804e+14 8.844664388e+12 2958 
0.05531966062 2.68418956e+14 7.142351065e+12 3045 
0.05683526776 2.489284433e+14 6.550774394e+12 3065 
0.05835087491 2.356983097e+14 5.64718091e+12 3255 
0.05986648205 2.217794536e+14 5.18816527e+12 3238 
0.06138208919 2.110200177e+14 4.956488707e+12 3287 
0.06289769633 1.94538495e+14 4.449500666e+12 3429 
0.06441330347 1.858316688e+14 4.216107937e+12 3492 
0.06592891061 1.636391766e+14 3.741588606e+12 3538 
0.06744451775 1.402845912e+14 3.265297485e+12 3451 
0.06896012489 1.362025185e+14 3.110007592e+12 3707 
0.07047573203 1.093713823e+14 2.580526786e+12 3523 
0.07199133917 9.820090926e+13 2.285334269e+12 3657 
0.07350694631 8.968254036e+13 2.07318899e+12 3780 
0.07502255345 8.206564626e+13 1.828941532e+12 3829 
0.07653816059 7.564967157e+13 1.686357673e+12 3797 
0.07805376773 6.770228147e+13 1.491535236e+12 3890 
0.07956937487 6.739249847e+13 1.449528899e+12 3991 
0.08108498201 5.892512746e+13 1.259982584e+12 3891 
0.08260058915 5.3652437e+13 1.139895724e+12 3848 
0.08411619629 5.265993584e+13 1.100636781e+12 3897 
0.08563180343 4.832966842e+13 1.009399069e+12 3927 
0.08714741057 4.593357519e+13 9.723598981e+11 3941 
0.08866301771 4.151171071e+13 8.709714592e+11 3869 
0.09017862485 3.863644821e+13 8.115468582e+11 3875 
0.09169423199 3.474628107e+13 7.230534989e+11 3922 
0.09320983913 3.315423792e+13 6.964239956e+11 3921 
0.09472544627 2.972744395e+13 6.252480063e+11 3901 
0.09624105341 2.700213102e+13 5.663974837e+11 3875 
0.09775666056 2.465735044e+13 5.222580964e+11 3833 
0.0992722677 2.250402361e+13 4.861504272e+11 3672 
0.1007878748 2.138982217e+13 4.629336709e+11 3713 
0.102303482 1.965783559e+13 4.169185606e+11 3684 
0.1038190891 1.874032728e+13 3.998801224e+11 3670 
0.1053346963 1.752625142e+13 3.733123283e+11 3614 
0.1068503034 1.567314846e+13 3.41961927e+11 3445 
0.1083659105 1.505532235e+13 3.219393073e+11 3550 
0.1098815177 1.325650547e+13 2.917034858e+11 3328 
0.1113971248 1.289387166e+13 2.848817963e+11 3323 
0.112912732 1.197288093e+13 2.589830034e+11 3373 
0.1144283391 1.09305252e+13 2.467904148e+11 3188 
0.1159439462 1.011584969e+13 2.256139382e+11 3236 
0.1174595534 9.28541766e+12 2.102202814e+11 3103 
0.1189751605 8.376919794e+12 1.947981235e+11 2985 
0.1204907677 8.231298414e+12 1.856334171e+11 3079 
0.1220063748 7.356374928e+12 1.721726915e+11 2966 
0.1235219819 6.980926975e+12 1.618646586e+11 2918 
0.1250375891 6.273394228e+12 1.478881105e+11 2822 
0.1265531962 5.853361479e+12 1.405466835e+11 2699 
0.1280688034 5.730857285e+12 1.35310656e+11 2777 
0.1295844105 5.16154623e+12 1.251477439e+11 2670 
0.1311000176 4.524366359e+12 1.12820558e+11 2488 
0.1326156248 4.534285437e+12 1.130674509e+11 2486 
0.1341312319 4.087371521e+12 1.039346351e+11 2430 
0.1356468391 3.684900884e+12 9.570201956e+10 2298 
0.1371624462 3.369624894e+12 8.725012985e+10 2266 
0.1386780533 3.257832139e+12 8.475260453e+10 2240 
0.1401936605 2.889920615e+12 7.830021013e+10 2056 
0.1417092676 2.680731819e+12 7.255711609e+10 2006 
0.1432248748 2.488609892e+12 6.746935376e+10 2059 
0.1447404819 2.525441343e+12 6.89186998e+10 2037 
0.146256089 2.147219569e+12 6.038642958e+10 1884 
0.1477716962 1.996253663e+12 5.68679146e+10 1808 
0.1492873033 1.876311486e+12 5.471210392e+10 1792 
0.1508029105 1.703378546e+12 5.066144877e+10 1721 
