# Format: McCode with text headers
# URL: http://www.mccode.org
# Creator:  3.8.5, git
# Instrument: eqsans_cylinder.instr
# Ncount: 5000000
# Trace: no
# Gravitation: no
# Seed: 1790195962208943
# Directory: /Users/georgeyumnam/WORK/PANRAID/PaNRAID-results/Group2/panraidproject/dataset_cylinder/cyl_001812
# Param: gx=0
# Param: gy=0
# Param: sample_on=1
# Param: bs_radius=0
# Param: samp_ap=0.01
# Param: sld=4.56242
# Param: sld_solvent=1
# Param: radius=79.2521
# Param: length=449.117
# Param: pd_radius=0.095717
# Param: pd_length=0.164086
# Param: model_scale=1
# Param: model_abs=0
# Date: Wed Sep 23 22:39:39 2026 (1790195979)
# type: array_1d(120)
# Source: EQ_SANS_cylinder (eqsans_cylinder.instr)
# component: lambda_det
# position: 0 0 22.28
# title: Wavelength monitor
# Ncount: 5000000
# filename: lambda_det.dat
# statistics: X0=4.32836; dX=1.02903;
# signal: Min=0; Max=4.06112e+11; Mean=8.59529e+10;
# values: 1.03144e+13 1.12751e+11 282238
# xvar: L
# yvar: (I,I_err)
# xlabel: Wavelength [AA]
# ylabel: Intensity
# xlimits: 0 12
# variables: L I I_err N
0.05 0 0 0 
0.15 0 0 0 
0.25 0 0 0 
0.35 0 0 0 
0.45 0 0 0 
0.55 0 0 0 
0.65 0 0 0 
0.75 0 0 0 
0.85 0 0 0 
0.95 0 0 0 
1.05 0 0 0 
1.15 0 0 0 
1.25 0 0 0 
1.35 0 0 0 
1.45 0 0 0 
1.55 0 0 0 
1.65 0 0 0 
1.75 0 0 0 
1.85 0 0 0 
1.95 0 0 0 
2.05 0 0 0 
2.15 132132226.8 95625807.95 50 
2.25 1289237523 982450851.3 100 
2.35 1620948568 690946788.5 100 
2.45 1.040751977e+10 2689599901 800 
2.55 9553427064 2068655319 900 
2.65 3.855983757e+10 7096489848 2800 
2.75 1.267152939e+11 1.13773024e+10 7549 
2.85 3.092348468e+11 1.991659922e+10 14600 
2.95 4.042776584e+11 2.194144429e+10 19397 
3.05 4.061120316e+11 2.333155101e+10 16799 
3.15 3.463170668e+11 1.973934577e+10 16449 
3.25 3.496910794e+11 2.107291435e+10 15150 
3.35 3.911119731e+11 2.148461657e+10 14900 
3.45 3.708607188e+11 2.017814299e+10 13999 
3.55 3.584831728e+11 2.065797866e+10 12598 
3.65 3.528480802e+11 2.156210004e+10 10900 
3.75 3.764178747e+11 2.073066032e+10 11800 
3.85 3.451389844e+11 2.073744745e+10 9800 
3.95 3.060718216e+11 1.810944412e+10 9550 
4.05 3.180720055e+11 1.881863582e+10 8500 
4.15 3.573222427e+11 2.199256714e+10 9149 
4.25 3.203541856e+11 1.942169821e+10 7750 
4.35 2.949124447e+11 2.026000396e+10 6350 
4.45 2.889283857e+11 2.086506475e+10 6300 
4.55 2.923537112e+11 2.019525488e+10 6250 
4.65 2.617861524e+11 1.876513515e+10 5399 
4.75 1.998013299e+11 1.524599233e+10 4100 
4.85 3.019446502e+11 1.919893333e+10 5850 
4.95 2.759498921e+11 1.870885717e+10 4850 
5.05 2.488748963e+11 1.791950455e+10 3900 
5.15 1.976826045e+11 1.525498797e+10 3550 
5.25 2.082629945e+11 1.661170387e+10 3450 
5.35 2.18202289e+11 1.596004064e+10 3250 
5.45 2.115138974e+11 1.574729922e+10 3150 
5.55 2.928635538e+11 2.129451321e+10 3700 
5.65 1.662725543e+11 1.253864665e+10 2550 
5.75 1.971023667e+11 1.560240873e+10 2550 
5.85 2.398449265e+11 1.847560398e+10 2749 
5.95 1.522913584e+11 1.252852659e+10 1900 
6.05 1.784458263e+11 1.50004783e+10 2000 
6.15 1.928107982e+11 1.432671458e+10 2250 
6.25 1.550626304e+11 1.352979009e+10 1700 
6.35 9.120870828e+10 9412350625 1150 
6.45 8.537027094e+10 9326323001 950 
6.55 5.176355462e+10 7772695287 600 
6.65 1.050897179e+10 3460847039 100 
6.75 0 0 0 
6.85 0 0 0 
6.95 0 0 0 
7.05 0 0 0 
7.15 0 0 0 
7.25 0 0 0 
7.35 0 0 0 
7.45 0 0 0 
7.55 0 0 0 
7.65 0 0 0 
7.75 0 0 0 
7.85 0 0 0 
7.95 0 0 0 
8.05 0 0 0 
8.15 0 0 0 
8.25 0 0 0 
8.35 0 0 0 
8.45 0 0 0 
8.55 0 0 0 
8.65 0 0 0 
8.75 0 0 0 
8.85 0 0 0 
8.95 0 0 0 
9.05 0 0 0 
9.15 0 0 0 
9.25 0 0 0 
9.35 0 0 0 
9.45 0 0 0 
9.55 0 0 0 
9.65 0 0 0 
9.75 0 0 0 
9.85 0 0 0 
9.95 0 0 0 
10.05 0 0 0 
10.15 0 0 0 
10.25 0 0 0 
10.35 0 0 0 
10.45 0 0 0 
10.55 0 0 0 
10.65 0 0 0 
10.75 0 0 0 
10.85 0 0 0 
10.95 0 0 0 
11.05 0 0 0 
11.15 0 0 0 
11.25 0 0 0 
11.35 0 0 0 
11.45 0 0 0 
11.55 0 0 0 
11.65 0 0 0 
11.75 0 0 0 
11.85 0 0 0 
11.95 0 0 0 
