# Format: McCode with text headers
# URL: http://www.mccode.org
# Creator:  3.8.5, git
# Instrument: eqsans_sans.instr
# Ncount: 10000000
# Trace: no
# Gravitation: no
# Seed: 1790173364327686
# Directory: /Users/georgeyumnam/WORK/PANRAID/PaNRAID-results/Group2/panraidproject/scan_sans_nosample/x-20_y-04
# Param: gx=-0.02
# Param: gy=-0.004
# Param: sample_on=0
# Param: R_sphere=100
# Param: Phi=0.01
# Param: bs_radius=0
# Param: samp_ap=0.01
# Date: Wed Sep 23 16:23:20 2026 (1790173400)
# type: array_1d(120)
# Source: EQ_SANS_sample (eqsans_sans.instr)
# component: lambda_det
# position: 0 0 22.28
# title: Wavelength monitor
# Ncount: 10000000
# filename: lambda_det.dat
# statistics: X0=3.86304; dX=0.9348;
# signal: Min=0; Max=186414; Mean=22222;
# values: 2.66664e+06 46182 3425
# xvar: L
# yvar: (I,I_err)
# xlabel: Wavelength [AA]
# ylabel: Intensity
# xlimits: 0 12
# variables: L I I_err N
0.05 0 0 0 
0.15 0 0 0 
0.25 0 0 0 
0.35 0 0 0 
0.45 0 0 0 
0.55 0 0 0 
0.65 0 0 0 
0.75 0 0 0 
0.85 0 0 0 
0.95 0 0 0 
1.05 0 0 0 
1.15 0 0 0 
1.25 0 0 0 
1.35 0 0 0 
1.45 0 0 0 
1.55 0 0 0 
1.65 0 0 0 
1.75 0 0 0 
1.85 0 0 0 
1.95 0 0 0 
2.05 591.7451483 591.7451483 1 
2.15 0 0 0 
2.25 1359.669449 979.719935 2 
2.35 3278.930661 1664.382356 4 
2.45 6695.354395 2282.404497 9 
2.55 16033.9647 3464.009455 22 
2.65 37083.71646 5383.137826 49 
2.75 102544.0442 8751.905939 141 
2.85 186413.7617 12135.03035 243 
2.95 162997.0776 11339.57729 212 
3.05 151054.2323 10999.13189 194 
3.15 137774.7588 10475.26844 178 
3.25 133175.0974 10296.37235 172 
3.35 120101.943 9798.019519 154 
3.45 122173.3528 10034.06586 152 
3.55 93271.44702 8702.778353 118 
3.65 113102.1469 9571.562534 143 
3.75 94787.92485 8641.196472 123 
3.85 102794.9938 9136.944154 130 
3.95 90780.48344 8601.874277 114 
4.05 87019.88904 8285.879328 113 
4.15 82841.7172 8235.793121 104 
4.25 77784.93767 7852.26411 101 
4.35 63468.2189 7142.947636 81 
4.45 68259.94686 7341.111663 89 
4.55 58917.97966 6809.916704 77 
4.65 47920.4247 6258.324174 60 
4.75 41362.88833 5705.647188 54 
4.85 57346.97709 6715.463904 75 
4.95 35880.30602 5369.809764 46 
5.05 38884.8691 5685.635001 48 
5.15 32998.89404 5055.254831 44 
5.25 37270.77351 5529.844224 47 
5.35 28198.91921 4756.270582 36 
5.45 21125.03952 4187.792143 26 
5.55 28376.46191 4852.531773 35 
5.65 21609.59816 4221.484343 27 
5.75 27548.495 4782.679816 34 
5.85 22262.74529 4256.156157 28 
5.95 19389.41717 3933.679514 25 
6.05 22001.83552 4276.900097 27 
6.15 18910.0335 3907.086491 24 
6.25 27770.95529 4819.356361 34 
6.35 14373.66325 3439.623861 18 
6.45 6342.052792 2273.231774 8 
6.55 2760.031588 1594.616518 3 
6.65 0 0 0 
6.75 0 0 0 
6.85 0 0 0 
6.95 0 0 0 
7.05 0 0 0 
7.15 0 0 0 
7.25 0 0 0 
7.35 0 0 0 
7.45 0 0 0 
7.55 0 0 0 
7.65 0 0 0 
7.75 0 0 0 
7.85 0 0 0 
7.95 0 0 0 
8.05 0 0 0 
8.15 0 0 0 
8.25 0 0 0 
8.35 0 0 0 
8.45 0 0 0 
8.55 0 0 0 
8.65 0 0 0 
8.75 0 0 0 
8.85 0 0 0 
8.95 0 0 0 
9.05 0 0 0 
9.15 0 0 0 
9.25 0 0 0 
9.35 0 0 0 
9.45 0 0 0 
9.55 0 0 0 
9.65 0 0 0 
9.75 0 0 0 
9.85 0 0 0 
9.95 0 0 0 
10.05 0 0 0 
10.15 0 0 0 
10.25 0 0 0 
10.35 0 0 0 
10.45 0 0 0 
10.55 0 0 0 
10.65 0 0 0 
10.75 0 0 0 
10.85 0 0 0 
10.95 0 0 0 
11.05 0 0 0 
11.15 0 0 0 
11.25 0 0 0 
11.35 0 0 0 
11.45 0 0 0 
11.55 0 0 0 
11.65 0 0 0 
11.75 0 0 0 
11.85 0 0 0 
11.95 0 0 0 
