# Format: McCode with text headers
# URL: http://www.mccode.org
# Creator:  3.8.5, git
# Instrument: eqsans_sans.instr
# Ncount: 10000000
# Trace: no
# Gravitation: no
# Seed: 1790181481184043
# Directory: /Users/georgeyumnam/WORK/PANRAID/PaNRAID-results/Group2/panraidproject/scan_sans_sample/x-09_y+07
# Param: gx=-0.009
# Param: gy=0.007
# Param: sample_on=1
# Param: R_sphere=100
# Param: Phi=0.01
# Param: bs_radius=0
# Param: samp_ap=0.01
# Date: Wed Sep 23 18:38:35 2026 (1790181515)
# type: array_1d(100)
# Source: EQ_SANS_sample (eqsans_sans.instr)
# component: qmon
# position: 0 0 22.281
# title: QMonitor - Radially averaged distribution
# Ncount: 10000000
# filename: rdet.dat
# statistics: X0=0.0765044; dX=0.0533605;
# signal: Min=0; Max=9.2176e+07; Mean=1.11683e+07;
# values: 1.11683e+09 1.0464e+08 2984
# xvar: r
# yvar: (I,I_err)
# xlabel: Radius [m]
# ylabel: I(r)
# xlimits: 0 0.5
# variables: r I I_err N
0.0025 0 0 0 
0.0075 0 0 0 
0.0125 0 0 0 
0.0175 55364700.73 47310335.57 2 
0.0225 92176024.47 47202952.01 4 
0.0275 35312482.43 25027814.59 2 
0.0325 82654697.92 35604129.48 6 
0.0375 51239025.31 29831068.48 3 
0.0425 42600515.65 21775315.37 4 
0.0475 58746782.29 24675552.77 6 
0.0525 65873625.52 25833951.86 8 
0.0575 56686081.35 20923624.62 8 
0.0625 76814815.51 22986296.41 13 
0.0675 28402736.71 13579431.14 5 
0.0725 22551760.88 9553677.008 6 
0.0775 19274061.88 8866366.722 5 
0.0825 35910970.58 14933766.39 9 
0.0875 16321114.21 6400954.785 8 
0.0925 37151155.74 12461509.97 10 
0.0975 42993787.19 12445338.78 14 
0.1025 25965351.28 8949711.528 14 
0.1075 18297243.22 7263759.044 12 
0.1125 38709701.58 10011982.39 18 
0.1175 21671433.47 7641604.16 18 
0.1225 11793361.25 5592319.533 7 
0.1275 21129596.28 6365406.827 22 
0.1325 21835809.77 5961879.196 24 
0.1375 9580046.031 4097319.109 14 
0.1425 9353658.763 3583931.575 18 
0.1475 13378363.41 4547295.657 17 
0.1525 11088184 3639320.829 21 
0.1575 16019564.62 4080614.125 25 
0.1625 7273027.696 2969761.797 20 
0.1675 7419299.926 3178401.226 14 
0.1725 8042129.07 2491355.651 25 
0.1775 7084281.772 2092631.972 27 
0.1825 9054344.348 2541482.947 22 
0.1875 3389672.75 1364711.637 27 
0.1925 2466745.738 996203.3574 17 
0.1975 4007515.524 1552222.726 25 
0.2025 1978387.679 1064796.97 21 
0.2075 1898600.051 781229.8372 23 
0.2125 3034149.793 1233419.654 33 
0.2175 1451509.025 559349.9547 23 
0.2225 1481734.191 756255.3099 24 
0.2275 1561031.314 703259.1811 27 
0.2325 1616533.386 800384.0557 23 
0.2375 1476139.616 579925.7949 37 
0.2425 1155482.421 559024.2754 32 
0.2475 2401031.421 924532.17 38 
0.2525 1143064.677 478090.9088 21 
0.2575 1125438.85 385564.5735 42 
0.2625 497236.2857 204697.1292 27 
0.2675 274712.331 75918.87704 22 
0.2725 614614.1706 218299.5797 29 
0.2775 436144.7597 188511.5061 28 
0.2825 520038.3341 304759.7536 26 
0.2875 430835.6663 138869.4902 37 
0.2925 551884.9804 195650.5311 42 
0.2975 309658.9526 128341.0278 33 
0.3025 237125.7893 57353.07331 36 
0.3075 226970.5891 50341.7352 38 
0.3125 266309.3663 64649.78418 36 
0.3175 259820.7352 79084.35957 32 
0.3225 192660.1012 56481.94266 29 
0.3275 231842.1998 49883.91406 40 
0.3325 211586.3363 48353.10113 39 
0.3375 139339.5253 34723.95745 36 
0.3425 145751.6877 38940.58759 37 
0.3475 196719.2372 48899.8917 52 
0.3525 183840.5847 40746.60635 45 
0.3575 115502.5 28334.26681 37 
0.3625 155827.0294 38517.95607 47 
0.3675 152896.3477 34666.48765 43 
0.3725 159113.7523 34945.96244 40 
0.3775 68310.76337 16040.8808 40 
0.3825 150435.4293 37168.73431 48 
0.3875 89865.51401 20785.51874 44 
0.3925 124294.3135 27309.00775 43 
0.3975 172157.5054 35844.02925 47 
0.4025 97017.51354 26905.84656 35 
0.4075 96925.70553 25698.19734 39 
0.4125 60973.69202 19685.15602 39 
0.4175 194050.8085 38881.9134 61 
0.4225 106344.427 25337.18582 65 
0.4275 113332.9598 27078.96251 54 
0.4325 84139.12084 21202.61387 45 
0.4375 138684.66 32093.03375 61 
0.4425 106756.7455 24368.60359 64 
0.4475 47601.61665 13403.10908 44 
0.4525 62684.16468 15264.22998 56 
0.4575 68968.40045 16775.82624 63 
0.4625 95911.12049 24561.95836 58 
0.4675 61905.9032 17755.01796 49 
0.4725 80542.91656 20071.03839 55 
0.4775 72218.48068 18831.51455 56 
0.4825 79722.19542 21257.86039 60 
0.4875 79757.92861 18461.0443 55 
0.4925 61013.40812 15367.12403 63 
0.4975 52862.9552 16032.07368 65 
