# Format: McCode with text headers
# URL: http://www.mccode.org
# Creator:  3.8.5, git
# Instrument: eqsans_cylinder.instr
# Ncount: 5000000
# Trace: no
# Gravitation: no
# Seed: 1790193037781247
# Directory: /Users/georgeyumnam/WORK/PANRAID/PaNRAID-results/Group2/panraidproject/dataset_cylinder/cyl_000188
# Param: gx=0
# Param: gy=0
# Param: sample_on=1
# Param: bs_radius=0
# Param: samp_ap=0.01
# Param: sld=1.83109
# Param: sld_solvent=1
# Param: radius=51.2792
# Param: length=312.726
# Param: pd_radius=0.044634
# Param: pd_length=0.177837
# Param: model_scale=1
# Param: model_abs=0
# Date: Wed Sep 23 21:50:55 2026 (1790193055)
# type: array_1d(120)
# Source: EQ_SANS_cylinder (eqsans_cylinder.instr)
# component: lambda_det
# position: 0 0 22.28
# title: Wavelength monitor
# Ncount: 5000000
# filename: lambda_det.dat
# statistics: X0=4.35452; dX=1.02125;
# signal: Min=0; Max=4.14568e+09; Mean=8.99828e+08;
# values: 1.07979e+11 7.29702e+08 290835
# xvar: L
# yvar: (I,I_err)
# xlabel: Wavelength [AA]
# ylabel: Intensity
# xlimits: 0 12
# variables: L I I_err N
0.05 0 0 0 
0.15 0 0 0 
0.25 0 0 0 
0.35 0 0 0 
0.45 0 0 0 
0.55 0 0 0 
0.65 0 0 0 
0.75 0 0 0 
0.85 0 0 0 
0.95 0 0 0 
1.05 0 0 0 
1.15 0 0 0 
1.25 0 0 0 
1.35 0 0 0 
1.45 0 0 0 
1.55 0 0 0 
1.65 0 0 0 
1.75 0 0 0 
1.85 0 0 0 
1.95 0 0 0 
2.05 0 0 0 
2.15 0 0 0 
2.25 8496183.15 7827471.978 50 
2.35 32383042.8 14192424.3 100 
2.45 34206899.02 10611686.11 300 
2.55 204949467.2 29957719.68 1499 
2.65 425813919.9 38286902.05 2900 
2.75 1353381294 76645676 7999 
2.85 2819343479 113462216.4 16100 
2.95 3673660185 131033789.2 17599 
3.05 3774972474 136686767.5 17349 
3.15 3906924840 136853757.8 16300 
3.25 3587029324 130160831.4 15500 
3.35 4145683718 145286664.6 14798 
3.45 3494595106 128286777.7 13500 
3.55 3573841383 129204603.5 12448 
3.65 3653953840 131002193.8 11850 
3.75 3267954104 121126675.5 10347 
3.85 3940233691 137718809.4 11350 
3.95 3670523760 130131290.2 10600 
4.05 3789908951 139874962.9 10149 
4.15 3678501908 133178583.8 9050 
4.25 3178683662 129195838.9 7650 
4.35 3412553306 135080262.6 7650 
4.45 3065962437 124089007.8 6549 
4.55 2900454952 119643320.2 6100 
4.65 3064142440 123049195.4 5950 
4.75 2846237379 115828757 5450 
4.85 3069895084 131355318.6 5400 
4.95 2629688970 117289360.2 4349 
5.05 2319810935 108352199.8 3850 
5.15 2256731839 104693671.9 3600 
5.25 2328852731 108535939.8 3700 
5.35 2518730057 111517464.7 3800 
5.45 2501102583 110163720.5 3650 
5.55 2600393847 119434342.4 3450 
5.65 1901877509 95547729.9 2750 
5.75 2099875521 98387605.91 3000 
5.85 2150496785 104782819.5 2600 
5.95 2109058293 111573767.4 2650 
6.05 2073947354 108544234.2 2399 
6.15 1758113552 93936468.29 1950 
6.25 1446561324 89596211.95 1550 
6.35 888531971.2 57575643.9 1100 
6.45 1124743159 71288958.43 1250 
6.55 602535508.4 55476553.53 550 
6.65 93985279.18 19301798.78 100 
6.75 0 0 0 
6.85 0 0 0 
6.95 0 0 0 
7.05 0 0 0 
7.15 0 0 0 
7.25 0 0 0 
7.35 0 0 0 
7.45 0 0 0 
7.55 0 0 0 
7.65 0 0 0 
7.75 0 0 0 
7.85 0 0 0 
7.95 0 0 0 
8.05 0 0 0 
8.15 0 0 0 
8.25 0 0 0 
8.35 0 0 0 
8.45 0 0 0 
8.55 0 0 0 
8.65 0 0 0 
8.75 0 0 0 
8.85 0 0 0 
8.95 0 0 0 
9.05 0 0 0 
9.15 0 0 0 
9.25 0 0 0 
9.35 0 0 0 
9.45 0 0 0 
9.55 0 0 0 
9.65 0 0 0 
9.75 0 0 0 
9.85 0 0 0 
9.95 0 0 0 
10.05 0 0 0 
10.15 0 0 0 
10.25 0 0 0 
10.35 0 0 0 
10.45 0 0 0 
10.55 0 0 0 
10.65 0 0 0 
10.75 0 0 0 
10.85 0 0 0 
10.95 0 0 0 
11.05 0 0 0 
11.15 0 0 0 
11.25 0 0 0 
11.35 0 0 0 
11.45 0 0 0 
11.55 0 0 0 
11.65 0 0 0 
11.75 0 0 0 
11.85 0 0 0 
11.95 0 0 0 
