# Format: McCode with text headers
# URL: http://www.mccode.org
# Creator:  3.8.5, git
# Instrument: eqsans_cylinder.instr
# Ncount: 5000000
# Trace: no
# Gravitation: no
# Seed: 1790193179637034
# Directory: /Users/georgeyumnam/WORK/PANRAID/PaNRAID-results/Group2/panraidproject/dataset_cylinder/cyl_000260
# Param: gx=0
# Param: gy=0
# Param: sample_on=1
# Param: bs_radius=0
# Param: samp_ap=0.01
# Param: sld=3.33046
# Param: sld_solvent=1
# Param: radius=47.3985
# Param: length=349.489
# Param: pd_radius=0.250625
# Param: pd_length=0.297049
# Param: model_scale=1
# Param: model_abs=0
# Date: Wed Sep 23 21:53:17 2026 (1790193197)
# type: array_1d(100)
# Source: EQ_SANS_cylinder (eqsans_cylinder.instr)
# component: qmon
# position: 0 0 22.281
# title: QMonitor - Radially averaged distribution
# Ncount: 5000000
# filename: rdet.dat
# statistics: X0=0.0764056; dX=0.0688012;
# signal: Min=5.70673e+11; Max=3.79116e+14; Mean=6.27854e+13;
# values: 6.27854e+15 1.71587e+14 159554
# xvar: r
# yvar: (I,I_err)
# xlabel: Radius [m]
# ylabel: I(r)
# xlimits: 0 0.5
# variables: r I I_err N
0.0025 2.927055608e+14 1.132384107e+14 18 
0.0075 2.251177686e+14 5.362797517e+13 45 
0.0125 3.497800314e+14 7.112255263e+13 89 
0.0175 2.827798307e+14 3.897688659e+13 114 
0.0225 2.613614171e+14 3.572854601e+13 129 
0.0275 3.791160496e+14 3.876306171e+13 216 
0.0325 2.865592505e+14 3.053402129e+13 211 
0.0375 2.349722214e+14 2.416365022e+13 232 
0.0425 2.605946998e+14 2.481312033e+13 281 
0.0475 2.361859913e+14 2.249168008e+13 303 
0.0525 2.335983525e+14 1.968475349e+13 368 
0.0575 2.179136422e+14 1.778774242e+13 364 
0.0625 2.114989451e+14 1.955163695e+13 382 
0.0675 1.755735686e+14 1.322828986e+13 438 
0.0725 1.78519861e+14 1.210914505e+13 486 
0.0775 1.725225012e+14 1.214177409e+13 498 
0.0825 1.756144485e+14 1.249372985e+13 515 
0.0875 1.452510405e+14 1.004382931e+13 561 
0.0925 1.24757289e+14 7.605759669e+12 592 
0.0975 1.304215863e+14 8.41504991e+12 649 
0.1025 1.215705225e+14 8.423825462e+12 647 
0.1075 1.171822387e+14 6.847603551e+12 701 
0.1125 1.008326052e+14 6.390986379e+12 662 
0.1175 1.057659042e+14 6.250458182e+12 738 
0.1225 9.337151056e+13 5.535817462e+12 770 
0.1275 8.209239831e+13 4.375493617e+12 812 
0.1325 7.714044203e+13 4.109207245e+12 873 
0.1375 7.650060492e+13 4.161323553e+12 865 
0.1425 6.835197004e+13 3.640822094e+12 909 
0.1475 6.426803859e+13 3.340762894e+12 957 
0.1525 6.352075179e+13 3.327289053e+12 997 
0.1575 4.845707784e+13 2.452707613e+12 978 
0.1625 4.641730062e+13 2.206360698e+12 1022 
0.1675 4.763228435e+13 2.441430715e+12 1061 
0.1725 4.243533029e+13 2.140406872e+12 1077 
0.1775 4.028036836e+13 2.072123304e+12 1127 
0.1825 3.577089707e+13 1.655937949e+12 1176 
0.1875 3.466755109e+13 1.571290617e+12 1203 
0.1925 2.781814576e+13 1.292082782e+12 1174 
0.1975 2.853090788e+13 1.285386976e+12 1274 
0.2025 2.653577192e+13 1.199011164e+12 1302 
0.2075 2.559274665e+13 1.12284327e+12 1336 
0.2125 2.467135336e+13 1.096576026e+12 1403 
0.2175 2.205800613e+13 1.012059896e+12 1344 
0.2225 1.910690461e+13 8.925873521e+11 1384 
0.2275 1.796238586e+13 8.512325214e+11 1374 
0.2325 1.728524595e+13 8.041026905e+11 1491 
0.2375 1.647587954e+13 7.878074053e+11 1566 
0.2425 1.525330912e+13 6.91268638e+11 1546 
0.2475 1.343092356e+13 6.227763406e+11 1546 
0.2525 1.335806657e+13 6.103309332e+11 1614 
0.2575 1.171994481e+13 5.398984688e+11 1632 
0.2625 1.115239998e+13 4.90986691e+11 1698 
0.2675 1.032657197e+13 4.44106939e+11 1736 
0.2725 9.237111e+12 4.109631067e+11 1722 
0.2775 9.687845505e+12 4.609850822e+11 1742 
0.2825 8.132875082e+12 3.767893411e+11 1769 
0.2875 8.025251185e+12 3.712440992e+11 1837 
0.2925 7.036795955e+12 3.185218184e+11 1844 
0.2975 6.160538414e+12 2.730166611e+11 1847 
0.3025 5.980117667e+12 2.536300725e+11 1925 
0.3075 5.450512145e+12 2.368622528e+11 1894 
0.3125 5.347165715e+12 2.269053209e+11 2048 
0.3175 5.039930426e+12 2.116129886e+11 2116 
0.3225 4.409045107e+12 1.958508803e+11 2013 
0.3275 4.423643416e+12 1.87145906e+11 2123 
0.3325 4.130992536e+12 1.750792062e+11 2158 
0.3375 3.721649147e+12 1.582279394e+11 2113 
0.3425 3.406071045e+12 1.423122917e+11 2116 
0.3475 2.995508661e+12 1.257474723e+11 2173 
0.3525 3.341272869e+12 1.358465746e+11 2311 
0.3575 2.82665636e+12 1.171898079e+11 2296 
0.3625 2.724648121e+12 1.142375828e+11 2337 
0.3675 2.688124755e+12 1.116981047e+11 2396 
0.3725 2.288214318e+12 9.193921876e+10 2413 
0.3775 2.209527538e+12 9.350042097e+10 2364 
0.3825 2.039007126e+12 8.267983545e+10 2437 
0.3875 1.936071172e+12 7.873548431e+10 2518 
0.3925 1.867505507e+12 7.461552978e+10 2516 
0.3975 1.634517732e+12 6.868350413e+10 2481 
0.4025 1.452478926e+12 5.621308128e+10 2506 
0.4075 1.569016331e+12 6.226336768e+10 2653 
0.4125 1.468211719e+12 5.60131522e+10 2664 
0.4175 1.287623823e+12 5.144132255e+10 2626 
0.4225 1.20936792e+12 4.604996605e+10 2666 
0.4275 1.175948643e+12 4.443324101e+10 2754 
0.4325 1.049896125e+12 4.021186588e+10 2702 
0.4375 1.089570347e+12 4.157436083e+10 2767 
0.4425 9.839846324e+11 3.600009643e+10 2891 
0.4475 9.855864782e+11 3.502800974e+10 2965 
0.4525 8.519634891e+11 3.07121971e+10 2881 
0.4575 8.665949438e+11 3.152814053e+10 2972 
0.4625 8.185086119e+11 2.856420807e+10 3029 
0.4675 7.263190261e+11 2.550413403e+10 2928 
0.4725 7.262692764e+11 2.606897573e+10 2937 
0.4775 7.1037815e+11 2.413827664e+10 3061 
0.4825 6.638267327e+11 2.264890626e+10 3121 
0.4875 6.406475071e+11 2.152073256e+10 3135 
0.4925 5.706733006e+11 1.887201278e+10 3083 
0.4975 5.763700174e+11 1.909439341e+10 3218 
