# Format: McCode with text headers
# URL: http://www.mccode.org
# Creator:  3.8.5, git
# Instrument: eqsans_sans.instr
# Ncount: 10000000
# Trace: no
# Gravitation: no
# Seed: 1790185527538259
# Directory: /Users/georgeyumnam/WORK/PANRAID/PaNRAID-results/Group2/panraidproject/scan_sans_sample/x+19_y+16
# Param: gx=0.019
# Param: gy=0.016
# Param: sample_on=1
# Param: R_sphere=100
# Param: Phi=0.01
# Param: bs_radius=0
# Param: samp_ap=0.01
# Date: Wed Sep 23 19:46:02 2026 (1790185562)
# type: array_1d(120)
# Source: EQ_SANS_sample (eqsans_sans.instr)
# component: lambda_det
# position: 0 0 22.28
# title: Wavelength monitor
# Ncount: 10000000
# filename: lambda_det.dat
# statistics: X0=4.41488; dX=1.07206;
# signal: Min=0; Max=4193.41; Mean=499.576;
# values: 59949.1 5940.56 1868
# xvar: L
# yvar: (I,I_err)
# xlabel: Wavelength [AA]
# ylabel: Intensity
# xlimits: 0 12
# variables: L I I_err N
0.05 0 0 0 
0.15 0 0 0 
0.25 0 0 0 
0.35 0 0 0 
0.45 0 0 0 
0.55 0 0 0 
0.65 0 0 0 
0.75 0 0 0 
0.85 0 0 0 
0.95 0 0 0 
1.05 0 0 0 
1.15 0 0 0 
1.25 0 0 0 
1.35 0 0 0 
1.45 0 0 0 
1.55 0 0 0 
1.65 0 0 0 
1.75 0 0 0 
1.85 0 0 0 
1.95 0 0 0 
2.05 0 0 0 
2.15 0 0 0 
2.25 0.0390534636 0.0390534636 1 
2.35 0 0 0 
2.45 0.2271457945 0.1865681999 2 
2.55 0.7475485312 0.6024058285 3 
2.65 7.69291906 6.581205538 6 
2.75 303.4418243 278.1387951 18 
2.85 1623.853468 980.7256796 70 
2.95 2250.120073 1272.131572 126 
3.05 1580.305352 1236.590994 124 
3.15 1724.454313 1102.240161 114 
3.25 3893.475005 1392.726334 87 
3.35 3580.94148 1570.976906 123 
3.45 1668.039035 1155.53371 93 
3.55 988.3999739 461.917467 86 
3.65 2296.563565 1149.115875 92 
3.75 1124.566844 484.3676171 80 
3.85 2116.869089 966.299338 58 
3.95 294.4418163 117.4570488 70 
4.05 2429.031748 1111.995019 61 
4.15 2308.788636 1169.264275 52 
4.25 2072.227531 1408.397275 53 
4.35 1084.147391 685.3929179 58 
4.45 4193.405518 1845.144714 56 
4.55 1567.074623 1104.111989 33 
4.65 2385.309458 1037.267835 33 
4.75 189.9881626 119.578311 33 
4.85 750.5373335 379.4948569 34 
4.95 1136.034761 603.4196937 35 
5.05 991.3320401 781.2085739 33 
5.15 989.4400035 590.6190505 17 
5.25 1202.808886 565.3826998 21 
5.35 990.3412167 654.4129085 24 
5.45 768.089989 423.5381068 17 
5.55 1026.79032 953.3464028 21 
5.65 1406.176762 773.6721437 17 
5.75 1080.167364 892.6190479 17 
5.85 1511.334752 1094.583548 12 
5.95 2245.767253 1457.974771 10 
6.05 1476.425994 1166.607366 16 
6.15 1410.4339 952.0101769 14 
6.25 890.7147029 642.5116189 11 
6.35 1070.601978 638.5162186 17 
6.45 885.7247876 637.739111 11 
6.55 421.1434582 373.1628401 7 
6.65 11.09522358 8.1612238 2 
6.75 0 0 0 
6.85 0 0 0 
6.95 0 0 0 
7.05 0 0 0 
7.15 0 0 0 
7.25 0 0 0 
7.35 0 0 0 
7.45 0 0 0 
7.55 0 0 0 
7.65 0 0 0 
7.75 0 0 0 
7.85 0 0 0 
7.95 0 0 0 
8.05 0 0 0 
8.15 0 0 0 
8.25 0 0 0 
8.35 0 0 0 
8.45 0 0 0 
8.55 0 0 0 
8.65 0 0 0 
8.75 0 0 0 
8.85 0 0 0 
8.95 0 0 0 
9.05 0 0 0 
9.15 0 0 0 
9.25 0 0 0 
9.35 0 0 0 
9.45 0 0 0 
9.55 0 0 0 
9.65 0 0 0 
9.75 0 0 0 
9.85 0 0 0 
9.95 0 0 0 
10.05 0 0 0 
10.15 0 0 0 
10.25 0 0 0 
10.35 0 0 0 
10.45 0 0 0 
10.55 0 0 0 
10.65 0 0 0 
10.75 0 0 0 
10.85 0 0 0 
10.95 0 0 0 
11.05 0 0 0 
11.15 0 0 0 
11.25 0 0 0 
11.35 0 0 0 
11.45 0 0 0 
11.55 0 0 0 
11.65 0 0 0 
11.75 0 0 0 
11.85 0 0 0 
11.95 0 0 0 
