# Format: McCode with text headers
# URL: http://www.mccode.org
# Creator:  3.8.5, git
# Instrument: eqsans_sans.instr
# Ncount: 10000000
# Trace: no
# Gravitation: no
# Seed: 1790181958516905
# Directory: /Users/georgeyumnam/WORK/PANRAID/PaNRAID-results/Group2/panraidproject/scan_sans_sample/x-06_y+16
# Param: gx=-0.006
# Param: gy=0.016
# Param: sample_on=1
# Param: R_sphere=100
# Param: Phi=0.01
# Param: bs_radius=0
# Param: samp_ap=0.01
# Date: Wed Sep 23 18:46:33 2026 (1790181993)
# type: array_1d(120)
# Source: EQ_SANS_sample (eqsans_sans.instr)
# component: lambda_det
# position: 0 0 22.28
# title: Wavelength monitor
# Ncount: 10000000
# filename: lambda_det.dat
# statistics: X0=4.17903; dX=0.963922;
# signal: Min=0; Max=7330.15; Mean=965.005;
# values: 115801 8032.65 3885
# xvar: L
# yvar: (I,I_err)
# xlabel: Wavelength [AA]
# ylabel: Intensity
# xlimits: 0 12
# variables: L I I_err N
0.05 0 0 0 
0.15 0 0 0 
0.25 0 0 0 
0.35 0 0 0 
0.45 0 0 0 
0.55 0 0 0 
0.65 0 0 0 
0.75 0 0 0 
0.85 0 0 0 
0.95 0 0 0 
1.05 0 0 0 
1.15 0 0 0 
1.25 0 0 0 
1.35 0 0 0 
1.45 0 0 0 
1.55 0 0 0 
1.65 0 0 0 
1.75 0 0 0 
1.85 0 0 0 
1.95 0 0 0 
2.05 0 0 0 
2.15 0 0 0 
2.25 0 0 0 
2.35 0.1287160284 0.1287160284 1 
2.45 11.56405807 8.516342774 10 
2.55 135.6641022 136.9245992 18 
2.65 1544.35834 926.7440571 47 
2.75 3451.220634 1315.578489 112 
2.85 2379.945363 1081.82686 202 
2.95 3763.609386 1235.733844 232 
3.05 4224.738858 1701.743029 237 
3.15 4106.972369 1531.14568 215 
3.25 3063.28879 1003.943327 219 
3.35 5491.135966 1726.939192 188 
3.45 6510.081417 2085.19286 225 
3.55 6092.939807 1999.095328 176 
3.65 2293.589537 910.49332 147 
3.75 1422.380944 812.0824826 150 
3.85 5769.315312 1970.638781 145 
3.95 2984.451014 1147.614108 113 
4.05 7330.150746 2399.982465 103 
4.15 4650.984126 1508.629322 117 
4.25 5796.245562 1961.526111 105 
4.35 4617.712474 1741.438303 104 
4.45 3291.094425 1306.556663 98 
4.55 1900.754079 780.1045161 92 
4.65 2191.441089 1300.220625 80 
4.75 2818.632734 1365.005803 86 
4.85 2802.136754 1152.297206 59 
4.95 1484.2859 793.8149365 71 
5.05 2668.094351 1208.804793 46 
5.15 1932.785486 827.669274 48 
5.25 2719.554209 1301.537802 52 
5.35 1902.804417 941.3982806 39 
5.45 1922.462331 890.7874312 45 
5.55 535.7153744 340.1868128 44 
5.65 2927.80212 1114.98626 42 
5.75 2060.505687 1025.090375 37 
5.85 2243.199316 987.3017908 42 
5.95 1118.809638 672.8624463 21 
6.05 1598.550915 1093.275211 27 
6.15 1782.155728 1075.286377 30 
6.25 790.0086266 582.157218 16 
6.35 457.1647914 402.0627247 22 
6.45 60.2921798 22.17337 12 
6.55 951.9098729 862.7697063 10 
6.65 0 0 0 
6.75 0 0 0 
6.85 0 0 0 
6.95 0 0 0 
7.05 0 0 0 
7.15 0 0 0 
7.25 0 0 0 
7.35 0 0 0 
7.45 0 0 0 
7.55 0 0 0 
7.65 0 0 0 
7.75 0 0 0 
7.85 0 0 0 
7.95 0 0 0 
8.05 0 0 0 
8.15 0 0 0 
8.25 0 0 0 
8.35 0 0 0 
8.45 0 0 0 
8.55 0 0 0 
8.65 0 0 0 
8.75 0 0 0 
8.85 0 0 0 
8.95 0 0 0 
9.05 0 0 0 
9.15 0 0 0 
9.25 0 0 0 
9.35 0 0 0 
9.45 0 0 0 
9.55 0 0 0 
9.65 0 0 0 
9.75 0 0 0 
9.85 0 0 0 
9.95 0 0 0 
10.05 0 0 0 
10.15 0 0 0 
10.25 0 0 0 
10.35 0 0 0 
10.45 0 0 0 
10.55 0 0 0 
10.65 0 0 0 
10.75 0 0 0 
10.85 0 0 0 
10.95 0 0 0 
11.05 0 0 0 
11.15 0 0 0 
11.25 0 0 0 
11.35 0 0 0 
11.45 0 0 0 
11.55 0 0 0 
11.65 0 0 0 
11.75 0 0 0 
11.85 0 0 0 
11.95 0 0 0 
