# Format: McCode with text headers
# URL: http://www.mccode.org
# Creator:  3.8.5, git
# Instrument: eqsans_sans.instr
# Ncount: 10000000
# Trace: no
# Gravitation: no
# Seed: 1790184733844869
# Directory: /Users/georgeyumnam/WORK/PANRAID/PaNRAID-results/Group2/panraidproject/scan_sans_sample/x+14_y-08
# Param: gx=0.014
# Param: gy=-0.008
# Param: sample_on=1
# Param: R_sphere=100
# Param: Phi=0.01
# Param: bs_radius=0
# Param: samp_ap=0.01
# Date: Wed Sep 23 19:32:48 2026 (1790184768)
# type: array_1d(100)
# Source: EQ_SANS_sample (eqsans_sans.instr)
# component: qmon
# position: 0 0 22.281
# title: QMonitor - Distribution in q (Radially averaged)
# Ncount: 10000000
# filename: qdet.dat
# statistics: X0=0.0130215; dX=0.00928885;
# signal: Min=0; Max=3.27361e+08; Mean=2.38659e+07;
# values: 2.38659e+09 2.92955e+08 3332
# xvar: q
# yvar: (I,I_err)
# xlabel: q [1 / AA]
# ylabel: I(q)
# xlimits: 0 0.151561
# variables: q I I_err N
0.0007578035702 0 0 0 
0.002273410711 0 0 0 
0.003789017851 327361079.9 172188077.3 5 
0.005304624991 259798855.5 147079273.5 4 
0.006820232132 229011736.4 100304177.3 6 
0.008335839272 182982402.9 72954263.16 7 
0.009851446413 245424426.1 94638407.04 9 
0.01136705355 110171070.9 45503097.71 9 
0.01288266069 122495983.7 52889474.17 7 
0.01439826783 87505675.9 35983318.51 9 
0.01591387497 178614595 54099727.77 17 
0.01742948211 95128723.39 40717422 9 
0.01894508925 83972017.03 26926084.33 13 
0.0204606964 60243804.31 23010097.39 10 
0.02197630354 60752564.02 18739812.03 17 
0.02349191068 107232724.5 30658761.23 20 
0.02500751782 44121310.35 17322611.81 15 
0.02652312496 33916670.87 9359776.528 18 
0.0280387321 36468407.59 12645785.65 14 
0.02955433924 23264679.41 6458149.436 21 
0.03106994638 13755615.33 4172782.083 18 
0.03258555352 19985827.48 6868780.51 24 
0.03410116066 12637366.9 3528382.479 28 
0.0356167678 12821468.33 4492806.917 22 
0.03713237494 6944818.17 2269751.641 19 
0.03864798208 6448962.989 2287465.91 35 
0.04016358922 2098269.566 1013034.229 26 
0.04167919636 2640577.197 1016491.735 30 
0.0431948035 1034672.391 367997.2587 21 
0.04471041064 843679.0179 272937.5331 34 
0.04622601778 539251.6249 158924.7836 40 
0.04774162492 1126111.668 371793.9693 35 
0.04925723206 648150.5073 172842.4806 28 
0.0507728392 884704.7663 180528.5395 34 
0.05228844634 944342.0948 181926.4496 39 
0.05380405348 853027.3752 161585.0542 42 
0.05531966062 789328.4191 174884.5345 33 
0.05683526776 1198385.329 233280.557 39 
0.05835087491 1350162.697 259431.3268 38 
0.05986648205 1167397.918 199810.6998 45 
0.06138208919 1238563.105 217219.0035 44 
0.06289769633 1073995.923 201559.0842 45 
0.06441330347 852080.861 165180.1111 48 
0.06592891061 777919.5552 141742.839 49 
0.06744451775 741882.9117 131751.7059 50 
0.06896012489 556546.8279 111080.0425 44 
0.07047573203 312439.9169 80519.24973 38 
0.07199133917 292281.9618 75374.58105 52 
0.07350694631 203337.1538 49813.25592 48 
0.07502255345 371940.4264 96344.37038 57 
0.07653816059 95862.11972 25573.16606 47 
0.07805376773 94942.59926 23189.01787 48 
0.07956937487 98525.71936 27902.22462 58 
0.08108498201 107383.3203 23259.1386 46 
0.08260058915 145998.2998 25122.48522 64 
0.08411619629 174900.1199 26965.29542 65 
0.08563180343 154631.4546 26047.54654 55 
0.08714741057 158367.3873 28590.16552 47 
0.08866301771 146070.5164 23741.71109 55 
0.09017862485 181503.8843 29663.99847 51 
0.09169423199 137299.5314 24461.54072 46 
0.09320983913 150399.6267 25905.58805 48 
0.09472544627 151402.0812 25293.78148 54 
0.09624105341 123932.9424 22803.74837 46 
0.09775666056 139101.018 24943.42587 49 
0.0992722677 147768.0098 22892.10781 63 
0.1007878748 77087.49499 15621.35208 46 
0.102303482 63381.20967 15019.35245 40 
0.1038190891 56148.45897 11316.13591 48 
0.1053346963 31185.89864 6935.793781 48 
0.1068503034 38515.80405 8618.146438 57 
0.1083659105 17783.20638 5502.954773 37 
0.1098815177 20913.057 5640.809756 49 
0.1113971248 19964.94488 4959.028544 37 
0.112912732 19042.80606 4399.229715 36 
0.1144283391 24793.42791 5211.628181 40 
0.1159439462 23129.47512 5072.496651 39 
0.1174595534 37976.06838 6290.982258 55 
0.1189751605 29948.53579 6213.32656 36 
0.1204907677 25953.80814 5494.006901 33 
0.1220063748 26579.54442 5772.10914 28 
0.1235219819 32123.26046 5852.316218 39 
0.1250375891 27127.49067 5784.533778 30 
0.1265531962 42555.92276 6894.966809 48 
0.1280688034 24755.28632 5638.508315 27 
0.1295844105 21448.62467 5104.128427 25 
0.1311000176 16148.6468 3877.767639 28 
0.1326156248 20051.14635 4376.054004 36 
0.1341312319 12460.72931 3674.220977 27 
0.1356468391 8585.910547 2426.559786 28 
0.1371624462 13774.1008 3143.664091 43 
0.1386780533 6543.51476 2509.195863 25 
0.1401936605 5952.820174 1616.999008 31 
0.1417092676 4086.75963 1167.43058 23 
0.1432248748 3710.398275 1171.411102 20 
0.1447404819 5440.599774 1373.428572 31 
0.146256089 5359.201376 1491.766595 21 
0.1477716962 3492.08433 1162.733413 20 
0.1492873033 6265.508121 1459.436675 25 
0.1508029105 5819.248941 1576.01276 19 
