# Format: McCode with text headers
# URL: http://www.mccode.org
# Creator:  3.8.5, git
# Instrument: eqsans_cylinder.instr
# Ncount: 5000000
# Trace: no
# Gravitation: no
# Seed: 1790195409764709
# Directory: /Users/georgeyumnam/WORK/PANRAID/PaNRAID-results/Group2/panraidproject/dataset_cylinder/cyl_001507
# Param: gx=0
# Param: gy=0
# Param: sample_on=1
# Param: bs_radius=0
# Param: samp_ap=0.01
# Param: sld=4.19626
# Param: sld_solvent=1
# Param: radius=68.9529
# Param: length=538.124
# Param: pd_radius=0.19757
# Param: pd_length=0.008578
# Param: model_scale=1
# Param: model_abs=0
# Date: Wed Sep 23 22:30:27 2026 (1790195427)
# type: array_1d(100)
# Source: EQ_SANS_cylinder (eqsans_cylinder.instr)
# component: qmon
# position: 0 0 22.281
# title: QMonitor - Distribution in q (Radially averaged)
# Ncount: 5000000
# filename: qdet.dat
# statistics: X0=0.0103152; dX=0.00946247;
# signal: Min=3.66281e+11; Max=2.33819e+16; Mean=1.93781e+15;
# values: 1.93781e+17 6.16134e+15 259772
# xvar: q
# yvar: (I,I_err)
# xlabel: q [1 / AA]
# ylabel: I(q)
# xlimits: 0 0.151561
# variables: q I I_err N
0.0007578035702 2.338194326e+16 4.733025385e+15 45 
0.002273410711 1.850524323e+16 2.242330447e+15 120 
0.003789017851 1.821264584e+16 1.662473222e+15 226 
0.005304624991 1.778128287e+16 1.632942083e+15 291 
0.006820232132 1.683987728e+16 1.528973162e+15 343 
0.008335839272 1.371368391e+16 1.029856086e+15 444 
0.009851446413 1.238791878e+16 7.808610745e+14 569 
0.01136705355 1.029962334e+16 6.02712745e+14 605 
0.01288266069 1.020639477e+16 5.842633732e+14 758 
0.01439826783 8.289153757e+15 4.632669164e+14 800 
0.01591387497 6.866113376e+15 4.250364764e+14 867 
0.01742948211 6.097113292e+15 2.918439458e+14 1009 
0.01894508925 5.090595536e+15 2.376024356e+14 1088 
0.0204606964 4.073053174e+15 1.939139154e+14 1069 
0.02197630354 3.576769223e+15 1.659468399e+14 1196 
0.02349191068 3.124167607e+15 1.337933762e+14 1288 
0.02500751782 2.592929753e+15 1.079949544e+14 1343 
0.02652312496 2.158937491e+15 8.107693905e+13 1524 
0.0280387321 1.723013107e+15 6.715261261e+13 1520 
0.02955433924 1.561989437e+15 6.332965419e+13 1648 
0.03106994638 1.317443507e+15 5.207328469e+13 1742 
0.03258555352 1.084647661e+15 4.176518659e+13 1759 
0.03410116066 8.133695071e+14 3.070522001e+13 1811 
0.0356167678 7.000632391e+14 2.491151634e+13 1928 
0.03713237494 5.816187505e+14 2.270163403e+13 2057 
0.03864798208 4.23957956e+14 1.539859768e+13 2058 
0.04016358922 3.607966216e+14 1.313772121e+13 2205 
0.04167919636 2.954083071e+14 1.036060425e+13 2329 
0.0431948035 2.19255593e+14 7.269772678e+12 2334 
0.04471041064 2.030519622e+14 7.246142116e+12 2484 
0.04622601778 1.545445042e+14 5.166348687e+12 2536 
0.04774162492 1.270131176e+14 4.649098042e+12 2592 
0.04925723206 1.044561274e+14 3.279619933e+12 2768 
0.0507728392 8.007391217e+13 2.557829952e+12 2730 
0.05228844634 6.99035921e+13 2.163909288e+12 2865 
0.05380405348 6.424898108e+13 1.847799831e+12 3059 
0.05531966062 5.496990417e+13 1.556269987e+12 3141 
0.05683526776 4.695804141e+13 1.306944929e+12 3086 
0.05835087491 4.455253684e+13 1.173284302e+12 3277 
0.05986648205 4.10972423e+13 1.059256119e+12 3351 
0.06138208919 3.936984084e+13 9.768361405e+11 3542 
0.06289769633 3.71846121e+13 9.242137222e+11 3431 
0.06441330347 3.235783219e+13 7.982669066e+11 3499 
0.06592891061 3.119106123e+13 7.75502971e+11 3501 
0.06744451775 2.93212918e+13 7.064672566e+11 3521 
0.06896012489 2.678844522e+13 6.454653162e+11 3501 
0.07047573203 2.599566735e+13 5.973860846e+11 3779 
0.07199133917 2.32046691e+13 5.369993501e+11 3665 
0.07350694631 2.128456642e+13 4.896006209e+11 3726 
0.07502255345 1.993406989e+13 4.527463731e+11 3776 
0.07653816059 1.900980405e+13 4.205631191e+11 3890 
0.07805376773 1.738887136e+13 3.823959396e+11 3943 
0.07956937487 1.54980649e+13 3.362300395e+11 3947 
0.08108498201 1.459814787e+13 3.174022646e+11 3999 
0.08260058915 1.269841755e+13 2.752701205e+11 3938 
0.08411619629 1.182395934e+13 2.540399359e+11 3972 
0.08563180343 1.123979778e+13 2.411837543e+11 4015 
0.08714741057 9.507408017e+12 2.068710675e+11 3935 
0.08866301771 9.036552132e+12 1.902880847e+11 4023 
0.09017862485 8.158012879e+12 1.766464652e+11 3924 
0.09169423199 7.71508479e+12 1.662129429e+11 3933 
0.09320983913 7.059955437e+12 1.51113853e+11 3937 
0.09472544627 6.291049242e+12 1.352757227e+11 3846 
0.09624105341 5.77310223e+12 1.265609706e+11 3780 
0.09775666056 5.232447591e+12 1.149873859e+11 3785 
0.0992722677 4.985542104e+12 1.086919916e+11 3752 
0.1007878748 4.484655635e+12 9.914085597e+10 3621 
0.102303482 4.340436059e+12 9.51650908e+10 3727 
0.1038190891 3.928880741e+12 8.658817102e+10 3642 
0.1053346963 3.876853866e+12 8.447682343e+10 3706 
0.1068503034 3.550578662e+12 7.803542386e+10 3672 
0.1083659105 3.06229112e+12 6.945389569e+10 3418 
0.1098815177 2.923073374e+12 6.610591164e+10 3388 
0.1113971248 2.707108433e+12 6.137966954e+10 3396 
0.112912732 2.528375177e+12 5.845059829e+10 3313 
0.1144283391 2.314424967e+12 5.318884134e+10 3270 
0.1159439462 2.204433653e+12 5.022581827e+10 3268 
0.1174595534 2.007059412e+12 4.661055326e+10 3170 
0.1189751605 1.841877074e+12 4.363237471e+10 3028 
0.1204907677 1.758874753e+12 4.162583528e+10 3070 
0.1220063748 1.590497425e+12 3.790511836e+10 2923 
0.1235219819 1.547486097e+12 3.673574362e+10 2951 
0.1250375891 1.396114301e+12 3.379599075e+10 2858 
0.1265531962 1.279895502e+12 3.119956112e+10 2759 
0.1280688034 1.186582795e+12 2.948568949e+10 2687 
0.1295844105 1.107986478e+12 2.760843598e+10 2659 
0.1311000176 9.983435075e+11 2.594345926e+10 2491 
0.1326156248 8.969034414e+11 2.33673292e+10 2407 
0.1341312319 8.45784035e+11 2.218460695e+10 2424 
0.1356468391 7.93506778e+11 2.082596292e+10 2393 
0.1371624462 7.261811605e+11 1.976688604e+10 2223 
0.1386780533 6.76020692e+11 1.864906081e+10 2189 
0.1401936605 6.440958355e+11 1.738293227e+10 2214 
0.1417092676 6.006092413e+11 1.641856376e+10 2149 
0.1432248748 5.562257241e+11 1.528304392e+10 2104 
0.1447404819 4.791407223e+11 1.392046194e+10 1913 
0.146256089 4.808535968e+11 1.39630189e+10 1890 
0.1477716962 4.344517447e+11 1.283395127e+10 1861 
0.1492873033 3.889441224e+11 1.151226938e+10 1829 
0.1508029105 3.662806125e+11 1.104060588e+10 1734 
