# Format: McCode with text headers
# URL: http://www.mccode.org
# Creator:  3.8.5, git
# Instrument: eqsans_sans.instr
# Ncount: 10000000
# Trace: no
# Gravitation: no
# Seed: 1790184804750599
# Directory: /Users/georgeyumnam/WORK/PANRAID/PaNRAID-results/Group2/panraidproject/scan_sans_sample/x+14_y+14
# Param: gx=0.014
# Param: gy=0.014
# Param: sample_on=1
# Param: R_sphere=100
# Param: Phi=0.01
# Param: bs_radius=0
# Param: samp_ap=0.01
# Date: Wed Sep 23 19:33:58 2026 (1790184838)
# type: array_1d(100)
# Source: EQ_SANS_sample (eqsans_sans.instr)
# component: qmon
# position: 0 0 22.281
# title: QMonitor - Radially averaged distribution
# Ncount: 10000000
# filename: rdet.dat
# statistics: X0=0.0682997; dX=0.0588584;
# signal: Min=0; Max=9.79175e+07; Mean=6.60208e+06;
# values: 6.60208e+08 1.23235e+08 1605
# xvar: r
# yvar: (I,I_err)
# xlabel: Radius [m]
# ylabel: I(r)
# xlimits: 0 0.5
# variables: r I I_err N
0.0025 0 0 0 
0.0075 97917523.31 97917523.31 1 
0.0125 0 0 0 
0.0175 27510686.88 27510686.88 1 
0.0225 30593429.49 30593429.49 1 
0.0275 0 0 0 
0.0325 48337112.39 28851475.57 3 
0.0375 47856455.81 27896392.58 3 
0.0425 78445351.6 32542242.82 7 
0.0475 31067318.99 19158418.2 3 
0.0525 24317415.83 12437125.44 4 
0.0575 3713997.757 3713997.757 1 
0.0625 13733511.77 8889920.955 3 
0.0675 10338511.73 7853342.045 2 
0.0725 16807369.49 9366962.849 4 
0.0775 8157627.641 6725713.312 2 
0.0825 15138531.12 8801521.963 3 
0.0875 11967017.93 5743541.437 5 
0.0925 23449477.05 9699778.797 7 
0.0975 13736837.43 8011717.913 3 
0.1025 6895365.622 3884053.455 5 
0.1075 13632744.37 4975577.409 11 
0.1125 9332390.731 5767168.632 5 
0.1175 8469897.863 3969728.672 8 
0.1225 7578348.037 4048306.532 7 
0.1275 14678928.01 5707938.775 9 
0.1325 7353601.018 4254344.89 5 
0.1375 3954529.683 2875081.968 5 
0.1425 7558940.784 3427250.472 10 
0.1475 5302030.036 2622764.419 8 
0.1525 12686679.78 4428881.69 18 
0.1575 10790741.73 4257923.774 13 
0.1625 2344162.388 1280739.489 9 
0.1675 2699849.512 1663037.683 8 
0.1725 4411148.143 2204612.433 12 
0.1775 4289699.165 2140139.657 11 
0.1825 7493849.538 2746238.394 15 
0.1875 1433687.895 865628.9724 8 
0.1925 4631581.364 1554292.1 16 
0.1975 918007.9636 524526.0083 11 
0.2025 2520986.018 1228264.647 14 
0.2075 2701718.272 1415198.119 15 
0.2125 1784653.842 1069061.535 12 
0.2175 1397830.213 776789.105 8 
0.2225 644766.0302 379771.0428 13 
0.2275 1704410.649 818568.8304 14 
0.2325 1107460.818 451563.2304 15 
0.2375 903278.6652 586182.643 19 
0.2425 378082.4911 362674.4622 6 
0.2475 491300.5248 214070.8663 11 
0.2525 768535.7839 413227.4616 16 
0.2575 444181.391 154605.3807 21 
0.2625 764143.2051 449858.8434 16 
0.2675 227865.3718 64757.70731 22 
0.2725 495651.3146 226976.6775 21 
0.2775 247502.1015 89504.13491 19 
0.2825 275548.8637 93485.30036 15 
0.2875 290841.0642 83071.56907 25 
0.2925 91393.80004 33075.57531 21 
0.2975 195829.8058 47540.85861 27 
0.3025 136354.317 42457.41738 16 
0.3075 102760.9251 34755.78419 19 
0.3125 117707.6992 35221.07001 21 
0.3175 148861.3594 69687.94441 21 
0.3225 106902.0026 35559.64937 16 
0.3275 87701.61281 29682.28999 17 
0.3325 157958.0862 41468.05549 23 
0.3375 106636.625 33045.31156 19 
0.3425 143545.2739 37702.14288 25 
0.3475 132728.0961 33162.1908 32 
0.3525 107531.0843 28335.79777 26 
0.3575 94947.48609 27885.92929 25 
0.3625 80415.64887 24453.64668 24 
0.3675 98180.7559 31832.09806 23 
0.3725 107269.983 29212.20003 27 
0.3775 80122.02031 26192.05683 23 
0.3825 84788.86241 28611.37148 22 
0.3875 75728.80899 22203.91316 22 
0.3925 53611.3936 18140.1858 20 
0.3975 50054.31101 18147.00767 18 
0.4025 68399.86062 21101.93861 24 
0.4075 53716.33815 19954.7703 20 
0.4125 114848.6542 29439.51477 33 
0.4175 76008.21822 22646.16649 33 
0.4225 43181.31634 14851.24901 26 
0.4275 59959.35785 20453.65054 23 
0.4325 59876.72812 18812.74338 34 
0.4375 83549.53938 26040.98121 29 
0.4425 37204.54831 16542.49639 17 
0.4475 79410.98066 23467.74897 29 
0.4525 80530.74748 24933.88457 32 
0.4575 37418.94687 14971.13663 25 
0.4625 47215.01907 17632.55829 24 
0.4675 47414.22808 14601.57973 37 
0.4725 68836.27197 22133.92308 37 
0.4775 77265.8101 21552.55134 39 
0.4825 20227.2448 5278.082869 30 
0.4875 30338.17237 11135.33441 29 
0.4925 31439.33086 12346.93088 35 
0.4975 37232.01496 11545.96795 33 
