# Format: McCode with text headers
# URL: http://www.mccode.org
# Creator:  3.8.5, git
# Instrument: eqsans_cylinder.instr
# Ncount: 5000000
# Trace: no
# Gravitation: no
# Seed: 1790192785309962
# Directory: /Users/georgeyumnam/WORK/PANRAID/PaNRAID-results/Group2/panraidproject/dataset_cylinder/cyl_000047
# Param: gx=0
# Param: gy=0
# Param: sample_on=1
# Param: bs_radius=0
# Param: samp_ap=0.01
# Param: sld=5.84543
# Param: sld_solvent=1
# Param: radius=30.1306
# Param: length=443.583
# Param: pd_radius=0.164674
# Param: pd_length=0.226995
# Param: model_scale=1
# Param: model_abs=0
# Date: Wed Sep 23 21:46:44 2026 (1790192804)
# type: array_1d(100)
# Source: EQ_SANS_cylinder (eqsans_cylinder.instr)
# component: qmon
# position: 0 0 22.281
# title: QMonitor - Distribution in q (Radially averaged)
# Ncount: 5000000
# filename: qdet.dat
# statistics: X0=0.0190142; dX=0.0179491;
# signal: Min=2.91592e+11; Max=1.28647e+15; Mean=1.65922e+14;
# values: 1.65922e+16 3.58013e+14 257315
# xvar: q
# yvar: (I,I_err)
# xlabel: q [1 / AA]
# ylabel: I(q)
# xlimits: 0 0.151561
# variables: q I I_err N
0.0007578035702 8.24568826e+14 2.392076599e+14 36 
0.002273410711 1.286470906e+15 1.704126591e+14 120 
0.003789017851 1.089236883e+15 1.161158581e+14 190 
0.005304624991 1.131570939e+15 9.364531126e+13 292 
0.006820232132 9.203398575e+14 7.506528333e+13 370 
0.008335839272 8.473457188e+14 5.66796656e+13 435 
0.009851446413 9.208385988e+14 6.153483319e+13 549 
0.01136705355 8.076541278e+14 4.80690548e+13 636 
0.01288266069 7.080069853e+14 3.721496113e+13 721 
0.01439826783 6.32986257e+14 3.253687003e+13 783 
0.01591387497 5.09365836e+14 2.515655063e+13 828 
0.01742948211 5.003696318e+14 2.317306709e+13 950 
0.01894508925 4.492855218e+14 2.008224711e+13 1016 
0.0204606964 4.599247456e+14 2.115775869e+13 1094 
0.02197630354 4.194711458e+14 1.726096567e+13 1220 
0.02349191068 3.736571761e+14 1.568033508e+13 1221 
0.02500751782 3.589397132e+14 1.380680195e+13 1397 
0.02652312496 3.223669687e+14 1.206118272e+13 1453 
0.0280387321 3.086017644e+14 1.077744419e+13 1581 
0.02955433924 2.870815089e+14 9.946265156e+12 1660 
0.03106994638 2.611920895e+14 8.675156384e+12 1724 
0.03258555352 2.349950304e+14 7.77559412e+12 1746 
0.03410116066 2.256834445e+14 7.234868986e+12 1891 
0.0356167678 2.073878063e+14 6.313693321e+12 1993 
0.03713237494 1.851729801e+14 5.562314826e+12 2009 
0.03864798208 1.771227308e+14 5.246200395e+12 2062 
0.04016358922 1.697900616e+14 5.030350551e+12 2190 
0.04167919636 1.595245284e+14 4.478234569e+12 2288 
0.0431948035 1.457681354e+14 3.941734414e+12 2415 
0.04471041064 1.321034743e+14 3.611070497e+12 2405 
0.04622601778 1.269272773e+14 3.362180362e+12 2550 
0.04774162492 1.131661867e+14 2.884978012e+12 2632 
0.04925723206 1.108000945e+14 2.827052932e+12 2690 
0.0507728392 9.75970649e+13 2.389867864e+12 2813 
0.05228844634 9.133875802e+13 2.229760886e+12 2844 
0.05380405348 8.631677245e+13 2.0891661e+12 2942 
0.05531966062 7.829887867e+13 1.839252583e+12 3032 
0.05683526776 7.204330894e+13 1.651956898e+12 3129 
0.05835087491 6.73789292e+13 1.524740329e+12 3199 
0.05986648205 6.434015579e+13 1.463019664e+12 3250 
0.06138208919 5.660167095e+13 1.268361598e+12 3293 
0.06289769633 5.401515331e+13 1.168415486e+12 3452 
0.06441330347 4.843571337e+13 1.05595407e+12 3381 
0.06592891061 4.719738488e+13 1.002944654e+12 3555 
0.06744451775 3.905454329e+13 8.306860143e+11 3498 
0.06896012489 3.911076743e+13 8.031721457e+11 3705 
0.07047573203 3.378674523e+13 7.074757986e+11 3572 
0.07199133917 3.170841455e+13 6.464790949e+11 3766 
0.07350694631 2.83974355e+13 5.717744554e+11 3764 
0.07502255345 2.592015904e+13 5.236447696e+11 3771 
0.07653816059 2.338698056e+13 4.735432371e+11 3825 
0.07805376773 2.109837347e+13 4.26892533e+11 3860 
0.07956937487 1.885391732e+13 3.787984473e+11 3829 
0.08108498201 1.78185571e+13 3.547316824e+11 3926 
0.08260058915 1.557622834e+13 3.078783048e+11 3958 
0.08411619629 1.385346848e+13 2.7634855e+11 3953 
0.08563180343 1.233791052e+13 2.472924015e+11 3909 
0.08714741057 1.117095477e+13 2.223576648e+11 3949 
0.08866301771 1.016870606e+13 2.031919411e+11 4001 
0.09017862485 8.975570583e+12 1.811355035e+11 3908 
0.09169423199 7.675032308e+12 1.585708025e+11 3827 
0.09320983913 6.733308442e+12 1.396344666e+11 3815 
0.09472544627 6.31228343e+12 1.298281439e+11 3957 
0.09624105341 5.48017725e+12 1.139519369e+11 3872 
0.09775666056 4.741336006e+12 1.015673704e+11 3683 
0.0992722677 4.090233609e+12 8.931175709e+10 3639 
0.1007878748 3.565796673e+12 7.979657445e+10 3571 
0.102303482 3.126965681e+12 7.014032405e+10 3597 
0.1038190891 2.78794179e+12 6.182084859e+10 3613 
0.1053346963 2.479316323e+12 5.627315933e+10 3542 
0.1068503034 2.256702405e+12 5.199872687e+10 3538 
0.1083659105 1.890668342e+12 4.494767889e+10 3412 
0.1098815177 1.701527162e+12 3.956441202e+10 3501 
0.1113971248 1.54184394e+12 3.735126873e+10 3369 
0.112912732 1.30087396e+12 3.211395537e+10 3249 
0.1144283391 1.173841453e+12 2.960718385e+10 3189 
0.1159439462 1.093118222e+12 2.729595627e+10 3219 
0.1174595534 9.431413871e+11 2.392737086e+10 3118 
0.1189751605 8.763334438e+11 2.26002983e+10 3035 
0.1204907677 8.28852116e+11 2.173952028e+10 3014 
0.1220063748 7.380537404e+11 1.946602575e+10 2983 
0.1235219819 6.852977355e+11 1.860219683e+10 2951 
0.1250375891 6.476575843e+11 1.838713381e+10 2754 
0.1265531962 6.241645434e+11 1.730757654e+10 2810 
0.1280688034 5.534638187e+11 1.607641018e+10 2630 
0.1295844105 5.32051678e+11 1.521012333e+10 2634 
0.1311000176 4.978780289e+11 1.476276402e+10 2543 
0.1326156248 4.411261792e+11 1.315693802e+10 2428 
0.1341312319 4.510501252e+11 1.391722725e+10 2405 
0.1356468391 4.297841987e+11 1.348134841e+10 2255 
0.1371624462 4.246045313e+11 1.325230727e+10 2319 
0.1386780533 4.077504898e+11 1.287707618e+10 2163 
0.1401936605 3.872290614e+11 1.219681809e+10 2148 
0.1417092676 3.677570166e+11 1.170709163e+10 2063 
0.1432248748 3.67927338e+11 1.19043792e+10 2050 
0.1447404819 3.456859034e+11 1.110776019e+10 1948 
0.146256089 3.261704676e+11 1.057360397e+10 1871 
0.1477716962 3.13942734e+11 1.02802768e+10 1815 
0.1492873033 2.966522614e+11 9717443586 1771 
0.1508029105 2.91591999e+11 9415341574 1783 
