# Format: McCode with text headers
# URL: http://www.mccode.org
# Creator:  3.8.5, git
# Instrument: eqsans_sans.instr
# Ncount: 10000000
# Trace: no
# Gravitation: no
# Seed: 1790184482973600
# Directory: /Users/georgeyumnam/WORK/PANRAID/PaNRAID-results/Group2/panraidproject/scan_sans_sample/x+12_y+00
# Param: gx=0.012
# Param: gy=0
# Param: sample_on=1
# Param: R_sphere=100
# Param: Phi=0.01
# Param: bs_radius=0
# Param: samp_ap=0.01
# Date: Wed Sep 23 19:28:37 2026 (1790184517)
# type: array_1d(120)
# Source: EQ_SANS_sample (eqsans_sans.instr)
# component: lambda_det
# position: 0 0 22.28
# title: Wavelength monitor
# Ncount: 10000000
# filename: lambda_det.dat
# statistics: X0=4.36579; dX=1.05157;
# signal: Min=0; Max=9445.93; Mean=1619.99;
# values: 194399 10768.3 6247
# xvar: L
# yvar: (I,I_err)
# xlabel: Wavelength [AA]
# ylabel: Intensity
# xlimits: 0 12
# variables: L I I_err N
0.05 0 0 0 
0.15 0 0 0 
0.25 0 0 0 
0.35 0 0 0 
0.45 0 0 0 
0.55 0 0 0 
0.65 0 0 0 
0.75 0 0 0 
0.85 0 0 0 
0.95 0 0 0 
1.05 0 0 0 
1.15 0 0 0 
1.25 0 0 0 
1.35 0 0 0 
1.45 0 0 0 
1.55 0 0 0 
1.65 0 0 0 
1.75 0 0 0 
1.85 0 0 0 
1.95 0 0 0 
2.05 0 0 0 
2.15 0.8131934118 0.9857930311 2 
2.25 0.0550718312 0.04158543153 2 
2.35 13.71114469 10.71407011 7 
2.45 15.6339833 10.9638438 16 
2.55 409.3397977 414.1558204 20 
2.65 811.8342356 697.4908981 53 
2.75 3844.635544 2119.423952 104 
2.85 3680.83196 1471.319359 274 
2.95 6008.507952 1980.047864 409 
3.05 9445.926537 2517.453728 402 
3.15 6688.838439 1886.047708 384 
3.25 8399.183048 2420.469646 348 
3.35 7357.362779 2226.711179 316 
3.45 7165.517143 2088.330228 318 
3.55 3108.164921 1054.94565 279 
3.65 4074.096084 1446.63164 233 
3.75 5833.652854 1683.367914 245 
3.85 7219.901069 2050.821034 229 
3.95 3387.184919 1355.178814 195 
4.05 9424.468072 2441.72134 187 
4.15 5054.364334 1681.795881 166 
4.25 7112.506868 1943.593348 175 
4.35 7702.614433 2163.545362 157 
4.45 8363.215678 2473.009784 141 
4.55 7506.727789 2069.909123 129 
4.65 5166.952296 1702.20795 135 
4.75 2250.918122 1013.361139 113 
4.85 2854.881783 987.7710921 99 
4.95 4743.306569 1849.529302 103 
5.05 5162.548457 1758.4228 105 
5.15 3733.318246 1299.375947 86 
5.25 4778.397232 1536.209449 106 
5.35 3171.648741 1348.29858 81 
5.45 5008.792741 1535.497415 79 
5.55 2956.323547 1319.47532 91 
5.65 3562.349591 1346.854051 59 
5.75 5647.000821 2017.561345 64 
5.85 1755.792512 835.4622911 52 
5.95 3922.70637 1648.809156 59 
6.05 1128.586681 443.7375864 46 
6.15 4511.778265 1707.847649 44 
6.25 3407.655688 1577.763073 30 
6.35 2889.783493 1066.424828 45 
6.45 2623.679973 1411.363926 34 
6.55 1423.387001 926.1661908 20 
6.65 1070.392467 804.8500982 5 
6.75 0 0 0 
6.85 0 0 0 
6.95 0 0 0 
7.05 0 0 0 
7.15 0 0 0 
7.25 0 0 0 
7.35 0 0 0 
7.45 0 0 0 
7.55 0 0 0 
7.65 0 0 0 
7.75 0 0 0 
7.85 0 0 0 
7.95 0 0 0 
8.05 0 0 0 
8.15 0 0 0 
8.25 0 0 0 
8.35 0 0 0 
8.45 0 0 0 
8.55 0 0 0 
8.65 0 0 0 
8.75 0 0 0 
8.85 0 0 0 
8.95 0 0 0 
9.05 0 0 0 
9.15 0 0 0 
9.25 0 0 0 
9.35 0 0 0 
9.45 0 0 0 
9.55 0 0 0 
9.65 0 0 0 
9.75 0 0 0 
9.85 0 0 0 
9.95 0 0 0 
10.05 0 0 0 
10.15 0 0 0 
10.25 0 0 0 
10.35 0 0 0 
10.45 0 0 0 
10.55 0 0 0 
10.65 0 0 0 
10.75 0 0 0 
10.85 0 0 0 
10.95 0 0 0 
11.05 0 0 0 
11.15 0 0 0 
11.25 0 0 0 
11.35 0 0 0 
11.45 0 0 0 
11.55 0 0 0 
11.65 0 0 0 
11.75 0 0 0 
11.85 0 0 0 
11.95 0 0 0 
