# Format: McCode with text headers
# URL: http://www.mccode.org
# Creator:  3.8.5, git
# Instrument: eqsans_sans.instr
# Ncount: 10000000
# Trace: no
# Gravitation: no
# Seed: 1790185175834592
# Directory: /Users/georgeyumnam/WORK/PANRAID/PaNRAID-results/Group2/panraidproject/scan_sans_sample/x+17_y-07
# Param: gx=0.017
# Param: gy=-0.007
# Param: sample_on=1
# Param: R_sphere=100
# Param: Phi=0.01
# Param: bs_radius=0
# Param: samp_ap=0.01
# Date: Wed Sep 23 19:40:10 2026 (1790185210)
# type: array_1d(100)
# Source: EQ_SANS_sample (eqsans_sans.instr)
# component: qmon
# position: 0 0 22.281
# title: QMonitor - Distribution in q (Radially averaged)
# Ncount: 10000000
# filename: qdet.dat
# statistics: X0=0.0116681; dX=0.010162;
# signal: Min=2845.61; Max=4.09149e+08; Mean=2.19214e+07;
# values: 2.19214e+09 4.63031e+08 3016
# xvar: q
# yvar: (I,I_err)
# xlabel: q [1 / AA]
# ylabel: I(q)
# xlimits: 0 0.151561
# variables: q I I_err N
0.0007578035702 409148590.9 409148590.9 1 
0.002273410711 82552576.78 82552576.78 1 
0.003789017851 69842002.01 69842002.01 1 
0.005304624991 90849246.34 56009597.24 3 
0.006820232132 166164512.6 94627355.48 4 
0.008335839272 181866703.8 68699916.87 9 
0.009851446413 238137096 89262930.78 10 
0.01136705355 155307314.8 62372402.88 8 
0.01288266069 96180529.25 47699507.95 6 
0.01439826783 102379874.5 35649133.75 11 
0.01591387497 54079043.8 35705252.71 4 
0.01742948211 59989975.63 30203160.93 6 
0.01894508925 65274777.98 21717922.38 12 
0.0204606964 63846044.12 22053647.17 14 
0.02197630354 61551000.3 17760581.06 15 
0.02349191068 37497116.22 13291648.1 13 
0.02500751782 44682763.24 16915387.89 16 
0.02652312496 43782553.09 14065635.18 20 
0.0280387321 34688280.39 10463545.46 21 
0.02955433924 38906658.52 13234792.28 17 
0.03106994638 14365302.25 4069818.734 20 
0.03258555352 27225294.91 6803728.956 29 
0.03410116066 12543905.78 3959614.797 19 
0.0356167678 10027096.92 4148102.513 25 
0.03713237494 3441461.273 1811794.695 20 
0.03864798208 2918830.538 1156631.078 26 
0.04016358922 3573160.053 1262561.733 27 
0.04167919636 2271105.249 804570.0972 35 
0.0431948035 2002693.154 999963.459 29 
0.04471041064 619364.8336 240986.1335 25 
0.04622601778 631160.1284 204564.3071 35 
0.04774162492 237558.7508 76549.57439 23 
0.04925723206 1082748.395 497627.4087 30 
0.0507728392 686114.5574 166409.0308 31 
0.05228844634 757493.3157 174998.0779 30 
0.05380405348 966777.7254 204490.8749 35 
0.05531966062 876342.2385 174238.248 36 
0.05683526776 806845.3184 171662.6062 33 
0.05835087491 1245117.548 228110.8527 44 
0.05986648205 775679.9909 171191.9702 33 
0.06138208919 1224514.665 218945.5607 42 
0.06289769633 827448.1825 181756.8784 36 
0.06441330347 794433.9731 171420.068 37 
0.06592891061 970916.402 178241.5107 49 
0.06744451775 389507.9501 81036.37428 40 
0.06896012489 531871.7266 111268.8264 42 
0.07047573203 284933.3522 71704.38708 38 
0.07199133917 274316.7078 64666.90291 44 
0.07350694631 184480.5203 39328.18524 53 
0.07502255345 92934.81528 27304.07653 45 
0.07653816059 101685.4957 27920.98177 56 
0.07805376773 140981.1675 39094.53305 48 
0.07956937487 114965.4138 49710.55645 45 
0.08108498201 82860.89907 15695.51117 52 
0.08260058915 112374.6446 20188.90627 56 
0.08411619629 151261.8014 27690.75228 52 
0.08563180343 99704.11639 20065.59923 43 
0.08714741057 162454.6721 26812.61674 53 
0.08866301771 165920.8925 28219.90973 44 
0.09017862485 116381.1601 23843.55242 32 
0.09169423199 227911.7913 34770.22442 55 
0.09320983913 174649.9768 29692.08829 49 
0.09472544627 161556.885 27180.862 49 
0.09624105341 87609.98767 17546.79546 36 
0.09775666056 102514.9973 20286.19375 41 
0.0992722677 100563.9351 18836.8875 48 
0.1007878748 55523.45698 15293.70107 28 
0.102303482 27195.50986 6842.864453 32 
0.1038190891 67386.61233 15100.5594 45 
0.1053346963 33434.8283 7700.54668 40 
0.1068503034 17985.95775 5456.747787 37 
0.1083659105 22946.04747 5272.714184 50 
0.1098815177 17320.69236 3981.682856 48 
0.1113971248 17740.32407 3821.947434 40 
0.112912732 11717.7822 3004.160575 33 
0.1144283391 28759.75766 6099.526997 43 
0.1159439462 20290.64751 4726.763993 33 
0.1174595534 21328.83156 4855.241782 32 
0.1189751605 25740.82069 5474.444407 33 
0.1204907677 24404.412 5090.916132 34 
0.1220063748 29385.20247 5760.578847 31 
0.1235219819 35089.48777 6343.918927 40 
0.1250375891 25679.49579 5304.624714 29 
0.1265531962 45314.13218 7693.808102 42 
0.1280688034 13242.44254 3628.831836 20 
0.1295844105 25518.88425 4976.931504 39 
0.1311000176 12812.83747 3366.295814 28 
0.1326156248 14979.075 3676.050656 30 
0.1341312319 14286.44873 3718.244161 26 
0.1356468391 11489.53629 3197.767671 26 
0.1371624462 8487.499975 2580.164924 22 
0.1386780533 2845.609974 949.8980402 15 
0.1401936605 5083.133299 1672.538832 22 
0.1417092676 6770.5884 2037.549239 29 
0.1432248748 4352.662032 1357.846486 24 
0.1447404819 7309.462108 2014.880103 26 
0.146256089 3433.388307 1112.771234 16 
0.1477716962 5033.697811 1583.072934 20 
0.1492873033 6512.311592 1848.974898 18 
0.1508029105 6669.678281 1577.830917 23 
