# Format: McCode with text headers
# URL: http://www.mccode.org
# Creator:  3.8.5, git
# Instrument: eqsans_cylinder.instr
# Ncount: 5000000
# Trace: no
# Gravitation: no
# Seed: 1790193521173042
# Directory: /Users/georgeyumnam/WORK/PANRAID/PaNRAID-results/Group2/panraidproject/dataset_cylinder/cyl_000457
# Param: gx=0
# Param: gy=0
# Param: sample_on=1
# Param: bs_radius=0
# Param: samp_ap=0.01
# Param: sld=6.08498
# Param: sld_solvent=1
# Param: radius=52.5899
# Param: length=597.668
# Param: pd_radius=0.152774
# Param: pd_length=0.033782
# Param: model_scale=1
# Param: model_abs=0
# Date: Wed Sep 23 21:58:58 2026 (1790193538)
# type: array_1d(100)
# Source: EQ_SANS_cylinder (eqsans_cylinder.instr)
# component: qmon
# position: 0 0 22.281
# title: QMonitor - Distribution in q (Radially averaged)
# Ncount: 5000000
# filename: qdet.dat
# statistics: X0=0.0125619; dX=0.0115776;
# signal: Min=7.4964e+11; Max=2.08134e+16; Mean=1.96352e+15;
# values: 1.96352e+17 4.65558e+15 254934
# xvar: q
# yvar: (I,I_err)
# xlabel: q [1 / AA]
# ylabel: I(q)
# xlimits: 0 0.151561
# variables: q I I_err N
0.0007578035702 1.583833689e+16 2.868272705e+15 48 
0.002273410711 2.081338595e+16 2.302575913e+15 139 
0.003789017851 1.685063881e+16 1.627278257e+15 198 
0.005304624991 1.466948653e+16 1.352229715e+15 286 
0.006820232132 1.384973547e+16 9.803660236e+14 374 
0.008335839272 1.315034312e+16 8.600215654e+14 449 
0.009851446413 1.263156246e+16 8.047476143e+14 568 
0.01136705355 1.11294103e+16 6.455549516e+14 618 
0.01288266069 9.235074168e+15 5.207892272e+14 676 
0.01439826783 8.3394477e+15 4.419164379e+14 800 
0.01591387497 7.990996041e+15 4.418125644e+14 889 
0.01742948211 6.524259504e+15 3.368597173e+14 952 
0.01894508925 5.587760353e+15 2.560862018e+14 991 
0.0204606964 4.968617303e+15 2.062476842e+14 1125 
0.02197630354 4.497566474e+15 1.831386691e+14 1248 
0.02349191068 3.570069733e+15 1.416311648e+14 1218 
0.02500751782 3.215186691e+15 1.238006235e+14 1326 
0.02652312496 3.058485123e+15 1.081769952e+14 1474 
0.0280387321 2.635006263e+15 9.155527211e+13 1544 
0.02955433924 2.309175593e+15 7.9125042e+13 1601 
0.03106994638 2.080562389e+15 6.984498324e+13 1700 
0.03258555352 1.773986129e+15 5.701866818e+13 1736 
0.03410116066 1.572688464e+15 4.819734859e+13 1927 
0.0356167678 1.330922981e+15 4.088727509e+13 1953 
0.03713237494 1.242245002e+15 3.716793495e+13 2038 
0.03864798208 1.019217632e+15 2.97093448e+13 2065 
0.04016358922 9.120669709e+14 2.719757307e+13 2146 
0.04167919636 8.529124867e+14 2.440839469e+13 2317 
0.0431948035 6.982239145e+14 1.973508508e+13 2363 
0.04471041064 6.014473201e+14 1.652353282e+13 2493 
0.04622601778 4.826973952e+14 1.361845286e+13 2448 
0.04774162492 4.150816209e+14 1.138851214e+13 2549 
0.04925723206 3.5991772e+14 9.577200148e+12 2712 
0.0507728392 2.961254503e+14 8.095068638e+12 2729 
0.05228844634 2.526759991e+14 6.698448516e+12 2940 
0.05380405348 2.097152128e+14 5.535544656e+12 2952 
0.05531966062 1.770492922e+14 4.778395157e+12 2996 
0.05683526776 1.474694702e+14 3.887170528e+12 3187 
0.05835087491 1.188936837e+14 3.306159954e+12 3135 
0.05986648205 1.012206007e+14 2.733287443e+12 3282 
0.06138208919 7.908129326e+13 2.240727282e+12 3258 
0.06289769633 6.904282407e+13 1.888443309e+12 3425 
0.06441330347 5.424590079e+13 1.472374418e+12 3477 
0.06592891061 4.594664088e+13 1.258975268e+12 3490 
0.06744451775 4.088912047e+13 1.097769321e+12 3608 
0.06896012489 3.387568494e+13 8.830416645e+11 3611 
0.07047573203 3.102635211e+13 8.115775621e+11 3664 
0.07199133917 2.724351595e+13 6.975089509e+11 3676 
0.07350694631 2.493959038e+13 6.334625318e+11 3657 
0.07502255345 2.309256815e+13 5.843793111e+11 3776 
0.07653816059 2.27076342e+13 5.602770256e+11 3788 
0.07805376773 2.155117719e+13 5.15069385e+11 3850 
0.07956937487 2.060027742e+13 5.014426706e+11 3788 
0.08108498201 1.975558532e+13 4.750949054e+11 3800 
0.08260058915 1.989174391e+13 4.655974186e+11 3905 
0.08411619629 1.934978814e+13 4.443904166e+11 3909 
0.08563180343 1.899400303e+13 4.287555691e+11 3848 
0.08714741057 1.833565035e+13 4.050449217e+11 3919 
0.08866301771 1.820931857e+13 3.990458168e+11 4003 
0.09017862485 1.74572538e+13 3.764196094e+11 3902 
0.09169423199 1.666922442e+13 3.604072573e+11 3868 
0.09320983913 1.638691483e+13 3.458480689e+11 3962 
0.09472544627 1.46982916e+13 3.168263363e+11 3741 
0.09624105341 1.43598715e+13 3.022219368e+11 3771 
0.09775666056 1.279929157e+13 2.719473342e+11 3630 
0.0992722677 1.250447687e+13 2.638543296e+11 3743 
0.1007878748 1.166513043e+13 2.4496023e+11 3703 
0.102303482 1.084236583e+13 2.250057621e+11 3714 
0.1038190891 9.882120036e+12 2.0993683e+11 3571 
0.1053346963 9.091331437e+12 1.947454356e+11 3512 
0.1068503034 8.164689236e+12 1.764797507e+11 3454 
0.1083659105 7.332397819e+12 1.577334238e+11 3428 
0.1098815177 6.818718458e+12 1.478784858e+11 3370 
0.1113971248 6.187898435e+12 1.359239053e+11 3349 
0.112912732 5.777252192e+12 1.292883158e+11 3231 
0.1144283391 4.845458635e+12 1.114206375e+11 3094 
0.1159439462 4.461854367e+12 1.022957727e+11 3130 
0.1174595534 4.342448785e+12 9.994048909e+10 3121 
0.1189751605 3.678651962e+12 8.68153266e+10 2952 
0.1204907677 3.331980064e+12 7.973240257e+10 2945 
0.1220063748 3.041338661e+12 7.408043484e+10 2820 
0.1235219819 2.938484058e+12 7.106794257e+10 2909 
0.1250375891 2.653632632e+12 6.51535214e+10 2779 
0.1265531962 2.43287704e+12 6.048222249e+10 2730 
0.1280688034 2.225130147e+12 5.674501209e+10 2598 
0.1295844105 2.044178001e+12 5.229494143e+10 2588 
0.1311000176 1.872770264e+12 4.891689425e+10 2531 
0.1326156248 1.716327672e+12 4.611467711e+10 2401 
0.1341312319 1.639563155e+12 4.410362207e+10 2364 
0.1356468391 1.497467243e+12 4.114240322e+10 2231 
0.1371624462 1.37716612e+12 3.792936793e+10 2214 
0.1386780533 1.300979979e+12 3.643906742e+10 2157 
0.1401936605 1.150340854e+12 3.306110566e+10 2012 
0.1417092676 1.129539833e+12 3.266015117e+10 1986 
0.1432248748 1.039033108e+12 3.025407829e+10 1954 
0.1447404819 9.371002698e+11 2.832253958e+10 1830 
0.146256089 9.286350831e+11 2.765375282e+10 1843 
0.1477716962 9.233174253e+11 2.753215583e+10 1812 
0.1492873033 7.496398607e+11 2.385158207e+10 1689 
0.1508029105 7.566615787e+11 2.383579335e+10 1651 
