# Format: McCode with text headers
# URL: http://www.mccode.org
# Creator:  3.8.5, git
# Instrument: eqsans_cylinder.instr
# Ncount: 5000000
# Trace: no
# Gravitation: no
# Seed: 1790194887763448
# Directory: /Users/georgeyumnam/WORK/PANRAID/PaNRAID-results/Group2/panraidproject/dataset_cylinder/cyl_001210
# Param: gx=0
# Param: gy=0
# Param: sample_on=1
# Param: bs_radius=0
# Param: samp_ap=0.01
# Param: sld=7.4779
# Param: sld_solvent=1
# Param: radius=24.3043
# Param: length=388.593
# Param: pd_radius=0.180593
# Param: pd_length=0.167029
# Param: model_scale=1
# Param: model_abs=0
# Date: Wed Sep 23 22:21:45 2026 (1790194905)
# type: array_1d(120)
# Source: EQ_SANS_cylinder (eqsans_cylinder.instr)
# component: lambda_det
# position: 0 0 22.28
# title: Wavelength monitor
# Ncount: 5000000
# filename: lambda_det.dat
# statistics: X0=4.3161; dX=1.01991;
# signal: Min=0; Max=3.76513e+10; Mean=8.32799e+09;
# values: 9.99359e+11 5.16177e+09 285485
# xvar: L
# yvar: (I,I_err)
# xlabel: Wavelength [AA]
# ylabel: Intensity
# xlimits: 0 12
# variables: L I I_err N
0.05 0 0 0 
0.15 0 0 0 
0.25 0 0 0 
0.35 0 0 0 
0.45 0 0 0 
0.55 0 0 0 
0.65 0 0 0 
0.75 0 0 0 
0.85 0 0 0 
0.95 0 0 0 
1.05 0 0 0 
1.15 0 0 0 
1.25 0 0 0 
1.35 0 0 0 
1.45 0 0 0 
1.55 0 0 0 
1.65 0 0 0 
1.75 0 0 0 
1.85 0 0 0 
1.95 0 0 0 
2.05 0 0 0 
2.15 45165678.55 19177182.63 50 
2.25 100992969.3 37225909.48 100 
2.35 123655753.9 40372343.34 100 
2.45 901103027 130263448 650 
2.55 1998017731 242236872.8 1249 
2.65 5725358104 393165997.6 3500 
2.75 1.358294997e+10 588761443.4 7950 
2.85 2.719923371e+10 881066600.4 14098 
2.95 3.536116666e+10 1041936150 17950 
3.05 3.631860867e+10 939958932.1 17149 
3.15 3.724688538e+10 968032795.9 16450 
3.25 3.765131789e+10 1042028609 15400 
3.35 3.650691745e+10 1041719177 14549 
3.45 3.454114017e+10 966797299.9 12698 
3.55 3.4409428e+10 885576762.8 12698 
3.65 3.389517568e+10 968824077.6 11800 
3.75 3.128578812e+10 819232505.4 9999 
3.85 3.493796816e+10 929615966.1 10800 
3.95 3.370700462e+10 923937841.8 9350 
4.05 3.612828727e+10 1018777968 9550 
4.15 3.395617824e+10 959148352.6 8450 
4.25 3.29503764e+10 913965838.8 7950 
4.35 3.170082734e+10 875868122.2 7550 
4.45 2.443265902e+10 696807850 6100 
4.55 2.770221363e+10 837450212.3 6050 
4.65 2.239165023e+10 781450082.5 4799 
4.75 3.01648133e+10 943209731.7 6000 
4.85 2.77498214e+10 865296251.4 5500 
4.95 2.36838791e+10 752114647.2 4600 
5.05 2.504027468e+10 835350501.1 4549 
5.15 2.414068853e+10 762903336.5 4199 
5.25 2.016957133e+10 725046719.2 3750 
5.35 1.99592221e+10 703055063.4 3400 
5.45 1.871457023e+10 698666006.7 2950 
5.55 2.305776131e+10 801377142.1 3600 
5.65 1.51435511e+10 607372070.4 2500 
5.75 1.562258192e+10 617322380.6 2300 
5.85 2.385510885e+10 925767282.4 3200 
5.95 1.437670655e+10 625968090.1 2149 
6.05 1.690048047e+10 880330554.1 2150 
6.15 1.546659657e+10 644255752.3 2099 
6.25 1.313311053e+10 537003286.9 1850 
6.35 1.284849733e+10 583059146 1750 
6.45 1.080107842e+10 513196543.3 1400 
6.55 3045146741 288110826.1 450 
6.65 685655191.6 109169264.5 100 
6.75 0 0 0 
6.85 0 0 0 
6.95 0 0 0 
7.05 0 0 0 
7.15 0 0 0 
7.25 0 0 0 
7.35 0 0 0 
7.45 0 0 0 
7.55 0 0 0 
7.65 0 0 0 
7.75 0 0 0 
7.85 0 0 0 
7.95 0 0 0 
8.05 0 0 0 
8.15 0 0 0 
8.25 0 0 0 
8.35 0 0 0 
8.45 0 0 0 
8.55 0 0 0 
8.65 0 0 0 
8.75 0 0 0 
8.85 0 0 0 
8.95 0 0 0 
9.05 0 0 0 
9.15 0 0 0 
9.25 0 0 0 
9.35 0 0 0 
9.45 0 0 0 
9.55 0 0 0 
9.65 0 0 0 
9.75 0 0 0 
9.85 0 0 0 
9.95 0 0 0 
10.05 0 0 0 
10.15 0 0 0 
10.25 0 0 0 
10.35 0 0 0 
10.45 0 0 0 
10.55 0 0 0 
10.65 0 0 0 
10.75 0 0 0 
10.85 0 0 0 
10.95 0 0 0 
11.05 0 0 0 
11.15 0 0 0 
11.25 0 0 0 
11.35 0 0 0 
11.45 0 0 0 
11.55 0 0 0 
11.65 0 0 0 
11.75 0 0 0 
11.85 0 0 0 
11.95 0 0 0 
