# Format: McCode with text headers
# URL: http://www.mccode.org
# Creator:  3.8.5, git
# Instrument: eqsans_sans.instr
# Ncount: 10000000
# Trace: no
# Gravitation: no
# Seed: 1790183044525508
# Directory: /Users/georgeyumnam/WORK/PANRAID/PaNRAID-results/Group2/panraidproject/scan_sans_sample/x+02_y-01
# Param: gx=0.002
# Param: gy=-0.001
# Param: sample_on=1
# Param: R_sphere=100
# Param: Phi=0.01
# Param: bs_radius=0
# Param: samp_ap=0.01
# Date: Wed Sep 23 19:04:41 2026 (1790183081)
# type: array_1d(100)
# Source: EQ_SANS_sample (eqsans_sans.instr)
# component: qmon
# position: 0 0 22.281
# title: QMonitor - Radially averaged distribution
# Ncount: 10000000
# filename: rdet.dat
# statistics: X0=0.0617701; dX=0.0547173;
# signal: Min=90851.1; Max=2.87435e+08; Mean=2.7963e+07;
# values: 2.7963e+09 3.48779e+08 5609
# xvar: r
# yvar: (I,I_err)
# xlabel: Radius [m]
# ylabel: I(r)
# xlimits: 0 0.5
# variables: r I I_err N
0.0025 287434658.7 287434658.7 1 
0.0075 149816219.4 107387392.6 2 
0.0125 162439126.2 85306162.24 4 
0.0175 114265025.5 57820146.24 4 
0.0225 79742302.32 42920247.88 4 
0.0275 200733712.8 64477150.06 10 
0.0325 97281460.93 38279057.42 7 
0.0375 100296128.9 39395044.36 7 
0.0425 103163085.9 35003615.45 10 
0.0475 105989142.8 31900897.77 12 
0.0525 101555080.8 30164159.82 12 
0.0575 117446964 30136305.74 18 
0.0625 86181056.5 24175307.99 17 
0.0675 94868870.5 25259167.8 16 
0.0725 89832879.79 23659634.3 17 
0.0775 87845435.05 22764447.55 19 
0.0825 49355032.63 14690030.57 14 
0.0875 74759707.9 18085173.6 23 
0.0925 66588282.3 16668870.6 22 
0.0975 46347218.34 11746179.7 19 
0.1025 59270041.77 14170474.21 21 
0.1075 52946764.96 12848136.65 30 
0.1125 37547406.12 9534136.764 22 
0.1175 43082668.81 10096453.02 26 
0.1225 48016140.4 9966784.673 34 
0.1275 37916596.14 9056307.018 30 
0.1325 26549604.58 6512419.956 25 
0.1375 33099143.6 7344095.481 40 
0.1425 23624884.75 5774395.084 32 
0.1475 32606429.6 7043499.163 43 
0.1525 28560535.39 6331869.438 41 
0.1575 15069224.85 3797353.14 36 
0.1625 11228385.26 3142128.377 38 
0.1675 14659389.64 3634243.959 36 
0.1725 9626679.214 2651983.266 45 
0.1775 14478195.47 3659715.345 39 
0.1825 9715592.185 2457624.323 42 
0.1875 10519837.78 2942954.222 42 
0.1925 4575476.027 1111311.75 43 
0.1975 7596442.008 2292504.045 45 
0.2025 6031420.199 1639770.542 45 
0.2075 5949466.014 1484574.441 45 
0.2125 5965370.967 1761632.345 42 
0.2175 4206880.405 1387714.645 42 
0.2225 3174019.133 779946.6859 58 
0.2275 1827716.262 614507.8133 47 
0.2325 4522945.349 1338118.37 57 
0.2375 1917186.969 534316.8368 55 
0.2425 2588798.695 938994.4014 39 
0.2475 1329547.401 448762.9009 54 
0.2525 1957039.961 582782.3831 51 
0.2575 1333231.804 350011.279 50 
0.2625 1415575.06 358442.7401 65 
0.2675 2003474.929 598584.2197 66 
0.2725 899110.6903 260556.0229 60 
0.2775 794646.2428 183677.9803 60 
0.2825 574154.1338 109722.3135 59 
0.2875 686416.3558 145075.1238 51 
0.2925 918096.6064 239008.2184 70 
0.2975 696037.6485 166778.4537 71 
0.3025 648529.3953 152246.6275 64 
0.3075 490142.6611 82301.90645 68 
0.3125 476545.2234 82071.926 65 
0.3175 557983.9968 145681.3036 67 
0.3225 478491.1257 107552.9076 78 
0.3275 467336.4938 93247.88158 81 
0.3325 434634.6906 70875.71984 74 
0.3375 347944.8117 69017.58741 74 
0.3425 516833.0875 87824.48404 90 
0.3475 302918.8802 53937.08123 64 
0.3525 311963.5249 55550.32421 70 
0.3575 348916.8535 58261.32339 88 
0.3625 201345.3256 39526.44852 64 
0.3675 360482.2482 57469.05902 83 
0.3725 268666.4411 45181.50492 81 
0.3775 212951.9518 36761.13503 80 
0.3825 279518.4358 43417.86815 101 
0.3875 261359.6235 45052.94338 89 
0.3925 239749.6591 43418.21306 89 
0.3975 236866.1467 40144.58951 90 
0.4025 240335.5803 41901.37819 84 
0.4075 257503.7783 39427.19267 112 
0.4125 208649.5528 35353.03027 97 
0.4175 245588.1781 39352.79962 97 
0.4225 289024.9838 42829.40079 116 
0.4275 188574.3806 36570.53706 94 
0.4325 179168.4596 32291.33434 94 
0.4375 188832.2233 35823.7621 92 
0.4425 154134.9154 28182.73115 89 
0.4475 166833.2482 31844.2688 91 
0.4525 128915.5406 23670.88644 88 
0.4575 158694.9674 28041.76155 108 
0.4625 150371.5658 25513.1974 108 
0.4675 127046.4326 24916.83771 89 
0.4725 141846.5539 26527.98673 101 
0.4775 152918.4738 30217.61623 94 
0.4825 144481.9774 24743.30438 119 
0.4875 90851.09216 19577.0913 101 
0.4925 102381.1928 19839.81219 103 
0.4975 119827.5434 21237.32061 137 
