# Format: McCode with text headers
# URL: http://www.mccode.org
# Creator:  3.8.5, git
# Instrument: eqsans_cylinder.instr
# Ncount: 5000000
# Trace: no
# Gravitation: no
# Seed: 1790193197979380
# Directory: /Users/georgeyumnam/WORK/PANRAID/PaNRAID-results/Group2/panraidproject/dataset_cylinder/cyl_000273
# Param: gx=0
# Param: gy=0
# Param: sample_on=1
# Param: bs_radius=0
# Param: samp_ap=0.01
# Param: sld=5.18264
# Param: sld_solvent=1
# Param: radius=28.1048
# Param: length=240.44
# Param: pd_radius=0.211672
# Param: pd_length=0.241533
# Param: model_scale=1
# Param: model_abs=0
# Date: Wed Sep 23 21:53:35 2026 (1790193215)
# type: array_1d(100)
# Source: EQ_SANS_cylinder (eqsans_cylinder.instr)
# component: qmon
# position: 0 0 22.281
# title: QMonitor - Distribution in q (Radially averaged)
# Ncount: 5000000
# filename: qdet.dat
# statistics: X0=0.0215665; dX=0.019378;
# signal: Min=1.06541e+11; Max=2.66434e+14; Mean=4.61314e+13;
# values: 4.61314e+15 1.02655e+14 253440
# xvar: q
# yvar: (I,I_err)
# xlabel: q [1 / AA]
# ylabel: I(q)
# xlimits: 0 0.151561
# variables: q I I_err N
0.0007578035702 2.629727622e+14 8.160123503e+13 34 
0.002273410711 2.372447481e+14 3.328457518e+13 114 
0.003789017851 2.654024183e+14 2.832050577e+13 226 
0.005304624991 2.058497002e+14 2.033112089e+13 241 
0.006820232132 2.664338111e+14 2.200789316e+13 387 
0.008335839272 2.281715731e+14 1.629275502e+13 464 
0.009851446413 1.977048456e+14 1.331480769e+13 519 
0.01136705355 1.824324499e+14 1.098016435e+13 572 
0.01288266069 1.823437562e+14 1.110577135e+13 684 
0.01439826783 1.748819669e+14 9.91983697e+12 785 
0.01591387497 1.75711202e+14 9.295244706e+12 844 
0.01742948211 1.505793256e+14 8.250681888e+12 910 
0.01894508925 1.598540369e+14 7.981065447e+12 1025 
0.0204606964 1.330718688e+14 6.482616718e+12 1100 
0.02197630354 1.201568095e+14 5.664198357e+12 1100 
0.02349191068 1.136485147e+14 5.035761627e+12 1276 
0.02500751782 1.083497047e+14 4.500413288e+12 1312 
0.02652312496 1.059673604e+14 4.260722233e+12 1435 
0.0280387321 9.820677901e+13 3.970372989e+12 1495 
0.02955433924 8.389113824e+13 3.124425238e+12 1537 
0.03106994638 8.151955313e+13 2.866238083e+12 1676 
0.03258555352 7.850155881e+13 2.671045454e+12 1779 
0.03410116066 7.228249022e+13 2.548405529e+12 1872 
0.0356167678 6.876940692e+13 2.27164814e+12 1989 
0.03713237494 6.16657665e+13 2.004083945e+12 1927 
0.03864798208 5.976348621e+13 1.959850753e+12 2059 
0.04016358922 5.402182806e+13 1.697629891e+12 2121 
0.04167919636 4.780304941e+13 1.44831941e+12 2181 
0.0431948035 4.596758806e+13 1.37300262e+12 2289 
0.04471041064 4.474839909e+13 1.279312403e+12 2435 
0.04622601778 4.34321437e+13 1.163167745e+12 2595 
0.04774162492 3.857745426e+13 1.037428089e+12 2543 
0.04925723206 3.559680893e+13 9.527395282e+11 2674 
0.0507728392 3.401994659e+13 8.983186059e+11 2729 
0.05228844634 3.039586201e+13 7.833408787e+11 2752 
0.05380405348 2.927487154e+13 7.689100454e+11 2833 
0.05531966062 2.771706391e+13 6.976864508e+11 3018 
0.05683526776 2.523371896e+13 6.256277941e+11 3026 
0.05835087491 2.405002101e+13 5.81090492e+11 3194 
0.05986648205 2.196319166e+13 5.175796742e+11 3244 
0.06138208919 2.032515604e+13 4.781188929e+11 3282 
0.06289769633 1.873817611e+13 4.317342584e+11 3390 
0.06441330347 1.71653673e+13 3.936616109e+11 3355 
0.06592891061 1.588661096e+13 3.602643801e+11 3412 
0.06744451775 1.463176102e+13 3.19902112e+11 3482 
0.06896012489 1.345768734e+13 2.961195415e+11 3565 
0.07047573203 1.220477429e+13 2.581002748e+11 3590 
0.07199133917 1.129403762e+13 2.396074121e+11 3692 
0.07350694631 1.07578909e+13 2.256123137e+11 3736 
0.07502255345 9.761903775e+12 2.016141845e+11 3742 
0.07653816059 8.677292808e+12 1.806694428e+11 3695 
0.07805376773 7.899555765e+12 1.615711302e+11 3797 
0.07956937487 7.158528513e+12 1.450623273e+11 3796 
0.08108498201 6.629581089e+12 1.377495434e+11 3813 
0.08260058915 6.193207365e+12 1.238698571e+11 3923 
0.08411619629 5.384133299e+12 1.105479672e+11 3768 
0.08563180343 5.028533359e+12 1.008694887e+11 3908 
0.08714741057 4.355526599e+12 8.7469727e+10 3831 
0.08866301771 4.025584957e+12 8.017171344e+10 3915 
0.09017862485 3.50563086e+12 7.137066496e+10 3810 
0.09169423199 3.16922546e+12 6.449528692e+10 3763 
0.09320983913 2.934114333e+12 5.904556181e+10 3863 
0.09472544627 2.596157966e+12 5.286284612e+10 3758 
0.09624105341 2.388956811e+12 4.872055229e+10 3797 
0.09775666056 2.148938021e+12 4.444250361e+10 3729 
0.0992722677 1.868893433e+12 3.843843171e+10 3710 
0.1007878748 1.657775202e+12 3.447649716e+10 3640 
0.102303482 1.540498117e+12 3.228860077e+10 3614 
0.1038190891 1.335002761e+12 2.799917493e+10 3658 
0.1053346963 1.184513501e+12 2.555168668e+10 3462 
0.1068503034 1.076528003e+12 2.349803062e+10 3473 
0.1083659105 9.322911028e+11 2.078249474e+10 3324 
0.1098815177 8.513886194e+11 1.861121679e+10 3382 
0.1113971248 8.159488312e+11 1.814485858e+10 3404 
0.112912732 6.872902061e+11 1.598070029e+10 3213 
0.1144283391 6.187472508e+11 1.43327373e+10 3161 
0.1159439462 5.612608238e+11 1.320061523e+10 3133 
0.1174595534 4.951928783e+11 1.182636473e+10 3040 
0.1189751605 4.631683744e+11 1.10759915e+10 3033 
0.1204907677 4.205172018e+11 1.030146109e+10 2989 
0.1220063748 4.073779964e+11 9991561651 3022 
0.1235219819 3.476685957e+11 8885973700 2771 
0.1250375891 3.215302894e+11 8498287101 2704 
0.1265531962 3.11735317e+11 7928055887 2769 
0.1280688034 2.792460747e+11 7384711727 2700 
0.1295844105 2.668601819e+11 7055961127 2695 
0.1311000176 2.358992634e+11 6629346427 2513 
0.1326156248 2.111841349e+11 5837342388 2452 
0.1341312319 1.96344672e+11 5648229189 2306 
0.1356468391 1.845114488e+11 5560184264 2269 
0.1371624462 1.885811614e+11 5497470828 2330 
0.1386780533 1.672503159e+11 4988175502 2155 
0.1401936605 1.570225019e+11 4798670737 2144 
0.1417092676 1.415548856e+11 4407209878 2041 
0.1432248748 1.385701512e+11 4329819901 1979 
0.1447404819 1.318488501e+11 4257853665 1900 
0.146256089 1.196811648e+11 4019762259 1835 
0.1477716962 1.101285078e+11 3763420675 1749 
0.1492873033 1.09007195e+11 3664363977 1727 
0.1508029105 1.065410433e+11 3513728919 1735 
