# Format: McCode with text headers
# URL: http://www.mccode.org
# Creator:  3.8.5, git
# Instrument: eqsans_1_fixed.instr
# Ncount: 1000000
# Trace: no
# Gravitation: no
# Seed: 1790169478029831
# Directory: /Users/georgeyumnam/WORK/PANRAID/PaNRAID-results/Group2/panraidproject/scan_guide_xy/x-20_y-03
# Param: gx=-0.02
# Param: gy=-0.003
# Date: Wed Sep 23 15:18:01 2026 (1790169481)
# type: array_1d(120)
# Source: EQ_SANS (eqsans_1_fixed.instr)
# component: lambda_det
# position: 0 0 22.28
# title: Wavelength monitor
# Ncount: 1000000
# filename: lambda_det.dat
# statistics: X0=4.00451; dX=0.985209;
# signal: Min=0; Max=2.42627e+06; Mean=363894;
# values: 4.36673e+07 540040 10965
# xvar: L
# yvar: (I,I_err)
# xlabel: Wavelength [AA]
# ylabel: Intensity
# xlimits: 0 12
# variables: L I I_err N
0.05 0 0 0 
0.15 0 0 0 
0.25 0 0 0 
0.35 0 0 0 
0.45 0 0 0 
0.55 0 0 0 
0.65 0 0 0 
0.75 0 0 0 
0.85 0 0 0 
0.95 0 0 0 
1.05 0 0 0 
1.15 0 0 0 
1.25 0 0 0 
1.35 0 0 0 
1.45 0 0 0 
1.55 0 0 0 
1.65 0 0 0 
1.75 0 0 0 
1.85 0 0 0 
1.95 0 0 0 
2.05 0 0 0 
2.15 7333.966582 8982.237738 2 
2.25 18419.83373 11755.34153 5 
2.35 21266.82448 12889.0935 3 
2.45 116791.2828 27299.98659 27 
2.55 160985.8053 31432.44181 49 
2.65 409820.7976 52395.80741 103 
2.75 1471404.257 99415.51376 341 
2.85 2250036.073 121877.2537 579 
2.95 2426273.373 128938.8623 595 
3.05 2242288.684 121060.9122 597 
3.15 2179942.602 120993.6517 547 
3.25 1955944.143 114726.4849 498 
3.35 1999144.805 116406.1198 497 
3.45 1655133.986 103805.3321 443 
3.55 1837025.066 112114.1749 427 
3.65 1794645.257 109377.8132 435 
3.75 1637929.606 103965.6719 409 
3.85 1393084.337 94052.07205 372 
3.95 1417915.141 96733.38223 359 
4.05 1487847.857 99548.44038 363 
4.15 1280678.243 94045.54597 310 
4.25 1102283.94 85529.6675 277 
4.35 1082412.382 85507.3068 269 
4.45 1080980.322 83985.58309 280 
4.55 1105002.446 85120.44159 279 
4.65 848788.7646 73779.61145 235 
4.75 924091.7894 79657.01233 236 
4.85 900716.3102 77518.71315 223 
4.95 792017.1203 73870.44028 216 
5.05 768902.5151 72098.39596 182 
5.15 683748.431 68103.4123 171 
5.25 691568.2837 68649.02311 175 
5.35 620787.9939 64501.13328 153 
5.45 591819.8027 61850.40514 152 
5.55 624453.5962 66412.93787 136 
5.65 637162.0143 65376.85301 151 
5.75 553860.4243 61023.34224 145 
5.85 550483.1528 60733.05464 138 
5.95 605164.7446 64308.40476 132 
6.05 330663.0748 46416.45091 93 
6.15 387747.1035 51168.37251 107 
6.25 389437.5992 52543.54475 94 
6.35 329997.6559 47808.25348 74 
6.45 266707.2889 42507.44131 73 
6.55 34062.62329 15716.04688 12 
6.65 501.7260694 501.7260694 1 
6.75 0 0 0 
6.85 0 0 0 
6.95 0 0 0 
7.05 0 0 0 
7.15 0 0 0 
7.25 0 0 0 
7.35 0 0 0 
7.45 0 0 0 
7.55 0 0 0 
7.65 0 0 0 
7.75 0 0 0 
7.85 0 0 0 
7.95 0 0 0 
8.05 0 0 0 
8.15 0 0 0 
8.25 0 0 0 
8.35 0 0 0 
8.45 0 0 0 
8.55 0 0 0 
8.65 0 0 0 
8.75 0 0 0 
8.85 0 0 0 
8.95 0 0 0 
9.05 0 0 0 
9.15 0 0 0 
9.25 0 0 0 
9.35 0 0 0 
9.45 0 0 0 
9.55 0 0 0 
9.65 0 0 0 
9.75 0 0 0 
9.85 0 0 0 
9.95 0 0 0 
10.05 0 0 0 
10.15 0 0 0 
10.25 0 0 0 
10.35 0 0 0 
10.45 0 0 0 
10.55 0 0 0 
10.65 0 0 0 
10.75 0 0 0 
10.85 0 0 0 
10.95 0 0 0 
11.05 0 0 0 
11.15 0 0 0 
11.25 0 0 0 
11.35 0 0 0 
11.45 0 0 0 
11.55 0 0 0 
11.65 0 0 0 
11.75 0 0 0 
11.85 0 0 0 
11.95 0 0 0 
