# Format: McCode with text headers
# URL: http://www.mccode.org
# Creator:  3.8.5, git
# Instrument: eqsans_cylinder.instr
# Ncount: 5000000
# Trace: no
# Gravitation: no
# Seed: 1790195533181383
# Directory: /Users/georgeyumnam/WORK/PANRAID/PaNRAID-results/Group2/panraidproject/dataset_cylinder/cyl_001575
# Param: gx=0
# Param: gy=0
# Param: sample_on=1
# Param: bs_radius=0
# Param: samp_ap=0.01
# Param: sld=1.15613
# Param: sld_solvent=1
# Param: radius=46.4791
# Param: length=790.124
# Param: pd_radius=0.035092
# Param: pd_length=0.116975
# Param: model_scale=1
# Param: model_abs=0
# Date: Wed Sep 23 22:32:31 2026 (1790195551)
# type: array_1d(100)
# Source: EQ_SANS_cylinder (eqsans_cylinder.instr)
# component: qmon
# position: 0 0 22.281
# title: QMonitor - Distribution in q (Radially averaged)
# Ncount: 5000000
# filename: qdet.dat
# statistics: X0=0.0131615; dX=0.0129116;
# signal: Min=2.70887e+08; Max=1.76392e+13; Mean=1.60302e+12;
# values: 1.60302e+14 3.90861e+12 262183
# xvar: q
# yvar: (I,I_err)
# xlabel: q [1 / AA]
# ylabel: I(q)
# xlimits: 0 0.151561
# variables: q I I_err N
0.0007578035702 1.763921237e+13 2.960079783e+12 52 
0.002273410711 1.377808263e+13 1.639470001e+12 120 
0.003789017851 1.424774589e+13 1.146499385e+12 229 
0.005304624991 1.241303591e+13 8.682971417e+11 313 
0.006820232132 1.207133688e+13 7.779159018e+11 399 
0.008335839272 1.046412499e+13 6.332421211e+11 471 
0.009851446413 8.557864913e+12 4.918960143e+11 523 
0.01136705355 7.712688739e+12 4.080876754e+11 628 
0.01288266069 7.153985692e+12 3.683954981e+11 743 
0.01439826783 5.873388929e+12 2.59346376e+11 796 
0.01591387497 4.863776623e+12 2.253960639e+11 810 
0.01742948211 4.725117677e+12 2.054609083e+11 937 
0.01894508925 4.430252216e+12 1.787679174e+11 1056 
0.0204606964 3.558446353e+12 1.366219387e+11 1111 
0.02197630354 3.425724365e+12 1.215858311e+11 1200 
0.02349191068 3.000390031e+12 1.046464563e+11 1283 
0.02500751782 2.82655776e+12 9.690439273e+10 1390 
0.02652312496 2.546614256e+12 8.172646797e+10 1494 
0.0280387321 2.409839509e+12 7.444151543e+10 1616 
0.02955433924 2.110803094e+12 6.333542041e+10 1634 
0.03106994638 1.82914703e+12 5.344156367e+10 1762 
0.03258555352 1.652003822e+12 4.804193759e+10 1823 
0.03410116066 1.498324556e+12 4.271147416e+10 1889 
0.0356167678 1.296658703e+12 3.657888654e+10 1929 
0.03713237494 1.27674793e+12 3.37494433e+10 2172 
0.03864798208 1.083922344e+12 2.908807617e+10 2128 
0.04016358922 9.702061441e+11 2.520907342e+10 2258 
0.04167919636 8.548256617e+11 2.243668375e+10 2284 
0.0431948035 7.623193921e+11 1.961386968e+10 2395 
0.04471041064 7.054714586e+11 1.759032698e+10 2536 
0.04622601778 5.996936294e+11 1.500063886e+10 2509 
0.04774162492 5.377793814e+11 1.325244016e+10 2642 
0.04925723206 4.43072256e+11 1.096744368e+10 2672 
0.0507728392 4.182255293e+11 1.013179978e+10 2836 
0.05228844634 3.790459186e+11 8981511741 2999 
0.05380405348 3.083404343e+11 7367383891 2977 
0.05531966062 2.618876939e+11 6203301118 3020 
0.05683526776 2.443183376e+11 5719830550 3273 
0.05835087491 1.981278233e+11 4695913706 3220 
0.05986648205 1.717444311e+11 4112514150 3304 
0.06138208919 1.456829053e+11 3392247422 3513 
0.06289769633 1.205682453e+11 2953758371 3487 
0.06441330347 1.02520485e+11 2432163338 3606 
0.06592891061 8.450861483e+10 2051133946 3631 
0.06744451775 6.746028139e+10 1641200010 3746 
0.06896012489 5.287393004e+10 1367957781 3662 
0.07047573203 4.275224006e+10 1083262229 3794 
0.07199133917 3.309077167e+10 867667617.1 3864 
0.07350694631 2.609545036e+10 732221998.1 3872 
0.07502255345 1.997172947e+10 571332343 3798 
0.07653816059 1.600224329e+10 476913997.1 3898 
0.07805376773 1.180970333e+10 345440179.2 3905 
0.07956937487 9456420863 286650510.9 4007 
0.08108498201 7361892735 208176023.1 4005 
0.08260058915 6083273863 160216058.2 4003 
0.08411619629 5461014936 139980124.5 4052 
0.08563180343 5379564777 123054916.7 4104 
0.08714741057 5282882446 116659972.2 4008 
0.08866301771 5587747109 123811891.8 3911 
0.09017862485 6685163102 141118979.5 4105 
0.09169423199 6739271635 141064265.4 3906 
0.09320983913 7570352517 155384089.9 3944 
0.09472544627 8121019091 164911168.2 3830 
0.09624105341 8799575801 175660982.3 3838 
0.09775666056 9397999554 183825632.6 3790 
0.0992722677 1.004251959e+10 189266908.4 3905 
0.1007878748 1.004113861e+10 193398151.7 3682 
0.102303482 1.061962094e+10 200475393.1 3734 
0.1038190891 1.067785618e+10 199339989.6 3712 
0.1053346963 1.072934683e+10 199692606.3 3665 
0.1068503034 1.049353785e+10 197465422.9 3506 
0.1083659105 1.066261953e+10 198452829.2 3563 
0.1098815177 1.05633501e+10 195882833.4 3585 
0.1113971248 9662125788 184403415.3 3333 
0.112912732 9334623136 177940368.2 3343 
0.1144283391 8991654570 172307519.4 3318 
0.1159439462 8520006833 163696232 3285 
0.1174595534 7862571201 154555441.9 3179 
0.1189751605 7226963100 144371473.6 3079 
0.1204907677 6559766876 133466393 3026 
0.1220063748 6168878240 127501816.5 2987 
0.1235219819 5505815259 114993988.5 2970 
0.1250375891 4914912653 105217155.2 2825 
0.1265531962 4203452701 93587622.5 2712 
0.1280688034 3790167857 85353798.09 2745 
0.1295844105 3414659948 79302164.31 2661 
0.1311000176 2869439345 67935963.01 2642 
0.1326156248 2315409750 58224205.42 2450 
0.1341312319 2020800348 52557300.52 2370 
0.1356468391 1686338937 45290810.35 2338 
0.1371624462 1400854298 39872107.99 2218 
0.1386780533 1129565682 33500332.14 2177 
0.1401936605 970070972.1 29036622.84 2169 
0.1417092676 801922245.9 25336990.02 2160 
0.1432248748 654069640.6 21641283.46 2036 
0.1447404819 508720939.9 17723782.56 1942 
0.146256089 425009790.2 14928813.77 1857 
0.1477716962 340025148 12474459.54 1791 
0.1492873033 292559846.7 10536848.97 1774 
0.1508029105 270887326.2 9616416.913 1732 
