# Format: McCode with text headers
# URL: http://www.mccode.org
# Creator:  3.8.5, git
# Instrument: eqsans_cylinder.instr
# Ncount: 5000000
# Trace: no
# Gravitation: no
# Seed: 1790193108714185
# Directory: /Users/georgeyumnam/WORK/PANRAID/PaNRAID-results/Group2/panraidproject/dataset_cylinder/cyl_000224
# Param: gx=0
# Param: gy=0
# Param: sample_on=1
# Param: bs_radius=0
# Param: samp_ap=0.01
# Param: sld=2.11697
# Param: sld_solvent=1
# Param: radius=64.3628
# Param: length=261.081
# Param: pd_radius=0.059251
# Param: pd_length=0.034751
# Param: model_scale=1
# Param: model_abs=0
# Date: Wed Sep 23 21:52:06 2026 (1790193126)
# type: array_1d(100)
# Source: EQ_SANS_cylinder (eqsans_cylinder.instr)
# component: qmon
# position: 0 0 22.281
# title: QMonitor - Radially averaged distribution
# Ncount: 5000000
# filename: rdet.dat
# statistics: X0=0.0716804; dX=0.0621093;
# signal: Min=1.31725e+11; Max=1.16573e+14; Mean=2.25696e+13;
# values: 2.25696e+15 4.46604e+13 160709
# xvar: r
# yvar: (I,I_err)
# xlabel: Radius [m]
# ylabel: I(r)
# xlimits: 0 0.5
# variables: r I I_err N
0.0025 1.16573154e+14 3.041383734e+13 17 
0.0075 1.157481318e+14 1.752409121e+13 51 
0.0125 1.164982717e+14 1.368306109e+13 87 
0.0175 1.039331713e+14 1.034208273e+13 113 
0.0225 1.05473676e+14 9.449531583e+12 139 
0.0275 9.663328885e+13 8.029345443e+12 171 
0.0325 9.667675502e+13 7.328717679e+12 203 
0.0375 1.017669644e+14 6.926363405e+12 248 
0.0425 8.677981303e+13 5.891420274e+12 258 
0.0475 8.772754787e+13 5.524955651e+12 306 
0.0525 8.310149975e+13 5.079588229e+12 320 
0.0575 7.666622391e+13 4.430133881e+12 367 
0.0625 7.170386642e+13 4.190112705e+12 370 
0.0675 7.230293371e+13 3.800235992e+12 443 
0.0725 6.606737379e+13 3.478623498e+12 456 
0.0775 6.772859853e+13 3.336844214e+12 532 
0.0825 6.237149182e+13 3.064072468e+12 549 
0.0875 5.566849895e+13 2.705582024e+12 562 
0.0925 5.145511396e+13 2.467285076e+12 583 
0.0975 4.855950763e+13 2.295059539e+12 618 
0.1025 4.93483865e+13 2.242663493e+12 684 
0.1075 4.442648515e+13 1.972338022e+12 732 
0.1125 4.149860564e+13 1.82688367e+12 760 
0.1175 3.616261546e+13 1.602312626e+12 738 
0.1225 3.101512629e+13 1.396718875e+12 750 
0.1275 2.986197732e+13 1.308513642e+12 818 
0.1325 3.046799381e+13 1.256577804e+12 922 
0.1375 2.651701264e+13 1.144763861e+12 888 
0.1425 2.495880655e+13 1.062417916e+12 917 
0.1475 2.189476045e+13 9.290440042e+11 939 
0.1525 2.074688957e+13 8.541354038e+11 999 
0.1575 1.876935107e+13 7.848829138e+11 1038 
0.1625 1.688920508e+13 7.207939002e+11 1017 
0.1675 1.521922603e+13 6.451567648e+11 1046 
0.1725 1.397223449e+13 5.845526976e+11 1119 
0.1775 1.303385496e+13 5.484453794e+11 1100 
0.1825 1.214848472e+13 5.005011593e+11 1172 
0.1875 1.100181575e+13 4.563185906e+11 1228 
0.1925 9.912782789e+12 4.201329576e+11 1270 
0.1975 9.704121262e+12 3.982272821e+11 1367 
0.2025 8.223771707e+12 3.513951334e+11 1302 
0.2075 7.785174005e+12 3.309840198e+11 1356 
0.2125 6.899517913e+12 2.941613198e+11 1374 
0.2175 6.736289975e+12 2.868277954e+11 1435 
0.2225 5.637083815e+12 2.449016884e+11 1447 
0.2275 5.248579509e+12 2.323184816e+11 1444 
0.2325 4.674078196e+12 2.096289202e+11 1447 
0.2375 4.336149864e+12 1.926886935e+11 1516 
0.2425 3.770165498e+12 1.745058188e+11 1490 
0.2475 3.327495481e+12 1.515261121e+11 1542 
0.2525 3.096736473e+12 1.405885372e+11 1583 
0.2575 2.869887559e+12 1.348204395e+11 1589 
0.2625 2.758431641e+12 1.281429135e+11 1675 
0.2675 2.561221865e+12 1.182827292e+11 1729 
0.2725 2.17474459e+12 1.028396296e+11 1732 
0.2775 1.972778404e+12 9.5712446e+10 1752 
0.2825 1.850661735e+12 8.707710017e+10 1760 
0.2875 1.656402265e+12 8.048979141e+10 1880 
0.2925 1.479235817e+12 6.985770967e+10 1820 
0.2975 1.356742448e+12 6.477102267e+10 1920 
0.3025 1.328771849e+12 6.351418065e+10 1945 
0.3075 1.192131829e+12 5.605276503e+10 1907 
0.3125 1.194993015e+12 5.496330156e+10 2090 
0.3175 1.048759796e+12 4.939475466e+10 2016 
0.3225 8.99455268e+11 4.230335884e+10 2038 
0.3275 8.760134246e+11 4.048695144e+10 2143 
0.3325 7.77457621e+11 3.546785908e+10 2199 
0.3375 7.743889343e+11 3.463099516e+10 2284 
0.3425 7.075986492e+11 3.218506709e+10 2176 
0.3475 6.455343971e+11 2.900626319e+10 2231 
0.3525 6.050928666e+11 2.731283586e+10 2198 
0.3575 5.449860818e+11 2.295057159e+10 2284 
0.3625 5.079665511e+11 2.298290561e+10 2278 
0.3675 4.637312857e+11 1.866853924e+10 2373 
0.3725 4.281084418e+11 1.708393512e+10 2405 
0.3775 3.994548757e+11 1.598112911e+10 2313 
0.3825 3.701278421e+11 1.334890212e+10 2548 
0.3875 3.464801316e+11 1.281148323e+10 2505 
0.3925 3.196913517e+11 1.156574528e+10 2508 
0.3975 3.274660341e+11 1.176248095e+10 2587 
0.4025 2.829978518e+11 9795728068 2544 
0.4075 2.662188589e+11 8781392185 2646 
0.4125 2.609313244e+11 8295408568 2695 
0.4175 2.488310513e+11 8076099541 2706 
0.4225 2.244381512e+11 7069396817 2688 
0.4275 2.214885831e+11 6646390631 2835 
0.4325 2.064894889e+11 5707900734 2819 
0.4375 2.018130017e+11 5775034005 2796 
0.4425 1.864793202e+11 5027072378 2800 
0.4475 1.790597637e+11 4979728405 2886 
0.4525 1.800903122e+11 4868586419 2951 
0.4575 1.735427042e+11 4622516194 2973 
0.4625 1.660163464e+11 4296256091 2964 
0.4675 1.541715151e+11 4012327631 2948 
0.4725 1.540268397e+11 3972978570 3018 
0.4775 1.50312126e+11 3766873799 3150 
0.4825 1.431628467e+11 3641722583 3119 
0.4875 1.394045649e+11 3521821128 3080 
0.4925 1.317246293e+11 3316073201 3124 
0.4975 1.320853039e+11 3341318339 3249 
