# Format: McCode with text headers
# URL: http://www.mccode.org
# Creator:  3.8.5, git
# Instrument: eqsans_cylinder.instr
# Ncount: 5000000
# Trace: no
# Gravitation: no
# Seed: 1790196182280798
# Directory: /Users/georgeyumnam/WORK/PANRAID/PaNRAID-results/Group2/panraidproject/dataset_cylinder/cyl_001936
# Param: gx=0
# Param: gy=0
# Param: sample_on=1
# Param: bs_radius=0
# Param: samp_ap=0.01
# Param: sld=2.44264
# Param: sld_solvent=1
# Param: radius=72.0624
# Param: length=753.347
# Param: pd_radius=0.086862
# Param: pd_length=0.289166
# Param: model_scale=1
# Param: model_abs=0
# Date: Wed Sep 23 22:43:19 2026 (1790196199)
# type: array_1d(100)
# Source: EQ_SANS_cylinder (eqsans_cylinder.instr)
# component: qmon
# position: 0 0 22.281
# title: QMonitor - Radially averaged distribution
# Ncount: 5000000
# filename: rdet.dat
# statistics: X0=0.0562842; dX=0.0509743;
# signal: Min=6.80777e+11; Max=1.63847e+15; Mean=2.29612e+14;
# values: 2.29612e+16 7.17879e+14 162832
# xvar: r
# yvar: (I,I_err)
# xlabel: Radius [m]
# ylabel: I(r)
# xlimits: 0 0.5
# variables: r I I_err N
0.0025 1.638468206e+15 5.370431209e+14 15 
0.0075 1.216103058e+15 2.492540872e+14 38 
0.0125 1.340394975e+15 1.968588246e+14 79 
0.0175 1.613498534e+15 1.845899884e+14 118 
0.0225 1.223385564e+15 1.412606031e+14 145 
0.0275 1.282331502e+15 1.269146259e+14 168 
0.0325 1.345453182e+15 1.312482339e+14 200 
0.0375 1.195235883e+15 1.049237659e+14 230 
0.0425 1.119785475e+15 9.234960898e+13 266 
0.0475 1.077760985e+15 8.28988728e+13 309 
0.0525 9.664843426e+14 6.993418893e+13 370 
0.0575 9.178009977e+14 6.472385447e+13 389 
0.0625 7.780648127e+14 5.215646237e+13 414 
0.0675 6.291491975e+14 4.23040971e+13 404 
0.0725 6.27871086e+14 4.223544522e+13 471 
0.0775 5.391566418e+14 3.161017813e+13 492 
0.0825 5.513194178e+14 3.136242672e+13 570 
0.0875 4.677030086e+14 2.554107509e+13 574 
0.0925 4.164642705e+14 2.228082145e+13 621 
0.0975 3.852813791e+14 2.047699469e+13 629 
0.1025 3.572865552e+14 1.955219088e+13 650 
0.1075 3.469881234e+14 1.745686722e+13 736 
0.1125 2.749998398e+14 1.40627399e+13 701 
0.1175 2.673335013e+14 1.343470225e+13 761 
0.1225 2.41399758e+14 1.190571404e+13 807 
0.1275 2.106699547e+14 1.022610897e+13 851 
0.1325 2.018941899e+14 9.863570189e+12 890 
0.1375 1.602168166e+14 7.807547127e+12 865 
0.1425 1.556397234e+14 7.800692771e+12 897 
0.1475 1.388652291e+14 6.518555068e+12 969 
0.1525 1.350048315e+14 6.494921567e+12 989 
0.1575 1.069589643e+14 5.357103029e+12 1013 
0.1625 1.14635557e+14 5.533697208e+12 1071 
0.1675 8.848693822e+13 4.398099868e+12 1054 
0.1725 7.844583989e+13 3.775231273e+12 1145 
0.1775 7.130461761e+13 3.477504921e+12 1125 
0.1825 7.002275247e+13 3.21697196e+12 1222 
0.1875 5.427058756e+13 2.807802682e+12 1140 
0.1925 5.538259191e+13 2.767760467e+12 1274 
0.1975 4.951384039e+13 2.504096492e+12 1317 
0.2025 4.349908746e+13 2.204776393e+12 1273 
0.2075 3.889756694e+13 2.017518191e+12 1371 
0.2125 3.340934204e+13 1.748540072e+12 1376 
0.2175 3.139151085e+13 1.625156755e+12 1408 
0.2225 2.883567395e+13 1.539839262e+12 1418 
0.2275 2.451386718e+13 1.318581148e+12 1471 
0.2325 2.239801507e+13 1.195286332e+12 1567 
0.2375 1.970132106e+13 1.040153275e+12 1569 
0.2425 1.858092747e+13 9.943494829e+11 1614 
0.2475 1.501317225e+13 8.380177152e+11 1558 
0.2525 1.567171142e+13 8.743315708e+11 1687 
0.2575 1.421467761e+13 7.703993275e+11 1695 
0.2625 1.254010206e+13 6.82140382e+11 1717 
0.2675 1.079119385e+13 6.009808718e+11 1718 
0.2725 9.481782167e+12 5.144845097e+11 1747 
0.2775 9.966071005e+12 5.444548735e+11 1909 
0.2825 7.655496292e+12 4.249865975e+11 1803 
0.2875 6.973383155e+12 3.744132491e+11 1852 
0.2925 6.835929834e+12 3.514825144e+11 1957 
0.2975 5.875958291e+12 3.105611775e+11 1995 
0.3025 5.575654668e+12 2.83947852e+11 2003 
0.3075 4.885089461e+12 2.506970071e+11 1992 
0.3125 4.596407243e+12 2.272805544e+11 2102 
0.3175 4.276017067e+12 2.069829975e+11 2042 
0.3225 3.604047981e+12 1.708577852e+11 2102 
0.3275 3.123734527e+12 1.514886821e+11 2033 
0.3325 3.029461256e+12 1.369651499e+11 2149 
0.3375 2.806581688e+12 1.204659345e+11 2223 
0.3425 2.7062162e+12 1.145757551e+11 2322 
0.3475 2.4313457e+12 1.04397931e+11 2183 
0.3525 2.231555646e+12 9.338696651e+10 2257 
0.3575 2.197922649e+12 8.226959074e+10 2318 
0.3625 2.103023396e+12 7.444192623e+10 2407 
0.3675 1.857778122e+12 6.966684598e+10 2347 
0.3725 1.758031953e+12 6.633907032e+10 2447 
0.3775 1.639601941e+12 5.459339489e+10 2530 
0.3825 1.57393324e+12 5.122990464e+10 2559 
0.3875 1.548204376e+12 5.197230985e+10 2484 
0.3925 1.425191282e+12 4.588933616e+10 2537 
0.3975 1.318388943e+12 4.044112952e+10 2573 
0.4025 1.33028297e+12 4.144511513e+10 2650 
0.4075 1.249097872e+12 3.729326453e+10 2681 
0.4125 1.204972468e+12 3.791731217e+10 2740 
0.4175 1.218151946e+12 3.606991117e+10 2753 
0.4225 1.087566598e+12 3.174233391e+10 2742 
0.4275 1.06614744e+12 3.210808003e+10 2796 
0.4325 1.025337489e+12 2.974378801e+10 2892 
0.4375 1.029896842e+12 3.02649443e+10 2841 
0.4425 9.499225505e+11 2.866233494e+10 2867 
0.4475 9.467090427e+11 2.862740489e+10 2852 
0.4525 8.88930172e+11 2.713000692e+10 2906 
0.4575 8.933830112e+11 2.747501801e+10 2970 
0.4625 8.812468502e+11 2.650637071e+10 2999 
0.4675 8.67028324e+11 2.597021643e+10 3084 
0.4725 8.653143519e+11 2.637099667e+10 3106 
0.4775 8.08165887e+11 2.476337584e+10 3098 
0.4825 7.800678735e+11 2.496962595e+10 3103 
0.4875 7.5842065e+11 2.370953913e+10 3091 
0.4925 7.105011504e+11 2.21934635e+10 3163 
0.4975 6.807769598e+11 2.055371771e+10 3204 
