# Format: McCode with text headers
# URL: http://www.mccode.org
# Creator:  3.8.5, git
# Instrument: eqsans_1_fixed.instr
# Ncount: 1000000
# Trace: no
# Gravitation: no
# Seed: 1790170090189332
# Directory: /Users/georgeyumnam/WORK/PANRAID/PaNRAID-results/Group2/panraidproject/scan_guide_xy/x+19_y+08
# Param: gx=0.019
# Param: gy=0.008
# Date: Wed Sep 23 15:28:13 2026 (1790170093)
# type: array_1d(120)
# Source: EQ_SANS (eqsans_1_fixed.instr)
# component: lambda_det
# position: 0 0 22.28
# title: Wavelength monitor
# Ncount: 1000000
# filename: lambda_det.dat
# statistics: X0=4.08873; dX=0.975424;
# signal: Min=0; Max=1.74264e+06; Mean=273404;
# values: 3.28085e+07 463740 8765
# xvar: L
# yvar: (I,I_err)
# xlabel: Wavelength [AA]
# ylabel: Intensity
# xlimits: 0 12
# variables: L I I_err N
0.05 0 0 0 
0.15 0 0 0 
0.25 0 0 0 
0.35 0 0 0 
0.45 0 0 0 
0.55 0 0 0 
0.65 0 0 0 
0.75 0 0 0 
0.85 0 0 0 
0.95 0 0 0 
1.05 0 0 0 
1.15 0 0 0 
1.25 0 0 0 
1.35 0 0 0 
1.45 0 0 0 
1.55 0 0 0 
1.65 0 0 0 
1.75 0 0 0 
1.85 0 0 0 
1.95 0 0 0 
2.05 0 0 0 
2.15 274.1779289 274.1779289 1 
2.25 5654.608177 5654.608177 1 
2.35 6710.064514 7134.372904 2 
2.45 44086.71396 17741.70785 11 
2.55 89696.94908 24012.50932 21 
2.65 222394.0928 39829.30763 50 
2.75 385569.7008 51023.4991 122 
2.85 986876.8989 82350.71754 285 
2.95 1560032.546 102119.9907 462 
3.05 1742635.51 107567.9798 469 
3.15 1717840.029 107182.76 439 
3.25 1708436.448 106946.9244 445 
3.35 1552919.016 100866.5819 415 
3.45 1516454.97 100185.1401 403 
3.55 1490517.373 100399.4745 373 
3.65 1230293.534 89995.33919 329 
3.75 1278552.411 89968.77177 332 
3.85 1206520.589 88169.11976 321 
3.95 1126843.563 85132.54481 297 
4.05 1142548.299 86021.06609 298 
4.15 967619.9769 79893.45576 256 
4.25 1055983.209 82586.45387 270 
4.35 828746.3651 74582.52433 216 
4.45 906093.6099 76691.34151 224 
4.55 829851.2106 73686.90529 212 
4.65 793648.4524 71901.70021 208 
4.75 663387.0451 64843.79362 188 
4.85 755460.4104 70472.10827 197 
4.95 571077.4816 58583.2795 177 
5.05 523989.7191 57287.08282 178 
5.15 487891.8248 56507.65038 141 
5.25 562611.6281 61057.21671 142 
5.35 505358.7469 58142.39075 141 
5.45 548459.8733 60015.96196 142 
5.55 406842.5867 50144.38107 110 
5.65 531871.9887 59130.06304 138 
5.75 464544.1983 55997.15017 115 
5.85 455051.2639 54900.03969 115 
5.95 311168.1936 44965.8062 95 
6.05 291352.3853 44398.95254 71 
6.15 317694.3512 45880.12416 88 
6.25 281368.2015 41407.28766 85 
6.35 268059.6386 42002.40693 67 
6.45 289949.4616 42898.18443 71 
6.55 142354.7684 30093.22297 34 
6.65 33169.99988 14539.31443 8 
6.75 0 0 0 
6.85 0 0 0 
6.95 0 0 0 
7.05 0 0 0 
7.15 0 0 0 
7.25 0 0 0 
7.35 0 0 0 
7.45 0 0 0 
7.55 0 0 0 
7.65 0 0 0 
7.75 0 0 0 
7.85 0 0 0 
7.95 0 0 0 
8.05 0 0 0 
8.15 0 0 0 
8.25 0 0 0 
8.35 0 0 0 
8.45 0 0 0 
8.55 0 0 0 
8.65 0 0 0 
8.75 0 0 0 
8.85 0 0 0 
8.95 0 0 0 
9.05 0 0 0 
9.15 0 0 0 
9.25 0 0 0 
9.35 0 0 0 
9.45 0 0 0 
9.55 0 0 0 
9.65 0 0 0 
9.75 0 0 0 
9.85 0 0 0 
9.95 0 0 0 
10.05 0 0 0 
10.15 0 0 0 
10.25 0 0 0 
10.35 0 0 0 
10.45 0 0 0 
10.55 0 0 0 
10.65 0 0 0 
10.75 0 0 0 
10.85 0 0 0 
10.95 0 0 0 
11.05 0 0 0 
11.15 0 0 0 
11.25 0 0 0 
11.35 0 0 0 
11.45 0 0 0 
11.55 0 0 0 
11.65 0 0 0 
11.75 0 0 0 
11.85 0 0 0 
11.95 0 0 0 
