# Format: McCode with text headers
# URL: http://www.mccode.org
# Creator:  3.8.5, git
# Instrument: eqsans_cylinder.instr
# Ncount: 5000000
# Trace: no
# Gravitation: no
# Seed: 1790196002533408
# Directory: /Users/georgeyumnam/WORK/PANRAID/PaNRAID-results/Group2/panraidproject/dataset_cylinder/cyl_001836
# Param: gx=0
# Param: gy=0
# Param: sample_on=1
# Param: bs_radius=0
# Param: samp_ap=0.01
# Param: sld=2.74777
# Param: sld_solvent=1
# Param: radius=73.466
# Param: length=422.11
# Param: pd_radius=0.057474
# Param: pd_length=0.24871
# Param: model_scale=1
# Param: model_abs=0
# Date: Wed Sep 23 22:40:20 2026 (1790196020)
# type: array_1d(100)
# Source: EQ_SANS_cylinder (eqsans_cylinder.instr)
# component: qmon
# position: 0 0 22.281
# title: QMonitor - Radially averaged distribution
# Ncount: 5000000
# filename: rdet.dat
# statistics: X0=0.0578713; dX=0.0535262;
# signal: Min=6.64387e+11; Max=1.76324e+15; Mean=1.78193e+14;
# values: 1.78193e+16 5.2363e+14 162345
# xvar: r
# yvar: (I,I_err)
# xlabel: Radius [m]
# ylabel: I(r)
# xlimits: 0 0.5
# variables: r I I_err N
0.0025 1.763236562e+15 4.183637674e+14 22 
0.0075 1.073999303e+15 1.822806442e+14 49 
0.0125 8.137981396e+14 1.146222151e+14 72 
0.0175 9.662132623e+14 1.053920171e+14 119 
0.0225 1.053190117e+15 9.88700892e+13 162 
0.0275 8.049353122e+14 7.756951412e+13 155 
0.0325 9.376294627e+14 7.819751416e+13 219 
0.0375 8.012543936e+14 6.72992654e+13 229 
0.0425 8.444500974e+14 6.369787674e+13 272 
0.0475 7.811040818e+14 5.219788997e+13 329 
0.0525 6.893926349e+14 4.525463699e+13 340 
0.0575 6.335982331e+14 3.90930921e+13 384 
0.0625 5.660135177e+14 3.495975893e+13 403 
0.0675 5.756946551e+14 3.547341495e+13 442 
0.0725 5.221174727e+14 2.99706253e+13 489 
0.0775 4.792701124e+14 2.663869751e+13 516 
0.0825 4.115702951e+14 2.217966946e+13 545 
0.0875 3.633304784e+14 2.010625112e+13 529 
0.0925 3.528415621e+14 1.922988827e+13 575 
0.0975 3.270094813e+14 1.698374505e+13 645 
0.1025 2.77213307e+14 1.496299005e+13 616 
0.1075 2.662642449e+14 1.318148141e+13 702 
0.1125 2.252196912e+14 1.114376807e+13 731 
0.1175 2.174113135e+14 1.075547446e+13 749 
0.1225 1.984950664e+14 9.102182226e+12 833 
0.1275 1.68099836e+14 8.154371948e+12 814 
0.1325 1.582003442e+14 7.571529726e+12 847 
0.1375 1.632792352e+14 7.435412751e+12 951 
0.1425 1.364603533e+14 6.441498638e+12 923 
0.1475 1.346104112e+14 6.188078727e+12 999 
0.1525 1.173327123e+14 5.251085214e+12 1037 
0.1575 9.181363555e+13 4.450988725e+12 1016 
0.1625 8.870343934e+13 4.183664856e+12 1041 
0.1675 8.316462033e+13 4.04888003e+12 1048 
0.1725 7.267701283e+13 3.402928215e+12 1145 
0.1775 6.295428781e+13 2.986988383e+12 1175 
0.1825 5.837922171e+13 2.773932893e+12 1183 
0.1875 5.340415282e+13 2.590619697e+12 1203 
0.1925 4.65922057e+13 2.173195487e+12 1303 
0.1975 4.415600869e+13 2.133959036e+12 1324 
0.2025 3.950341146e+13 1.91589354e+12 1321 
0.2075 3.328073875e+13 1.735756468e+12 1332 
0.2125 3.081028694e+13 1.587738429e+12 1372 
0.2175 2.519787289e+13 1.386943206e+12 1374 
0.2225 2.368308507e+13 1.27113339e+12 1416 
0.2275 2.192713762e+13 1.154412703e+12 1448 
0.2325 1.892042749e+13 1.025220789e+12 1496 
0.2375 1.849887995e+13 9.609076083e+11 1547 
0.2425 1.482250391e+13 7.931888399e+11 1510 
0.2475 1.35861576e+13 7.421742198e+11 1547 
0.2525 1.320973886e+13 6.967985377e+11 1654 
0.2575 1.166818684e+13 6.205751817e+11 1682 
0.2625 9.902828773e+12 5.347578763e+11 1709 
0.2675 1.063637217e+13 5.990274426e+11 1746 
0.2725 8.369562242e+12 4.304359571e+11 1760 
0.2775 8.017070724e+12 4.300840001e+11 1777 
0.2825 6.672318841e+12 3.472405748e+11 1761 
0.2875 6.586137671e+12 3.450833386e+11 1892 
0.2925 5.869859166e+12 3.073774008e+11 1922 
0.2975 5.603270237e+12 2.875483708e+11 1949 
0.3025 4.603920237e+12 2.210697925e+11 1948 
0.3075 4.21690212e+12 1.999105892e+11 2021 
0.3125 4.199144835e+12 1.983353315e+11 2041 
0.3175 3.903554166e+12 1.896582865e+11 2097 
0.3225 3.354647376e+12 1.537791537e+11 2130 
0.3275 3.271037312e+12 1.501587252e+11 2163 
0.3325 3.157762857e+12 1.378394971e+11 2186 
0.3375 2.56570118e+12 1.126053539e+11 2158 
0.3425 2.371387719e+12 9.714232181e+10 2239 
0.3475 2.260376904e+12 9.243954498e+10 2268 
0.3525 2.0740429e+12 7.639473493e+10 2275 
0.3575 2.055974284e+12 7.363981447e+10 2353 
0.3625 1.763608339e+12 6.21918842e+10 2278 
0.3675 1.721001464e+12 6.08046239e+10 2326 
0.3725 1.606136134e+12 5.611280454e+10 2412 
0.3775 1.561700012e+12 5.428314e+10 2425 
0.3825 1.377782953e+12 4.293141396e+10 2412 
0.3875 1.354527997e+12 4.485854361e+10 2489 
0.3925 1.271885433e+12 3.855779672e+10 2502 
0.3975 1.220603789e+12 3.48286667e+10 2533 
0.4025 1.182028892e+12 3.383536297e+10 2656 
0.4075 1.123347424e+12 3.335866284e+10 2610 
0.4125 1.097752212e+12 3.122013483e+10 2706 
0.4175 1.083429602e+12 3.033790484e+10 2763 
0.4225 9.873716616e+11 2.805566923e+10 2758 
0.4275 9.994377043e+11 2.861290212e+10 2686 
0.4325 9.139047637e+11 2.641720621e+10 2832 
0.4375 8.894183703e+11 2.56623141e+10 2835 
0.4425 9.018247349e+11 2.518410071e+10 2928 
0.4475 8.683299116e+11 2.482559342e+10 2879 
0.4525 8.486455366e+11 2.400800691e+10 2995 
0.4575 8.294769953e+11 2.407592965e+10 3044 
0.4625 8.180614577e+11 2.3704529e+10 3037 
0.4675 7.978047246e+11 2.277594558e+10 3080 
0.4725 7.193987681e+11 2.113700517e+10 3077 
0.4775 7.340031917e+11 2.15603395e+10 3070 
0.4825 7.005586482e+11 2.06588991e+10 3128 
0.4875 6.942878284e+11 2.073820472e+10 3160 
0.4925 6.774744553e+11 2.022854512e+10 3205 
0.4975 6.643874212e+11 1.986526438e+10 3289 
