# Format: McCode with text headers
# URL: http://www.mccode.org
# Creator:  3.8.5, git
# Instrument: eqsans_sans.instr
# Ncount: 10000000
# Trace: no
# Gravitation: no
# Seed: 1790180608509182
# Directory: /Users/georgeyumnam/WORK/PANRAID/PaNRAID-results/Group2/panraidproject/scan_sans_sample/x-15_y-02
# Param: gx=-0.015
# Param: gy=-0.002
# Param: sample_on=1
# Param: R_sphere=100
# Param: Phi=0.01
# Param: bs_radius=0
# Param: samp_ap=0.01
# Date: Wed Sep 23 18:24:02 2026 (1790180642)
# type: array_1d(100)
# Source: EQ_SANS_sample (eqsans_sans.instr)
# component: qmon
# position: 0 0 22.281
# title: QMonitor - Distribution in q (Radially averaged)
# Ncount: 10000000
# filename: qdet.dat
# statistics: X0=0.0139127; dX=0.00952437;
# signal: Min=0; Max=4.7173e+08; Mean=3.37035e+07;
# values: 3.37035e+09 3.56238e+08 4595
# xvar: q
# yvar: (I,I_err)
# xlabel: q [1 / AA]
# ylabel: I(q)
# xlimits: 0 0.151561
# variables: q I I_err N
0.0007578035702 0 0 0 
0.002273410711 230876619.5 217653288 2 
0.003789017851 56512480.34 56512480.34 1 
0.005304624991 471729949 203056701.1 8 
0.006820232132 260612798.1 101532643.4 9 
0.008335839272 214294921.6 80440663.53 8 
0.009851446413 311943082.8 99240870.05 13 
0.01136705355 165375815.8 58653746.85 10 
0.01288266069 210349196.7 68052492.31 13 
0.01439826783 106583030.2 39038782.74 10 
0.01591387497 225011872.5 62116339.98 20 
0.01742948211 187962693.7 47633214.37 24 
0.01894508925 116411163.5 32850064.81 18 
0.0204606964 160294872.8 38203752.13 26 
0.02197630354 146545205.4 37693819.87 28 
0.02349191068 84619716.43 19736806.55 25 
0.02500751782 71922819.24 18108265.88 26 
0.02652312496 100933658.7 20427914.39 39 
0.0280387321 48925304.71 15953819.2 24 
0.02955433924 36620840.56 9571674.358 37 
0.03106994638 36580171.6 8456853.506 30 
0.03258555352 31046756.63 10852685.77 36 
0.03410116066 19268143.67 7229031.696 29 
0.0356167678 15045608.91 5050915.804 34 
0.03713237494 8227779.711 3146239.521 28 
0.03864798208 7204868.109 2185434.839 32 
0.04016358922 8415168.894 2282513.365 45 
0.04167919636 5720139.865 2567845.39 38 
0.0431948035 3113170.511 963729.6336 42 
0.04471041064 1165417.861 360674.4442 43 
0.04622601778 1622449.354 566820.8876 47 
0.04774162492 1108244.294 214321.7496 58 
0.04925723206 1174147.028 228194.4117 50 
0.0507728392 1456885.538 293922.3396 53 
0.05228844634 1638769.083 265484.2852 53 
0.05380405348 1464983.787 247367.0849 50 
0.05531966062 1812752.136 278454.6622 54 
0.05683526776 1517064.763 248647.2345 55 
0.05835087491 1522844.43 233572.6193 59 
0.05986648205 1462675.87 237431.3207 55 
0.06138208919 1455818.701 222312.5626 60 
0.06289769633 1222553.89 197404.4201 59 
0.06441330347 1560601.779 224684.1225 71 
0.06592891061 870882.9972 163664.6049 59 
0.06744451775 894140.3017 153458.5408 65 
0.06896012489 601880.5759 136910.1547 57 
0.07047573203 529044.6097 99628.67473 53 
0.07199133917 317446.9138 64985.25651 57 
0.07350694631 493988.383 104534.9732 79 
0.07502255345 284076.3817 58172.38747 80 
0.07653816059 149765.8512 46230.26053 62 
0.07805376773 107130.4747 24097.54941 65 
0.07956937487 138021.3084 24844.33244 69 
0.08108498201 151322.6304 26610.28757 65 
0.08260058915 165973.4589 26537.25859 70 
0.08411619629 174493.8687 28866.03548 63 
0.08563180343 167120.8009 29852.43574 59 
0.08714741057 182503.8998 29551.2625 63 
0.08866301771 259370.165 35877.58156 74 
0.09017862485 266226.1266 36754.3361 74 
0.09169423199 222188.7495 30773.25538 68 
0.09320983913 232348.7891 32063.73217 74 
0.09472544627 169072.3659 27696.02201 51 
0.09624105341 178017.1002 27653.40508 57 
0.09775666056 150552.8664 25194.98185 62 
0.0992722677 133757.4084 22244.56522 59 
0.1007878748 126027.4124 23405.70042 56 
0.102303482 99912.14802 17193.27991 68 
0.1038190891 88456.33525 15726.60013 70 
0.1053346963 50539.76711 10816.0274 62 
0.1068503034 49496.77661 9304.553939 75 
0.1083659105 34037.80556 8471.388132 65 
0.1098815177 30313.65957 6320.467769 62 
0.1113971248 26291.28325 5820.701975 55 
0.112912732 39109.78955 6579.200328 67 
0.1144283391 28800.68026 5250.091806 50 
0.1159439462 48568.48566 8112.989878 62 
0.1174595534 40736.16276 6905.183028 58 
0.1189751605 58763.02012 8286.592819 69 
0.1204907677 56532.66396 8082.613278 64 
0.1220063748 53491.90044 8215.581468 57 
0.1235219819 39477.9526 6261.188641 49 
0.1250375891 22524.83517 5217.859742 28 
0.1265531962 45005.53875 7392.422243 53 
0.1280688034 33964.54184 5942.993983 47 
0.1295844105 28300.77503 5517.853818 45 
0.1311000176 28015.85133 5444.269532 45 
0.1326156248 26198.70019 4812.513246 50 
0.1341312319 19284.93481 4189.774053 45 
0.1356468391 14604.56556 3677.325294 35 
0.1371624462 11036.87025 2870.528069 34 
0.1386780533 9845.035002 2641.736833 43 
0.1401936605 11096.5089 2789.311605 37 
0.1417092676 7657.907049 1795.737054 41 
0.1432248748 7009.574044 1679.384755 36 
0.1447404819 8529.823134 1812.614389 38 
0.146256089 7333.994488 1650.443357 34 
0.1477716962 7587.441546 1886.603573 25 
0.1492873033 8712.421694 1819.155536 34 
0.1508029105 9406.863826 2157.818837 29 
