# Format: McCode with text headers
# URL: http://www.mccode.org
# Creator:  3.8.5, git
# Instrument: eqsans_sans.instr
# Ncount: 10000000
# Trace: no
# Gravitation: no
# Seed: 1790183220240286
# Directory: /Users/georgeyumnam/WORK/PANRAID/PaNRAID-results/Group2/panraidproject/scan_sans_sample/x+03_y+07
# Param: gx=0.003
# Param: gy=0.007
# Param: sample_on=1
# Param: R_sphere=100
# Param: Phi=0.01
# Param: bs_radius=0
# Param: samp_ap=0.01
# Date: Wed Sep 23 19:07:35 2026 (1790183255)
# type: array_1d(100)
# Source: EQ_SANS_sample (eqsans_sans.instr)
# component: qmon
# position: 0 0 22.281
# title: QMonitor - Distribution in q (Radially averaged)
# Ncount: 10000000
# filename: qdet.dat
# statistics: X0=0.0138045; dX=0.0099147;
# signal: Min=7101.82; Max=3.67489e+08; Mean=4.25053e+07;
# values: 4.25053e+09 4.01793e+08 6236
# xvar: q
# yvar: (I,I_err)
# xlabel: q [1 / AA]
# ylabel: I(q)
# xlimits: 0 0.151561
# variables: q I I_err N
0.0007578035702 205729900.8 205729900.8 1 
0.002273410711 242894276.6 179418366.5 2 
0.003789017851 232171271 135359079.1 3 
0.005304624991 213468576.6 112757343.3 5 
0.006820232132 309307282.9 104727676.8 11 
0.008335839272 359657107.7 97256971.25 17 
0.009851446413 263335737 93521009.38 13 
0.01136705355 367488503 94580727.15 21 
0.01288266069 231573632 63935601.84 17 
0.01439826783 261420744.7 66544407.16 19 
0.01591387497 186452171.5 45060896.31 23 
0.01742948211 240071685 53948120.16 28 
0.01894508925 156666366.5 44772957.11 21 
0.0204606964 134525755.2 39126336.92 20 
0.02197630354 131528083.1 32987852.11 26 
0.02349191068 106847296.7 27323731.24 31 
0.02500751782 94662071.34 23144765.7 31 
0.02652312496 121966840.1 21823317.61 54 
0.0280387321 104339610.8 23592688 39 
0.02955433924 68685963.57 13741777.5 49 
0.03106994638 58742351.15 12360910.95 55 
0.03258555352 43873434.19 8469002.059 53 
0.03410116066 16916078.48 4057448.057 41 
0.0356167678 13568096.49 4116583.27 44 
0.03713237494 16529117.5 4917004.109 41 
0.03864798208 15417063.33 4406180.908 55 
0.04016358922 6668726.485 1733957.032 56 
0.04167919636 7176535.418 2654043.112 51 
0.0431948035 2631644.384 957530.3759 54 
0.04471041064 2519954.671 1010327.53 56 
0.04622601778 1534213.004 360451.0702 60 
0.04774162492 1196389.698 292733.7248 55 
0.04925723206 1172332.608 241929.6475 51 
0.0507728392 1682705.596 403977.1403 59 
0.05228844634 1833151.493 282223.7875 74 
0.05380405348 1682940.905 286706.9374 62 
0.05531966062 1920141.331 288322.0446 68 
0.05683526776 2202757.013 313987.6336 72 
0.05835087491 2004819.352 280070.9911 69 
0.05986648205 2245032.851 285005.4403 87 
0.06138208919 1763220.69 240117.7728 74 
0.06289769633 1947350.95 266012.482 80 
0.06441330347 1542830.303 209461.5381 86 
0.06592891061 1286183.944 187021.4991 88 
0.06744451775 1040487.341 155820.0315 84 
0.06896012489 996400.8667 170297.9226 73 
0.07047573203 696280.3823 118474.5068 96 
0.07199133917 423790.8167 82045.49399 86 
0.07350694631 528066.0826 96534.73608 96 
0.07502255345 227567.8315 43845.00562 84 
0.07653816059 336790.0431 75428.61445 82 
0.07805376773 172740.3549 33124.9863 89 
0.07956937487 236368.0913 40288.27295 106 
0.08108498201 169750.9386 28916.87183 81 
0.08260058915 221051.3956 34734.26632 99 
0.08411619629 233997.1063 29716.0431 100 
0.08563180343 263657.5971 33955.63246 107 
0.08714741057 301888.5113 38433.48874 90 
0.08866301771 411258.5185 44910.53695 117 
0.09017862485 327057.2689 39123.33013 93 
0.09169423199 342553.7173 40628.21701 104 
0.09320983913 254003.9318 35149.5208 77 
0.09472544627 270946.6181 34100.20844 94 
0.09624105341 267572.723 32333.89781 99 
0.09775666056 197605.6716 26709.17035 86 
0.0992722677 187836.4952 25133.37936 99 
0.1007878748 149327.9047 23013.28737 85 
0.102303482 168061.0565 24874.82073 102 
0.1038190891 114353.3261 18966.3016 95 
0.1053346963 88116.80898 18599.97225 87 
0.1068503034 49605.08057 11146.04801 73 
0.1083659105 54427.05998 8553.267692 106 
0.1098815177 44361.11919 6843.210661 92 
0.1113971248 53786.90393 8334.51425 91 
0.112912732 28501.62285 4863.044289 70 
0.1144283391 48849.89904 7000.065103 81 
0.1159439462 50873.48822 7933.900826 67 
0.1174595534 62648.19689 8690.169715 77 
0.1189751605 42237.15363 6431.022003 64 
0.1204907677 61673.90541 8493.566688 73 
0.1220063748 62278.51131 8651.085345 70 
0.1235219819 83433.05922 10469.69982 84 
0.1250375891 46729.22726 7044.096052 60 
0.1265531962 61355.49 8381.979697 73 
0.1280688034 28513.25183 5296.841103 43 
0.1295844105 39537.53079 6126.118103 62 
0.1311000176 43875.56766 6556.059408 67 
0.1326156248 28336.64082 5333.822345 48 
0.1341312319 27662.81329 5257.625279 60 
0.1356468391 23214.42965 4254.200643 59 
0.1371624462 17358.61048 3654.402008 53 
0.1386780533 13275.16691 2881.488557 43 
0.1401936605 11116.63278 2412.781945 48 
0.1417092676 10690.36374 2124.695728 52 
0.1432248748 7898.375871 1686.468201 46 
0.1447404819 9157.270359 1718.408282 56 
0.146256089 7101.821132 1529.539898 38 
0.1477716962 11118.1853 1940.337275 49 
0.1492873033 14005.61049 2302.342987 57 
0.1508029105 11609.77756 2114.944582 41 
