# Format: McCode with text headers
# URL: http://www.mccode.org
# Creator:  3.8.5, git
# Instrument: eqsans_cylinder.instr
# Ncount: 5000000
# Trace: no
# Gravitation: no
# Seed: 1790195049299199
# Directory: /Users/georgeyumnam/WORK/PANRAID/PaNRAID-results/Group2/panraidproject/dataset_cylinder/cyl_001302
# Param: gx=0
# Param: gy=0
# Param: sample_on=1
# Param: bs_radius=0
# Param: samp_ap=0.01
# Param: sld=5.23982
# Param: sld_solvent=1
# Param: radius=29.7916
# Param: length=901.643
# Param: pd_radius=0.285467
# Param: pd_length=0.174417
# Param: model_scale=1
# Param: model_abs=0
# Date: Wed Sep 23 22:24:26 2026 (1790195066)
# type: array_1d(100)
# Source: EQ_SANS_cylinder (eqsans_cylinder.instr)
# component: qmon
# position: 0 0 22.281
# title: QMonitor - Radially averaged distribution
# Ncount: 5000000
# filename: rdet.dat
# statistics: X0=0.084091; dX=0.0852777;
# signal: Min=3.98391e+12; Max=8.82846e+14; Mean=1.38692e+14;
# values: 1.38692e+16 3.85797e+14 159395
# xvar: r
# yvar: (I,I_err)
# xlabel: Radius [m]
# ylabel: I(r)
# xlimits: 0 0.5
# variables: r I I_err N
0.0025 2.661270174e+14 9.825732773e+13 12 
0.0075 8.828463899e+14 2.08146528e+14 55 
0.0125 8.773465773e+14 1.58356656e+14 92 
0.0175 8.69732248e+14 1.834756893e+14 107 
0.0225 8.123765071e+14 9.405981186e+13 168 
0.0275 6.28438517e+14 7.696596614e+13 176 
0.0325 6.764272203e+14 7.586198184e+13 202 
0.0375 5.970227921e+14 6.220701446e+13 237 
0.0425 4.871354859e+14 5.165964626e+13 262 
0.0475 4.756389426e+14 4.208938369e+13 315 
0.0525 4.804053403e+14 5.431578832e+13 327 
0.0575 4.336166108e+14 3.581477731e+13 366 
0.0625 3.828353404e+14 3.409868673e+13 379 
0.0675 3.228280714e+14 2.514846787e+13 424 
0.0725 2.879354205e+14 2.317308622e+13 435 
0.0775 3.139973137e+14 2.634354443e+13 474 
0.0825 3.059603646e+14 2.150139016e+13 555 
0.0875 2.232714385e+14 1.559068971e+13 527 
0.0925 2.251995499e+14 1.461730947e+13 584 
0.0975 2.410944812e+14 1.624402534e+13 617 
0.1025 1.886744789e+14 1.071125286e+13 661 
0.1075 2.082677481e+14 1.243648104e+13 697 
0.1125 2.032048687e+14 1.162056154e+13 749 
0.1175 1.726555986e+14 9.90093784e+12 742 
0.1225 1.625190934e+14 9.331017104e+12 772 
0.1275 1.675109219e+14 9.603581469e+12 823 
0.1325 1.526581215e+14 8.173451363e+12 849 
0.1375 1.589618049e+14 8.025796339e+12 956 
0.1425 1.320871014e+14 6.692201956e+12 894 
0.1475 1.243473055e+14 6.440091089e+12 877 
0.1525 1.280877621e+14 6.23837997e+12 992 
0.1575 1.151583951e+14 5.566876494e+12 1031 
0.1625 1.160639132e+14 5.577445367e+12 1051 
0.1675 1.122921159e+14 5.081277505e+12 1125 
0.1725 9.601890311e+13 4.543633706e+12 1101 
0.1775 8.961660863e+13 4.204920602e+12 1131 
0.1825 8.570723366e+13 4.090970964e+12 1125 
0.1875 7.921666622e+13 3.66797747e+12 1172 
0.1925 8.37742848e+13 4.218999333e+12 1153 
0.1975 7.834532661e+13 3.339097858e+12 1308 
0.2025 7.539497764e+13 3.296740111e+12 1348 
0.2075 7.140961443e+13 3.211063509e+12 1323 
0.2125 5.985744843e+13 2.532604061e+12 1278 
0.2175 6.090499579e+13 2.485870001e+12 1358 
0.2225 6.19239936e+13 2.600794488e+12 1422 
0.2275 6.144266336e+13 2.566833336e+12 1510 
0.2325 5.540441431e+13 2.272833547e+12 1509 
0.2375 5.653522682e+13 2.200862391e+12 1598 
0.2425 4.755096894e+13 1.840374473e+12 1538 
0.2475 4.535173439e+13 1.826284976e+12 1523 
0.2525 4.36568791e+13 1.731617634e+12 1611 
0.2575 4.292363079e+13 1.840351173e+12 1662 
0.2625 3.984163593e+13 1.493802104e+12 1701 
0.2675 4.044698567e+13 1.55017778e+12 1729 
0.2725 3.377825618e+13 1.308359658e+12 1626 
0.2775 3.402555383e+13 1.358769777e+12 1749 
0.2825 3.206425168e+13 1.193367107e+12 1786 
0.2875 3.126196344e+13 1.18901263e+12 1801 
0.2925 2.914068711e+13 1.100063477e+12 1818 
0.2975 2.975144709e+13 1.121912046e+12 1924 
0.3025 2.691528756e+13 9.88807707e+11 1936 
0.3075 2.555577239e+13 9.546754654e+11 1961 
0.3125 2.389818439e+13 8.520842123e+11 2004 
0.3175 2.295465901e+13 8.186730814e+11 2106 
0.3225 2.192058448e+13 8.11869977e+11 2068 
0.3275 2.008844096e+13 7.01889821e+11 2141 
0.3325 1.985800915e+13 7.444839329e+11 2127 
0.3375 1.931435703e+13 7.198701551e+11 2150 
0.3425 1.843143058e+13 6.233199713e+11 2220 
0.3475 1.641463002e+13 5.994760301e+11 2194 
0.3525 1.578723638e+13 5.829767732e+11 2181 
0.3575 1.509394876e+13 5.316026042e+11 2331 
0.3625 1.443453144e+13 5.237252909e+11 2285 
0.3675 1.380882783e+13 5.178938876e+11 2341 
0.3725 1.303388749e+13 4.83422754e+11 2325 
0.3775 1.204307105e+13 4.217747892e+11 2388 
0.3825 1.127459115e+13 4.059752156e+11 2404 
0.3875 1.214362913e+13 4.217053933e+11 2542 
0.3925 1.077622089e+13 3.686146496e+11 2520 
0.3975 1.035695259e+13 3.730861526e+11 2491 
0.4025 9.579125331e+12 3.402142493e+11 2543 
0.4075 9.353259729e+12 3.334516289e+11 2670 
0.4125 8.327252637e+12 2.954692966e+11 2600 
0.4175 8.371654418e+12 2.996796494e+11 2658 
0.4225 7.57068353e+12 2.687580487e+11 2653 
0.4275 7.660212799e+12 2.678878832e+11 2710 
0.4325 7.402758855e+12 2.639688621e+11 2763 
0.4375 6.658751726e+12 2.372825034e+11 2767 
0.4425 6.505546872e+12 2.29925344e+11 2783 
0.4475 6.481824534e+12 2.279855979e+11 2854 
0.4525 5.709027299e+12 2.028136073e+11 2892 
0.4575 5.833672669e+12 2.041537295e+11 2904 
0.4625 5.423723508e+12 1.901952071e+11 2971 
0.4675 5.544853994e+12 1.955220449e+11 2954 
0.4725 5.098124904e+12 1.784055301e+11 3025 
0.4775 4.664132315e+12 1.598740432e+11 3094 
0.4825 4.540999707e+12 1.553648593e+11 3073 
0.4875 4.129952295e+12 1.437738076e+11 3055 
0.4925 4.20301411e+12 1.434321403e+11 3147 
0.4975 3.98391397e+12 1.340414911e+11 3227 
