# Format: McCode with text headers
# URL: http://www.mccode.org
# Creator:  3.8.5, git
# Instrument: eqsans_sans.instr
# Ncount: 10000000
# Trace: no
# Gravitation: no
# Seed: 1790174998246367
# Directory: /Users/georgeyumnam/WORK/PANRAID/PaNRAID-results/Group2/panraidproject/scan_sans_nosample/x-09_y+00
# Param: gx=-0.009
# Param: gy=0
# Param: sample_on=0
# Param: R_sphere=100
# Param: Phi=0.01
# Param: bs_radius=0
# Param: samp_ap=0.01
# Date: Wed Sep 23 16:50:34 2026 (1790175034)
# type: array_1d(100)
# Source: EQ_SANS_sample (eqsans_sans.instr)
# component: qmon
# position: 0 0 22.281
# title: QMonitor - Radially averaged distribution
# Ncount: 10000000
# filename: rdet.dat
# statistics: X0=0.0209956; dX=0.0159844;
# signal: Min=0; Max=2.3916e+10; Mean=1.45967e+09;
# values: 1.45967e+11 2.90375e+09 7450
# xvar: r
# yvar: (I,I_err)
# xlabel: Radius [m]
# ylabel: I(r)
# xlimits: 0 0.5
# variables: r I I_err N
0.0025 2.391598549e+10 2212105191 117 
0.0075 2.164488372e+10 1207453166 322 
0.0125 1.997221102e+10 887566927.4 508 
0.0175 1.591225987e+10 659397473.7 586 
0.0225 1.405019877e+10 537114573.8 691 
0.0275 1.173703298e+10 436881201.5 733 
0.0325 9517734755 353811264 739 
0.0375 8046632602 298773363.4 746 
0.0425 7147023167 259521764.6 784 
0.0475 5280245397 206076059.7 681 
0.0525 3583702181 159272632.1 529 
0.0575 2257668565 117450799.9 386 
0.0625 1459898262 89214507.26 281 
0.0675 942999525.8 67395164.63 208 
0.0725 351772270 37335790.4 92 
0.0775 112870889.3 19593422.5 34 
0.0825 31076346.24 9092107.813 12 
0.0875 2322369.315 2322369.315 1 
0.0925 0 0 0 
0.0975 0 0 0 
0.1025 0 0 0 
0.1075 0 0 0 
0.1125 0 0 0 
0.1175 0 0 0 
0.1225 0 0 0 
0.1275 0 0 0 
0.1325 0 0 0 
0.1375 0 0 0 
0.1425 0 0 0 
0.1475 0 0 0 
0.1525 0 0 0 
0.1575 0 0 0 
0.1625 0 0 0 
0.1675 0 0 0 
0.1725 0 0 0 
0.1775 0 0 0 
0.1825 0 0 0 
0.1875 0 0 0 
0.1925 0 0 0 
0.1975 0 0 0 
0.2025 0 0 0 
0.2075 0 0 0 
0.2125 0 0 0 
0.2175 0 0 0 
0.2225 0 0 0 
0.2275 0 0 0 
0.2325 0 0 0 
0.2375 0 0 0 
0.2425 0 0 0 
0.2475 0 0 0 
0.2525 0 0 0 
0.2575 0 0 0 
0.2625 0 0 0 
0.2675 0 0 0 
0.2725 0 0 0 
0.2775 0 0 0 
0.2825 0 0 0 
0.2875 0 0 0 
0.2925 0 0 0 
0.2975 0 0 0 
0.3025 0 0 0 
0.3075 0 0 0 
0.3125 0 0 0 
0.3175 0 0 0 
0.3225 0 0 0 
0.3275 0 0 0 
0.3325 0 0 0 
0.3375 0 0 0 
0.3425 0 0 0 
0.3475 0 0 0 
0.3525 0 0 0 
0.3575 0 0 0 
0.3625 0 0 0 
0.3675 0 0 0 
0.3725 0 0 0 
0.3775 0 0 0 
0.3825 0 0 0 
0.3875 0 0 0 
0.3925 0 0 0 
0.3975 0 0 0 
0.4025 0 0 0 
0.4075 0 0 0 
0.4125 0 0 0 
0.4175 0 0 0 
0.4225 0 0 0 
0.4275 0 0 0 
0.4325 0 0 0 
0.4375 0 0 0 
0.4425 0 0 0 
0.4475 0 0 0 
0.4525 0 0 0 
0.4575 0 0 0 
0.4625 0 0 0 
0.4675 0 0 0 
0.4725 0 0 0 
0.4775 0 0 0 
0.4825 0 0 0 
0.4875 0 0 0 
0.4925 0 0 0 
0.4975 0 0 0 
