# Format: McCode with text headers
# URL: http://www.mccode.org
# Creator:  3.8.5, git
# Instrument: eqsans_sans.instr
# Ncount: 10000000
# Trace: no
# Gravitation: no
# Seed: 1790179852129594
# Directory: /Users/georgeyumnam/WORK/PANRAID/PaNRAID-results/Group2/panraidproject/scan_sans_sample/x-20_y-11
# Param: gx=-0.02
# Param: gy=-0.011
# Param: sample_on=1
# Param: R_sphere=100
# Param: Phi=0.01
# Param: bs_radius=0
# Param: samp_ap=0.01
# Date: Wed Sep 23 18:11:27 2026 (1790179887)
# type: array_1d(120)
# Source: EQ_SANS_sample (eqsans_sans.instr)
# component: lambda_det
# position: 0 0 22.28
# title: Wavelength monitor
# Ncount: 10000000
# filename: lambda_det.dat
# statistics: X0=4.30911; dX=1.04981;
# signal: Min=0; Max=4845.08; Mean=626.379;
# values: 75165.5 6617.08 2540
# xvar: L
# yvar: (I,I_err)
# xlabel: Wavelength [AA]
# ylabel: Intensity
# xlimits: 0 12
# variables: L I I_err N
0.05 0 0 0 
0.15 0 0 0 
0.25 0 0 0 
0.35 0 0 0 
0.45 0 0 0 
0.55 0 0 0 
0.65 0 0 0 
0.75 0 0 0 
0.85 0 0 0 
0.95 0 0 0 
1.05 0 0 0 
1.15 0 0 0 
1.25 0 0 0 
1.35 0 0 0 
1.45 0 0 0 
1.55 0 0 0 
1.65 0 0 0 
1.75 0 0 0 
1.85 0 0 0 
1.95 0 0 0 
2.05 0.01741283658 0.01741283658 1 
2.15 0 0 0 
2.25 0.1616501811 0.1616501811 1 
2.35 7.757670444 7.078090611 7 
2.45 5.06937609 2.459356513 9 
2.55 2.097126418 0.8993024085 11 
2.65 279.6516871 250.0052034 42 
2.75 3351.717419 1753.806613 102 
2.85 4141.172702 1431.30083 171 
2.95 1867.631014 978.9237782 159 
3.05 1494.741316 793.6783871 138 
3.15 945.4577183 527.5985473 135 
3.25 2574.521387 928.5239388 133 
3.35 3007.829202 1460.976818 142 
3.45 2523.912098 980.3560499 116 
3.55 2936.241005 1676.919845 93 
3.65 3259.033319 1632.473664 105 
3.75 2356.2613 1594.694693 91 
3.85 3342.995545 1393.925903 82 
3.95 2391.265339 1054.752248 84 
4.05 2701.403491 1339.427716 82 
4.15 1737.014665 850.6110509 71 
4.25 1311.737585 803.0140522 58 
4.35 233.1557726 121.6352987 44 
4.45 3283.707783 1422.473087 48 
4.55 2884.47003 1339.977601 59 
4.65 1675.081815 1037.10769 47 
4.75 1634.237512 945.2020147 39 
4.85 1701.667163 1162.382984 36 
4.95 737.0440988 395.9113513 50 
5.05 2515.023372 1057.213798 37 
5.15 1102.273136 581.6568997 32 
5.25 655.7395486 302.5750509 46 
5.35 304.3794851 197.9610848 32 
5.45 4845.075635 1685.625386 27 
5.55 2886.873361 1441.079142 24 
5.65 1269.844778 708.0429179 30 
5.75 2557.864995 1453.014638 31 
5.85 1260.200603 753.8531297 18 
5.95 715.394993 390.425509 20 
6.05 770.2547013 356.8557778 23 
6.15 995.6072138 449.8864281 19 
6.25 1739.167374 1180.265916 15 
6.35 257.5385696 158.1830381 13 
6.45 893.5388797 647.4531801 15 
6.55 9.697609576 11.40361145 2 
6.65 0 0 0 
6.75 0 0 0 
6.85 0 0 0 
6.95 0 0 0 
7.05 0 0 0 
7.15 0 0 0 
7.25 0 0 0 
7.35 0 0 0 
7.45 0 0 0 
7.55 0 0 0 
7.65 0 0 0 
7.75 0 0 0 
7.85 0 0 0 
7.95 0 0 0 
8.05 0 0 0 
8.15 0 0 0 
8.25 0 0 0 
8.35 0 0 0 
8.45 0 0 0 
8.55 0 0 0 
8.65 0 0 0 
8.75 0 0 0 
8.85 0 0 0 
8.95 0 0 0 
9.05 0 0 0 
9.15 0 0 0 
9.25 0 0 0 
9.35 0 0 0 
9.45 0 0 0 
9.55 0 0 0 
9.65 0 0 0 
9.75 0 0 0 
9.85 0 0 0 
9.95 0 0 0 
10.05 0 0 0 
10.15 0 0 0 
10.25 0 0 0 
10.35 0 0 0 
10.45 0 0 0 
10.55 0 0 0 
10.65 0 0 0 
10.75 0 0 0 
10.85 0 0 0 
10.95 0 0 0 
11.05 0 0 0 
11.15 0 0 0 
11.25 0 0 0 
11.35 0 0 0 
11.45 0 0 0 
11.55 0 0 0 
11.65 0 0 0 
11.75 0 0 0 
11.85 0 0 0 
11.95 0 0 0 
