# Format: McCode with text headers
# URL: http://www.mccode.org
# Creator:  3.8.5, git
# Instrument: eqsans_sans.instr
# Ncount: 10000000
# Trace: no
# Gravitation: no
# Seed: 1790183885988281
# Directory: /Users/georgeyumnam/WORK/PANRAID/PaNRAID-results/Group2/panraidproject/scan_sans_sample/x+08_y-07
# Param: gx=0.008
# Param: gy=-0.007
# Param: sample_on=1
# Param: R_sphere=100
# Param: Phi=0.01
# Param: bs_radius=0
# Param: samp_ap=0.01
# Date: Wed Sep 23 19:18:40 2026 (1790183920)
# type: array_1d(100)
# Source: EQ_SANS_sample (eqsans_sans.instr)
# component: qmon
# position: 0 0 22.281
# title: QMonitor - Distribution in q (Radially averaged)
# Ncount: 10000000
# filename: qdet.dat
# statistics: X0=0.0131762; dX=0.00974471;
# signal: Min=0; Max=5.27394e+08; Mean=3.49845e+07;
# values: 3.49845e+09 4.74501e+08 4868
# xvar: q
# yvar: (I,I_err)
# xlabel: q [1 / AA]
# ylabel: I(q)
# xlimits: 0 0.151561
# variables: q I I_err N
0.0007578035702 0 0 0 
0.002273410711 334605535.9 334605535.9 1 
0.003789017851 527393620.3 245541685 7 
0.005304624991 31160818.33 31160818.33 1 
0.006820232132 116923295.1 64412104.07 4 
0.008335839272 456135145.7 148004053.4 15 
0.009851446413 97511222.31 40356926.96 7 
0.01136705355 274664130.4 97351672.68 12 
0.01288266069 233586552.9 67358758 17 
0.01439826783 261497057.8 69543171.56 20 
0.01591387497 196292087.5 54761844.06 18 
0.01742948211 116469974.5 37646211.9 14 
0.01894508925 146805780.8 45148604.04 17 
0.0204606964 95619195.72 28168565.56 22 
0.02197630354 88676355.25 22110147.1 24 
0.02349191068 110611582.9 26415605.55 33 
0.02500751782 67975383.78 16281722.88 28 
0.02652312496 50177660.43 12912331.01 26 
0.0280387321 59411198.81 17542255.5 27 
0.02955433924 50182344 13331109.25 24 
0.03106994638 38353738.33 10264552.6 34 
0.03258555352 38548888.53 9275765.513 43 
0.03410116066 17520206.25 5025551.286 31 
0.0356167678 21661583.76 5683666.487 37 
0.03713237494 11999692.19 3156116.659 38 
0.03864798208 8878418.524 2163130.697 53 
0.04016358922 9852025.669 4053257.522 43 
0.04167919636 5639034.474 1706595.022 63 
0.0431948035 1972132.341 729982.272 36 
0.04471041064 1334151.974 435036.5206 37 
0.04622601778 1543568.277 497161.5633 47 
0.04774162492 1433132.659 291551.9664 53 
0.04925723206 1204862.57 277567.1613 42 
0.0507728392 1887418.407 482350.4028 61 
0.05228844634 1524680.93 347009.9233 48 
0.05380405348 1469303.209 232570.6144 56 
0.05531966062 1440530.967 240869.8453 53 
0.05683526776 1468181.014 241900.942 55 
0.05835087491 1776032.164 267247.7699 63 
0.05986648205 1316792.992 223599.4851 49 
0.06138208919 1396696.159 214066.6927 61 
0.06289769633 1226166.317 197481.3874 58 
0.06441330347 957488.9434 162598.7766 57 
0.06592891061 950072.4983 155039.2936 62 
0.06744451775 1097072.504 169986.3632 79 
0.06896012489 582967.7964 111543.5316 59 
0.07047573203 469209.8339 103537.3549 65 
0.07199133917 223958.8449 55757.41124 54 
0.07350694631 372100.2297 80601.14662 77 
0.07502255345 205861.2893 44634.12203 66 
0.07653816059 207466.3958 44870.86189 70 
0.07805376773 245143.4536 56177.86149 83 
0.07956937487 153837.9145 32756.56776 69 
0.08108498201 217866.5942 32163.12638 104 
0.08260058915 187828.6537 30615.66255 72 
0.08411619629 185307.8322 29259.00087 75 
0.08563180343 173849.8128 27655.32347 64 
0.08714741057 203074.2629 29110.98428 73 
0.08866301771 230323.04 34123.24786 65 
0.09017862485 307398.1739 36948.28491 92 
0.09169423199 226392.4077 32982.10085 68 
0.09320983913 256134.1377 33017.7847 79 
0.09472544627 217807.3332 30766.13221 70 
0.09624105341 159775.1585 23799.44993 67 
0.09775666056 177406.2089 25567.22994 79 
0.0992722677 150701.2692 24601.79827 74 
0.1007878748 108614.8095 19243.17723 69 
0.102303482 93113.21175 17108.99914 76 
0.1038190891 78454.1234 13103.87609 84 
0.1053346963 61835.5905 11563.14208 75 
0.1068503034 48335.0894 9462.876518 71 
0.1083659105 38245.88661 8885.90819 47 
0.1098815177 31325.83429 6028.862359 58 
0.1113971248 31234.92439 6158.383771 62 
0.112912732 28300.11316 5056.5638 60 
0.1144283391 45712.05581 7001.158704 74 
0.1159439462 32064.1105 5613.07459 59 
0.1174595534 42185.44977 6739.90258 55 
0.1189751605 47099.16153 7315.31319 63 
0.1204907677 44078.25399 7322.565732 49 
0.1220063748 56195.0873 8397.379522 58 
0.1235219819 37376.79158 6949.816974 40 
0.1250375891 44215.29028 7474.923046 46 
0.1265531962 39751.22734 6495.611269 49 
0.1280688034 30396.94027 5886.920397 39 
0.1295844105 20201.12933 4258.187061 34 
0.1311000176 26136.49097 5205.13176 43 
0.1326156248 25879.08152 4459.087957 56 
0.1341312319 19050.69512 3832.847362 54 
0.1356468391 10690.27879 2716.592192 41 
0.1371624462 19618.70263 4759.567553 45 
0.1386780533 11490.16682 2488.145961 42 
0.1401936605 11378.43158 2376.317491 50 
0.1417092676 5908.957178 1641.907652 42 
0.1432248748 7828.265458 1842.457873 34 
0.1447404819 7168.720763 1722.264506 39 
0.146256089 6406.028349 1487.412281 38 
0.1477716962 10411.09871 1981.937367 40 
0.1492873033 8571.969087 1835.35369 33 
0.1508029105 11993.59679 2188.162669 42 
