# Format: McCode with text headers
# URL: http://www.mccode.org
# Creator:  3.8.5, git
# Instrument: eqsans_cylinder.instr
# Ncount: 5000000
# Trace: no
# Gravitation: no
# Seed: 1790195855047056
# Directory: /Users/georgeyumnam/WORK/PANRAID/PaNRAID-results/Group2/panraidproject/dataset_cylinder/cyl_001752
# Param: gx=0
# Param: gy=0
# Param: sample_on=1
# Param: bs_radius=0
# Param: samp_ap=0.01
# Param: sld=1.5655
# Param: sld_solvent=1
# Param: radius=112.87
# Param: length=357.897
# Param: pd_radius=0.163051
# Param: pd_length=0.094333
# Param: model_scale=1
# Param: model_abs=0
# Date: Wed Sep 23 22:37:52 2026 (1790195872)
# type: array_1d(120)
# Source: EQ_SANS_cylinder (eqsans_cylinder.instr)
# component: lambda_det
# position: 0 0 22.28
# title: Wavelength monitor
# Ncount: 5000000
# filename: lambda_det.dat
# statistics: X0=4.39652; dX=1.0507;
# signal: Min=0; Max=2.12711e+10; Mean=4.6915e+09;
# values: 5.6298e+11 8.07252e+09 290790
# xvar: L
# yvar: (I,I_err)
# xlabel: Wavelength [AA]
# ylabel: Intensity
# xlimits: 0 12
# variables: L I I_err N
0.05 0 0 0 
0.15 0 0 0 
0.25 0 0 0 
0.35 0 0 0 
0.45 0 0 0 
0.55 0 0 0 
0.65 0 0 0 
0.75 0 0 0 
0.85 0 0 0 
0.95 0 0 0 
1.05 0 0 0 
1.15 0 0 0 
1.25 0 0 0 
1.35 0 0 0 
1.45 0 0 0 
1.55 0 0 0 
1.65 0 0 0 
1.75 0 0 0 
1.85 0 0 0 
1.95 0 0 0 
2.05 0 0 0 
2.15 0 0 0 
2.25 22456443.3 13019602.66 200 
2.35 260985437.9 133371742.9 250 
2.45 699498390.5 280888375.5 550 
2.55 214649122.9 61676635.32 800 
2.65 1701359721 336801950.7 2750 
2.75 6978660452 784349070.9 7500 
2.85 1.592625832e+10 1381092011 15400 
2.95 1.79784083e+10 1390229351 18550 
3.05 1.903444157e+10 1419574265 18100 
3.15 2.110826942e+10 1514607356 16798 
3.25 2.127107715e+10 1752022680 16200 
3.35 1.788270143e+10 1394282644 15350 
3.45 2.10017814e+10 1576116485 13549 
3.55 2.040751382e+10 1526643799 13000 
3.65 1.701043967e+10 1231906485 12000 
3.75 1.878447904e+10 1476947889 11150 
3.85 1.533188709e+10 1159535475 10299 
3.95 1.809257604e+10 1557820901 8998 
4.05 1.595571406e+10 1403293288 7700 
4.15 1.508404409e+10 1319674714 7850 
4.25 1.493850745e+10 1219295478 7200 
4.35 1.654275942e+10 1368232134 7350 
4.45 1.913026102e+10 1472196432 7549 
4.55 1.301675574e+10 1032482228 6099 
4.65 1.554659855e+10 1313259457 5750 
4.75 1.686974461e+10 1510796475 5950 
4.85 1.751969639e+10 1562737739 5100 
4.95 1.185376473e+10 1094158937 4150 
5.05 1.542636253e+10 1375062028 4600 
5.15 1.445852344e+10 1381488125 4250 
5.25 1.132803499e+10 1142699172 3400 
5.35 1.278029544e+10 1209664905 3949 
5.45 1.133243593e+10 1204266442 3500 
5.55 1.339579709e+10 1273741584 3400 
5.65 1.250287747e+10 1255087363 3150 
5.75 9592505724 1041435126 2500 
5.85 1.142432891e+10 1062157134 2900 
5.95 1.279694743e+10 1280737270 2900 
6.05 7265741958 804822038.4 1900 
6.15 9720735553 995894433.9 2000 
6.25 7745562485 959931156.5 1900 
6.35 8952282552 1112529685 1699 
6.45 9177694400 1273761893 1450 
6.55 4715486904 675931001.3 1050 
6.65 199205500.8 62202947.1 100 
6.75 0 0 0 
6.85 0 0 0 
6.95 0 0 0 
7.05 0 0 0 
7.15 0 0 0 
7.25 0 0 0 
7.35 0 0 0 
7.45 0 0 0 
7.55 0 0 0 
7.65 0 0 0 
7.75 0 0 0 
7.85 0 0 0 
7.95 0 0 0 
8.05 0 0 0 
8.15 0 0 0 
8.25 0 0 0 
8.35 0 0 0 
8.45 0 0 0 
8.55 0 0 0 
8.65 0 0 0 
8.75 0 0 0 
8.85 0 0 0 
8.95 0 0 0 
9.05 0 0 0 
9.15 0 0 0 
9.25 0 0 0 
9.35 0 0 0 
9.45 0 0 0 
9.55 0 0 0 
9.65 0 0 0 
9.75 0 0 0 
9.85 0 0 0 
9.95 0 0 0 
10.05 0 0 0 
10.15 0 0 0 
10.25 0 0 0 
10.35 0 0 0 
10.45 0 0 0 
10.55 0 0 0 
10.65 0 0 0 
10.75 0 0 0 
10.85 0 0 0 
10.95 0 0 0 
11.05 0 0 0 
11.15 0 0 0 
11.25 0 0 0 
11.35 0 0 0 
11.45 0 0 0 
11.55 0 0 0 
11.65 0 0 0 
11.75 0 0 0 
11.85 0 0 0 
11.95 0 0 0 
