# Format: McCode with text headers
# URL: http://www.mccode.org
# Creator:  3.8.5, git
# Instrument: eqsans_cylinder.instr
# Ncount: 5000000
# Trace: no
# Gravitation: no
# Seed: 1790196140967730
# Directory: /Users/georgeyumnam/WORK/PANRAID/PaNRAID-results/Group2/panraidproject/dataset_cylinder/cyl_001910
# Param: gx=0
# Param: gy=0
# Param: sample_on=1
# Param: bs_radius=0
# Param: samp_ap=0.01
# Param: sld=0.539781
# Param: sld_solvent=1
# Param: radius=175.692
# Param: length=211.813
# Param: pd_radius=0.124069
# Param: pd_length=0.124836
# Param: model_scale=1
# Param: model_abs=0
# Date: Wed Sep 23 22:42:38 2026 (1790196158)
# type: array_1d(120)
# Source: EQ_SANS_cylinder (eqsans_cylinder.instr)
# component: lambda_det
# position: 0 0 22.28
# title: Wavelength monitor
# Ncount: 5000000
# filename: lambda_det.dat
# statistics: X0=4.40832; dX=1.06824;
# signal: Min=0; Max=2.62981e+10; Mean=5.17215e+09;
# values: 6.20658e+11 9.78263e+09 289042
# xvar: L
# yvar: (I,I_err)
# xlabel: Wavelength [AA]
# ylabel: Intensity
# xlimits: 0 12
# variables: L I I_err N
0.05 0 0 0 
0.15 0 0 0 
0.25 0 0 0 
0.35 0 0 0 
0.45 0 0 0 
0.55 0 0 0 
0.65 0 0 0 
0.75 0 0 0 
0.85 0 0 0 
0.95 0 0 0 
1.05 0 0 0 
1.15 0 0 0 
1.25 0 0 0 
1.35 0 0 0 
1.45 0 0 0 
1.55 0 0 0 
1.65 0 0 0 
1.75 0 0 0 
1.85 0 0 0 
1.95 0 0 0 
2.05 0 0 0 
2.15 0 0 0 
2.25 19566736.85 11874950.29 100 
2.35 513290346.2 317541007.1 450 
2.45 424861921.7 195230644.8 850 
2.55 3403024735 1036869326 1700 
2.65 2933059085 746040436.1 2050 
2.75 8743555540 1112199352 8050 
2.85 1.433969311e+10 1400705348 14998 
2.95 1.817931194e+10 1481584590 17850 
3.05 1.832734421e+10 1624367273 17949 
3.15 2.62981158e+10 1981715172 20199 
3.25 2.38484832e+10 2107050724 15449 
3.35 2.2980347e+10 1962035252 14250 
3.45 1.96700428e+10 1716958123 12850 
3.55 2.333031503e+10 1955374621 13400 
3.65 1.922887423e+10 1782785375 12049 
3.75 1.984937301e+10 1877556920 9900 
3.85 1.555534914e+10 1298388601 9150 
3.95 1.986851436e+10 1662437581 10150 
4.05 2.073343512e+10 1720767043 9250 
4.15 1.907776183e+10 1576837135 8400 
4.25 1.500733328e+10 1451398289 7200 
4.35 1.811530715e+10 1766123343 6900 
4.45 1.495118244e+10 1398402549 5500 
4.55 1.749507258e+10 1727419805 5900 
4.65 1.478009925e+10 1630115667 5149 
4.75 1.188817155e+10 1333075615 4500 
4.85 1.327830158e+10 1311603176 4950 
4.95 1.061996993e+10 1131042271 3650 
5.05 1.565379084e+10 1570459913 4350 
5.15 1.537858065e+10 1494770058 4200 
5.25 1.69718489e+10 1916833702 3450 
5.35 2.004924567e+10 1829209378 4800 
5.45 1.478874774e+10 1530549408 3800 
5.55 1.333700854e+10 1377246131 3200 
5.65 2.083582016e+10 1706246888 4449 
5.75 1.107986299e+10 1492194610 2550 
5.85 1.092112546e+10 1244730293 2300 
5.95 1.182711375e+10 1321699363 2250 
6.05 1.235861647e+10 1475183870 2150 
6.15 9637355866 1025942690 2250 
6.25 1.036910067e+10 1272482980 1800 
6.35 1.087450213e+10 1282639290 2100 
6.45 9560591943 1233084677 1800 
6.55 2895746849 533240106 550 
6.65 659475201.9 187970955.4 250 
6.75 0 0 0 
6.85 0 0 0 
6.95 0 0 0 
7.05 0 0 0 
7.15 0 0 0 
7.25 0 0 0 
7.35 0 0 0 
7.45 0 0 0 
7.55 0 0 0 
7.65 0 0 0 
7.75 0 0 0 
7.85 0 0 0 
7.95 0 0 0 
8.05 0 0 0 
8.15 0 0 0 
8.25 0 0 0 
8.35 0 0 0 
8.45 0 0 0 
8.55 0 0 0 
8.65 0 0 0 
8.75 0 0 0 
8.85 0 0 0 
8.95 0 0 0 
9.05 0 0 0 
9.15 0 0 0 
9.25 0 0 0 
9.35 0 0 0 
9.45 0 0 0 
9.55 0 0 0 
9.65 0 0 0 
9.75 0 0 0 
9.85 0 0 0 
9.95 0 0 0 
10.05 0 0 0 
10.15 0 0 0 
10.25 0 0 0 
10.35 0 0 0 
10.45 0 0 0 
10.55 0 0 0 
10.65 0 0 0 
10.75 0 0 0 
10.85 0 0 0 
10.95 0 0 0 
11.05 0 0 0 
11.15 0 0 0 
11.25 0 0 0 
11.35 0 0 0 
11.45 0 0 0 
11.55 0 0 0 
11.65 0 0 0 
11.75 0 0 0 
11.85 0 0 0 
11.95 0 0 0 
