# Format: McCode with text headers
# URL: http://www.mccode.org
# Creator:  3.8.5, git
# Instrument: eqsans_cylinder.instr
# Ncount: 5000000
# Trace: no
# Gravitation: no
# Seed: 1790194006200393
# Directory: /Users/georgeyumnam/WORK/PANRAID/PaNRAID-results/Group2/panraidproject/dataset_cylinder/cyl_000721
# Param: gx=0
# Param: gy=0
# Param: sample_on=1
# Param: bs_radius=0
# Param: samp_ap=0.01
# Param: sld=4.31153
# Param: sld_solvent=1
# Param: radius=103.496
# Param: length=711.723
# Param: pd_radius=0.27286
# Param: pd_length=0.037344
# Param: model_scale=1
# Param: model_abs=0
# Date: Wed Sep 23 22:07:04 2026 (1790194024)
# type: array_1d(100)
# Source: EQ_SANS_cylinder (eqsans_cylinder.instr)
# component: qmon
# position: 0 0 22.281
# title: QMonitor - Radially averaged distribution
# Ncount: 5000000
# filename: rdet.dat
# statistics: X0=0.0416423; dX=0.0375029;
# signal: Min=5.2174e+12; Max=4.96198e+16; Mean=5.1029e+15;
# values: 5.1029e+17 2.28685e+16 160068
# xvar: r
# yvar: (I,I_err)
# xlabel: Radius [m]
# ylabel: I(r)
# xlimits: 0 0.5
# variables: r I I_err N
0.0025 3.961204789e+16 1.55847409e+16 11 
0.0075 4.961980552e+16 9.515926117e+15 53 
0.0125 3.449729471e+16 6.041935048e+15 65 
0.0175 4.380424825e+16 6.529573464e+15 131 
0.0225 4.115474524e+16 6.66111706e+15 143 
0.0275 3.350093459e+16 5.265726048e+15 147 
0.0325 2.870615644e+16 3.196201306e+15 215 
0.0375 3.098867498e+16 3.178880992e+15 251 
0.0425 2.548632799e+16 2.529144157e+15 268 
0.0475 2.292519471e+16 2.510209952e+15 273 
0.0525 2.35530985e+16 2.292546689e+15 315 
0.0575 1.780239329e+16 1.500032185e+15 365 
0.0625 1.470990688e+16 1.320681072e+15 397 
0.0675 1.424450481e+16 1.212069903e+15 444 
0.0725 1.327927927e+16 1.111272311e+15 509 
0.0775 1.20522824e+16 1.184078914e+15 493 
0.0825 1.010095165e+16 1.251393064e+15 537 
0.0875 7.339822513e+15 6.075056752e+14 523 
0.0925 6.635432423e+15 5.233237916e+14 615 
0.0975 5.739263641e+15 3.954288611e+14 675 
0.1025 4.924405941e+15 3.553255141e+14 641 
0.1075 4.274769583e+15 3.150003226e+14 714 
0.1125 3.30559879e+15 2.613088861e+14 713 
0.1175 2.912045453e+15 2.105759301e+14 763 
0.1225 2.661789231e+15 1.911687737e+14 778 
0.1275 2.193265068e+15 1.594837004e+14 849 
0.1325 1.838706331e+15 1.298430973e+14 860 
0.1375 1.592762049e+15 1.140801644e+14 880 
0.1425 1.262323437e+15 1.048004767e+14 898 
0.1475 1.333565502e+15 9.177266819e+13 1021 
0.1525 9.644704883e+14 6.592164e+13 972 
0.1575 8.191985155e+14 5.350342964e+13 1012 
0.1625 7.647783309e+14 5.576280182e+13 1035 
0.1675 5.83423053e+14 4.043151185e+13 1103 
0.1725 5.250329508e+14 3.403706405e+13 1091 
0.1775 4.896305203e+14 3.223941594e+13 1150 
0.1825 4.815086074e+14 3.463132909e+13 1180 
0.1875 3.171466502e+14 2.041071688e+13 1219 
0.1925 3.050924821e+14 2.06145266e+13 1244 
0.1975 2.653517562e+14 1.599670064e+13 1303 
0.2025 2.430200054e+14 1.444653981e+13 1323 
0.2075 2.218488811e+14 1.285802816e+13 1372 
0.2125 1.803162992e+14 1.020994252e+13 1341 
0.2175 1.570450794e+14 8.108968055e+12 1427 
0.2225 1.407243798e+14 8.345447041e+12 1357 
0.2275 1.416704669e+14 7.200722209e+12 1466 
0.2325 1.253593096e+14 6.684518484e+12 1516 
0.2375 1.123942285e+14 6.149836531e+12 1534 
0.2425 1.047340538e+14 5.417363054e+12 1541 
0.2475 8.271584791e+13 4.192611947e+12 1489 
0.2525 8.001918174e+13 3.830381318e+12 1631 
0.2575 8.040364668e+13 3.921635288e+12 1693 
0.2625 6.982371503e+13 3.281435849e+12 1622 
0.2675 6.474051946e+13 2.922602647e+12 1719 
0.2725 5.756504844e+13 2.469920666e+12 1764 
0.2775 5.449937373e+13 2.48660361e+12 1742 
0.2825 4.84422735e+13 2.068290936e+12 1772 
0.2875 4.666780395e+13 1.968984188e+12 1906 
0.2925 4.206092963e+13 1.792195572e+12 1830 
0.2975 3.998827355e+13 1.820594731e+12 1798 
0.3025 3.933448125e+13 1.64834517e+12 1983 
0.3075 3.832672037e+13 1.606855018e+12 2007 
0.3125 3.365863986e+13 1.404773078e+12 2043 
0.3175 3.108681923e+13 1.242684801e+12 2018 
0.3225 3.06107758e+13 1.315203463e+12 2061 
0.3275 2.708650823e+13 1.112367554e+12 2071 
0.3325 2.674773425e+13 1.098022594e+12 2115 
0.3375 2.580121639e+13 1.08505935e+12 2181 
0.3425 2.467676631e+13 9.975839506e+11 2235 
0.3475 2.239632838e+13 9.146684705e+11 2230 
0.3525 2.065255275e+13 8.087606081e+11 2259 
0.3575 2.04843808e+13 8.164319762e+11 2272 
0.3625 1.849321444e+13 7.014668128e+11 2344 
0.3675 1.830836657e+13 7.127604838e+11 2305 
0.3725 1.677212293e+13 6.885201054e+11 2285 
0.3775 1.493249666e+13 5.793096591e+11 2356 
0.3825 1.503829292e+13 5.856302585e+11 2503 
0.3875 1.425998713e+13 5.351788515e+11 2434 
0.3925 1.289348222e+13 4.954451144e+11 2425 
0.3975 1.345454715e+13 5.126862801e+11 2595 
0.4025 1.257100324e+13 4.453497556e+11 2614 
0.4075 1.157881239e+13 4.18969043e+11 2612 
0.4125 1.192128213e+13 4.43864558e+11 2705 
0.4175 1.080064334e+13 4.126880552e+11 2669 
0.4225 1.037165673e+13 3.727037274e+11 2666 
0.4275 8.770524903e+12 3.124757781e+11 2706 
0.4325 8.616405881e+12 3.24128113e+11 2705 
0.4375 8.361155338e+12 2.835283235e+11 2780 
0.4425 8.528701531e+12 3.123317838e+11 2861 
0.4475 7.857184729e+12 2.686108495e+11 2818 
0.4525 7.637649813e+12 2.657923383e+11 2892 
0.4575 6.913635724e+12 2.38131984e+11 2888 
0.4625 6.824010493e+12 2.370176114e+11 3027 
0.4675 7.29209724e+12 2.571858302e+11 3106 
0.4725 6.502770952e+12 2.225601065e+11 2946 
0.4775 6.452612443e+12 2.193599101e+11 3055 
0.4825 6.058612754e+12 2.00219071e+11 3119 
0.4875 5.571046667e+12 1.896894781e+11 3099 
0.4925 5.493399833e+12 1.854791033e+11 3152 
0.4975 5.217395615e+12 1.704133386e+11 3227 
