# Format: McCode with text headers
# URL: http://www.mccode.org
# Creator:  3.8.5, git
# Instrument: eqsans_sans.instr
# Ncount: 10000000
# Trace: no
# Gravitation: no
# Seed: 1790182811441599
# Directory: /Users/georgeyumnam/WORK/PANRAID/PaNRAID-results/Group2/panraidproject/scan_sans_sample/x+00_y+19
# Param: gx=0
# Param: gy=0.019
# Param: sample_on=1
# Param: R_sphere=100
# Param: Phi=0.01
# Param: bs_radius=0
# Param: samp_ap=0.01
# Date: Wed Sep 23 19:00:46 2026 (1790182846)
# type: array_1d(100)
# Source: EQ_SANS_sample (eqsans_sans.instr)
# component: qmon
# position: 0 0 22.281
# title: QMonitor - Distribution in q (Radially averaged)
# Ncount: 10000000
# filename: qdet.dat
# statistics: X0=0.0164636; dX=0.00987462;
# signal: Min=0; Max=1.64517e+08; Mean=1.99744e+07;
# values: 1.99744e+09 2.07385e+08 3811
# xvar: q
# yvar: (I,I_err)
# xlabel: q [1 / AA]
# ylabel: I(q)
# xlimits: 0 0.151561
# variables: q I I_err N
0.0007578035702 0 0 0 
0.002273410711 0 0 0 
0.003789017851 158625001.6 92199789.63 3 
0.005304624991 164160778.2 111821444.2 3 
0.006820232132 57720984.66 40942665.57 2 
0.008335839272 51596131.84 29978375.13 3 
0.009851446413 164517228.2 73982075.03 8 
0.01136705355 162851387 63874379.64 7 
0.01288266069 107244331 36929791.42 12 
0.01439826783 103212434 42676225.18 8 
0.01591387497 101868614.1 40535282.55 9 
0.01742948211 132352874.6 40704505 13 
0.01894508925 147566572.7 41663511.17 19 
0.0204606964 106104961.9 29566077.46 20 
0.02197630354 99199125.39 26958271.37 22 
0.02349191068 112448116.8 30428649.98 23 
0.02500751782 58597445.72 16579526.23 21 
0.02652312496 44408553.88 12851509.89 21 
0.0280387321 44717100.71 12114171.12 20 
0.02955433924 36057406.28 8055432.311 30 
0.03106994638 34636819.86 9361429.254 33 
0.03258555352 31677228.5 8923085.402 33 
0.03410116066 18928274.91 7128907.93 27 
0.0356167678 11817790.51 3532585.611 28 
0.03713237494 8169062.64 3173966.673 33 
0.03864798208 5461618.567 2124193.782 28 
0.04016358922 6420287.439 2707903.478 31 
0.04167919636 2170327.398 831349.5357 34 
0.0431948035 1648316.113 458912.7007 37 
0.04471041064 1209246.646 554843.5094 30 
0.04622601778 1303860.577 511173.2956 32 
0.04774162492 1057510.886 238039.2895 49 
0.04925723206 937169.3026 223544.5898 45 
0.0507728392 890756.4743 197637.8169 37 
0.05228844634 1204812.337 222854.8081 46 
0.05380405348 1218211.769 199414.6139 59 
0.05531966062 1313554.976 214204.4985 54 
0.05683526776 1401282.167 233920.8024 48 
0.05835087491 976170.4877 194610.2617 36 
0.05986648205 1264967.549 217589.6852 47 
0.06138208919 1159550.072 189720.9113 49 
0.06289769633 1113883.856 199181.3266 45 
0.06441330347 1087984.585 187048.4819 56 
0.06592891061 1100449.867 186289.6355 57 
0.06744451775 785101.3783 132380.464 74 
0.06896012489 609761.2459 123825.5326 55 
0.07047573203 523960.5286 103613.9858 58 
0.07199133917 416939.9595 86384.45431 56 
0.07350694631 189594.7516 43560.4934 59 
0.07502255345 213931.956 46164.05659 55 
0.07653816059 98833.73829 26847.9297 54 
0.07805376773 84585.48279 21098.76248 50 
0.07956937487 108925.393 22041.60724 60 
0.08108498201 140022.7555 25561.39024 59 
0.08260058915 109147.8553 19336.675 62 
0.08411619629 123767.3456 21206.92957 54 
0.08563180343 139645.7666 22088.55433 58 
0.08714741057 171376.3737 29435.49846 50 
0.08866301771 200386.7403 31171.87083 59 
0.09017862485 187933.4126 28789.8405 55 
0.09169423199 203382.5517 31515.00899 55 
0.09320983913 183315.7744 30189.18377 49 
0.09472544627 173769.3628 25428.78117 60 
0.09624105341 179412.0119 27417.56264 63 
0.09775666056 162629.6347 25886.98184 66 
0.0992722677 115962.4002 19269.36502 62 
0.1007878748 96283.15534 17904.46068 46 
0.102303482 82714.78901 16898.60379 57 
0.1038190891 59577.87255 12683.39193 55 
0.1053346963 62633.39552 14022.64703 49 
0.1068503034 28220.2377 5958.238189 60 
0.1083659105 24788.82241 6402.349894 55 
0.1098815177 25755.67468 6011.472824 48 
0.1113971248 32897.26953 6237.697483 53 
0.112912732 22482.816 4695.069267 42 
0.1144283391 30630.75659 6159.226739 48 
0.1159439462 23330.58283 4721.421635 43 
0.1174595534 31320.13748 5561.363748 46 
0.1189751605 34695.67566 6225.539058 45 
0.1204907677 31090.78696 5750.104082 42 
0.1220063748 31632.64672 5994.26342 35 
0.1235219819 39284.91059 6942.221343 45 
0.1250375891 35264.46589 6085.892607 39 
0.1265531962 29627.3745 5813.503328 34 
0.1280688034 20256.14822 4066.625549 34 
0.1295844105 28402.6282 5275.310783 41 
0.1311000176 23287.63376 4656.705218 40 
0.1326156248 17645.84231 4095.959228 29 
0.1341312319 14593.39323 3708.515353 31 
0.1356468391 17743.63811 4107.00653 38 
0.1371624462 6201.281185 1724.005706 29 
0.1386780533 9484.6936 2576.299007 36 
0.1401936605 7068.667893 2044.109808 28 
0.1417092676 3859.584739 1067.103199 28 
0.1432248748 4389.784797 1385.395261 19 
0.1447404819 5427.583278 1199.735631 33 
0.146256089 4075.512028 1290.007736 23 
0.1477716962 5916.120346 1554.944404 21 
0.1492873033 7573.779742 1654.865466 30 
0.1508029105 4388.82699 1247.526292 18 
