# Format: McCode with text headers
# URL: http://www.mccode.org
# Creator:  3.8.5, git
# Instrument: eqsans_cylinder.instr
# Ncount: 5000000
# Trace: no
# Gravitation: no
# Seed: 1790196081647661
# Directory: /Users/georgeyumnam/WORK/PANRAID/PaNRAID-results/Group2/panraidproject/dataset_cylinder/cyl_001879
# Param: gx=0
# Param: gy=0
# Param: sample_on=1
# Param: bs_radius=0
# Param: samp_ap=0.01
# Param: sld=3.97311
# Param: sld_solvent=1
# Param: radius=24.8519
# Param: length=213.167
# Param: pd_radius=0.126144
# Param: pd_length=0.104339
# Param: model_scale=1
# Param: model_abs=0
# Date: Wed Sep 23 22:41:39 2026 (1790196099)
# type: array_1d(100)
# Source: EQ_SANS_cylinder (eqsans_cylinder.instr)
# component: qmon
# position: 0 0 22.281
# title: QMonitor - Distribution in q (Radially averaged)
# Ncount: 5000000
# filename: qdet.dat
# statistics: X0=0.0247946; dX=0.0221914;
# signal: Min=2.02233e+10; Max=6.37085e+13; Mean=1.10701e+13;
# values: 1.10701e+15 1.72853e+13 246515
# xvar: q
# yvar: (I,I_err)
# xlabel: q [1 / AA]
# ylabel: I(q)
# xlimits: 0 0.151561
# variables: q I I_err N
0.0007578035702 6.370852253e+13 1.294085653e+13 49 
0.002273410711 5.791475194e+13 6.790490984e+12 120 
0.003789017851 4.598236753e+13 4.313828095e+12 193 
0.005304624991 4.959728473e+13 3.816501137e+12 290 
0.006820232132 4.447914926e+13 3.112721064e+12 344 
0.008335839272 4.759874157e+13 2.751116844e+12 459 
0.009851446413 4.604184173e+13 2.738844841e+12 498 
0.01136705355 4.196996371e+13 2.23958389e+12 591 
0.01288266069 3.901385543e+13 2.021304484e+12 651 
0.01439826783 3.987412544e+13 1.887586087e+12 746 
0.01591387497 3.444988126e+13 1.534440771e+12 819 
0.01742948211 3.600823902e+13 1.557647125e+12 909 
0.01894508925 3.464922193e+13 1.436040851e+12 975 
0.0204606964 3.296354462e+13 1.311173952e+12 1078 
0.02197630354 2.952541416e+13 1.132977803e+12 1152 
0.02349191068 3.054308215e+13 1.113242263e+12 1249 
0.02500751782 2.565020289e+13 9.434960558e+11 1259 
0.02652312496 2.475746798e+13 8.566464552e+11 1400 
0.0280387321 2.187792612e+13 7.374550259e+11 1419 
0.02955433924 2.133684029e+13 6.956462483e+11 1602 
0.03106994638 1.973185124e+13 6.442285836e+11 1592 
0.03258555352 1.903034952e+13 5.887649794e+11 1715 
0.03410116066 1.78402385e+13 5.492564578e+11 1780 
0.0356167678 1.735385064e+13 5.075582024e+11 1923 
0.03713237494 1.641314499e+13 4.712230176e+11 1966 
0.03864798208 1.493560242e+13 4.099474132e+11 2057 
0.04016358922 1.440191713e+13 4.011858323e+11 2092 
0.04167919636 1.297611693e+13 3.602055618e+11 2149 
0.0431948035 1.27397881e+13 3.405886602e+11 2226 
0.04471041064 1.228333609e+13 3.252486352e+11 2331 
0.04622601778 1.135910442e+13 2.877228947e+11 2434 
0.04774162492 1.096339488e+13 2.738381507e+11 2506 
0.04925723206 1.026642661e+13 2.489893014e+11 2603 
0.0507728392 9.575631598e+12 2.336845221e+11 2622 
0.05228844634 9.185076377e+12 2.171903961e+11 2721 
0.05380405348 8.808683584e+12 2.052516157e+11 2853 
0.05531966062 8.283817367e+12 1.899574113e+11 2922 
0.05683526776 7.544856147e+12 1.72211542e+11 2896 
0.05835087491 7.363834314e+12 1.617798194e+11 3114 
0.05986648205 6.947881076e+12 1.535007628e+11 3164 
0.06138208919 6.502817004e+12 1.417303298e+11 3181 
0.06289769633 6.086825013e+12 1.29477488e+11 3256 
0.06441330347 5.546832377e+12 1.194313208e+11 3184 
0.06592891061 5.459565296e+12 1.14840562e+11 3366 
0.06744451775 5.085411817e+12 1.067558168e+11 3416 
0.06896012489 4.820562587e+12 9.799078997e+10 3511 
0.07047573203 4.436968017e+12 9.119861795e+10 3489 
0.07199133917 4.234562686e+12 8.628820127e+10 3516 
0.07350694631 3.867825394e+12 7.759817101e+10 3576 
0.07502255345 3.633114643e+12 7.221861891e+10 3569 
0.07653816059 3.35034197e+12 6.634614914e+10 3596 
0.07805376773 3.222978231e+12 6.308665067e+10 3717 
0.07956937487 2.863703868e+12 5.60632198e+10 3676 
0.08108498201 2.83081608e+12 5.442020645e+10 3767 
0.08260058915 2.563458323e+12 4.923673169e+10 3756 
0.08411619629 2.389579502e+12 4.527414376e+10 3835 
0.08563180343 2.211023057e+12 4.195320031e+10 3818 
0.08714741057 2.021401208e+12 3.841060654e+10 3764 
0.08866301771 1.801390104e+12 3.417179034e+10 3708 
0.09017862485 1.735302876e+12 3.279474968e+10 3803 
0.09169423199 1.565709761e+12 2.999363351e+10 3721 
0.09320983913 1.480734384e+12 2.788603208e+10 3786 
0.09472544627 1.351855289e+12 2.56359955e+10 3710 
0.09624105341 1.18241033e+12 2.300116438e+10 3593 
0.09775666056 1.107050816e+12 2.121610746e+10 3637 
0.0992722677 1.039215966e+12 1.985534727e+10 3645 
0.1007878748 9.157714177e+11 1.776911213e+10 3578 
0.102303482 8.375709964e+11 1.616556972e+10 3547 
0.1038190891 7.530459365e+11 1.481931443e+10 3449 
0.1053346963 6.6292963e+11 1.337438394e+10 3297 
0.1068503034 6.051814123e+11 1.212793299e+10 3341 
0.1083659105 5.7572073e+11 1.14939279e+10 3417 
0.1098815177 4.979475995e+11 1.024816083e+10 3235 
0.1113971248 4.299550074e+11 9030741206 3117 
0.112912732 4.099913515e+11 8575857625 3171 
0.1144283391 3.622941519e+11 7574847151 3158 
0.1159439462 3.269647551e+11 6972430061 3083 
0.1174595534 2.898027973e+11 6263432196 3024 
0.1189751605 2.571262902e+11 5635953375 2994 
0.1204907677 2.150392483e+11 4870777576 2767 
0.1220063748 1.989488097e+11 4559775849 2797 
0.1235219819 1.689923327e+11 3939557843 2735 
0.1250375891 1.577994147e+11 3751121551 2694 
0.1265531962 1.319940415e+11 3195779116 2578 
0.1280688034 1.162280113e+11 2852773032 2537 
0.1295844105 1.01773037e+11 2598772770 2430 
0.1311000176 9.504068039e+10 2404646518 2494 
0.1326156248 8.001513317e+10 2086917306 2384 
0.1341312319 7.143916748e+10 1875807002 2342 
0.1356468391 6.180643871e+10 1676311659 2253 
0.1371624462 5.594019224e+10 1541310375 2203 
0.1386780533 4.768836168e+10 1387266191 2072 
0.1401936605 4.434823639e+10 1286016346 2053 
0.1417092676 3.904758626e+10 1132307283 2059 
0.1432248748 3.172692613e+10 963888868.1 1844 
0.1447404819 3.187835362e+10 976700922.7 1900 
0.146256089 2.656772424e+10 820566291.6 1804 
0.1477716962 2.524011845e+10 786296861.8 1827 
0.1492873033 2.219319587e+10 726485406.6 1662 
0.1508029105 2.022329048e+10 679912156.5 1604 
