# Format: McCode with text headers
# URL: http://www.mccode.org
# Creator:  3.8.5, git
# Instrument: eqsans_cylinder.instr
# Ncount: 5000000
# Trace: no
# Gravitation: no
# Seed: 1790195041616110
# Directory: /Users/georgeyumnam/WORK/PANRAID/PaNRAID-results/Group2/panraidproject/dataset_cylinder/cyl_001299
# Param: gx=0
# Param: gy=0
# Param: sample_on=1
# Param: bs_radius=0
# Param: samp_ap=0.01
# Param: sld=3.98075
# Param: sld_solvent=1
# Param: radius=21.8925
# Param: length=302.207
# Param: pd_radius=0.27581
# Param: pd_length=0.127825
# Param: model_scale=1
# Param: model_abs=0
# Date: Wed Sep 23 22:24:19 2026 (1790195059)
# type: array_1d(100)
# Source: EQ_SANS_cylinder (eqsans_cylinder.instr)
# component: qmon
# position: 0 0 22.281
# title: QMonitor - Radially averaged distribution
# Ncount: 5000000
# filename: rdet.dat
# statistics: X0=0.114116; dX=0.106216;
# signal: Min=4.85503e+11; Max=3.14132e+13; Mean=5.89305e+12;
# values: 5.89305e+14 1.41197e+13 164178
# xvar: r
# yvar: (I,I_err)
# xlabel: Radius [m]
# ylabel: I(r)
# xlimits: 0 0.5
# variables: r I I_err N
0.0025 2.423565012e+13 1.106810422e+13 16 
0.0075 1.526085457e+13 3.840608413e+12 37 
0.0125 3.141320202e+13 4.775530052e+12 101 
0.0175 2.067646686e+13 2.853241457e+12 108 
0.0225 2.15705777e+13 2.473896754e+12 165 
0.0275 2.054591006e+13 2.236462135e+12 180 
0.0325 2.071917195e+13 2.042963281e+12 217 
0.0375 1.791814698e+13 1.658885267e+12 262 
0.0425 1.87950762e+13 1.72671674e+12 279 
0.0475 1.824719326e+13 1.753636445e+12 300 
0.0525 1.42301257e+13 1.180266933e+12 320 
0.0575 1.813319844e+13 1.466392028e+12 385 
0.0625 1.555891274e+13 1.203842277e+12 395 
0.0675 1.356704831e+13 1.030736719e+12 441 
0.0725 1.175318486e+13 8.260567436e+11 448 
0.0775 1.420235666e+13 1.032936871e+12 520 
0.0825 1.193392526e+13 7.947135432e+11 532 
0.0875 1.154561156e+13 6.972989417e+11 592 
0.0925 1.174828479e+13 6.989378672e+11 639 
0.0975 1.034233733e+13 6.382025234e+11 607 
0.1025 9.96165388e+12 6.026923864e+11 652 
0.1075 9.028159477e+12 5.697570834e+11 665 
0.1125 9.025592753e+12 5.34421096e+11 711 
0.1175 7.453257788e+12 4.150417616e+11 688 
0.1225 8.735151773e+12 4.471660961e+11 842 
0.1275 8.101899604e+12 4.368100779e+11 840 
0.1325 7.663015813e+12 3.919465484e+11 884 
0.1375 6.91694721e+12 3.509155876e+11 881 
0.1425 7.282996397e+12 3.547726666e+11 917 
0.1475 6.874682831e+12 3.488922675e+11 1001 
0.1525 6.865045872e+12 3.230760808e+11 1017 
0.1575 6.983303147e+12 3.250508549e+11 1073 
0.1625 6.294065984e+12 2.891540622e+11 1107 
0.1675 5.863432003e+12 2.581634187e+11 1114 
0.1725 5.737911823e+12 2.603702693e+11 1117 
0.1775 5.220312868e+12 2.337414273e+11 1150 
0.1825 5.182122573e+12 2.236576184e+11 1206 
0.1875 5.002739195e+12 2.106666801e+11 1266 
0.1925 5.016969319e+12 2.101489065e+11 1281 
0.1975 4.606663609e+12 1.901957437e+11 1287 
0.2025 4.368807113e+12 1.860317037e+11 1267 
0.2075 4.167911315e+12 1.72385039e+11 1353 
0.2125 4.093742611e+12 1.608277416e+11 1406 
0.2175 3.861098937e+12 1.509364819e+11 1394 
0.2225 3.935909985e+12 1.481694951e+11 1513 
0.2275 3.600284535e+12 1.411223216e+11 1452 
0.2325 3.591073765e+12 1.375300346e+11 1565 
0.2375 3.519817802e+12 1.260343166e+11 1587 
0.2425 3.073098392e+12 1.132020404e+11 1551 
0.2475 3.153451809e+12 1.203286502e+11 1572 
0.2525 2.985910105e+12 1.124631944e+11 1578 
0.2575 2.67093266e+12 9.685732778e+10 1629 
0.2625 2.717276884e+12 9.724366148e+10 1711 
0.2675 2.72390308e+12 9.43939699e+10 1793 
0.2725 2.625703004e+12 9.023414649e+10 1819 
0.2775 2.582753747e+12 8.680369294e+10 1878 
0.2825 2.415669282e+12 8.351495766e+10 1843 
0.2875 2.44557552e+12 8.294969151e+10 1951 
0.2925 2.310019951e+12 7.802584515e+10 1939 
0.2975 2.095259703e+12 7.291054235e+10 1905 
0.3025 2.162468443e+12 7.067732244e+10 2017 
0.3075 2.225526581e+12 7.465295352e+10 2105 
0.3125 2.073077637e+12 6.91015121e+10 2139 
0.3175 1.772215413e+12 5.788691713e+10 2049 
0.3225 1.878813499e+12 6.265024701e+10 2083 
0.3275 1.775671028e+12 5.809712335e+10 2164 
0.3325 1.790646299e+12 5.757876892e+10 2205 
0.3375 1.623239688e+12 5.163067231e+10 2226 
0.3425 1.587015325e+12 5.23648801e+10 2273 
0.3475 1.632795306e+12 5.107572821e+10 2287 
0.3525 1.518649894e+12 5.060819975e+10 2288 
0.3575 1.39912215e+12 4.365179152e+10 2313 
0.3625 1.453614183e+12 4.505220928e+10 2407 
0.3675 1.34510709e+12 4.328239555e+10 2389 
0.3725 1.291941892e+12 4.023199883e+10 2494 
0.3775 1.291782714e+12 3.998592074e+10 2564 
0.3825 1.171355008e+12 3.644790191e+10 2464 
0.3875 1.124123491e+12 3.576472622e+10 2501 
0.3925 1.157253302e+12 3.584719257e+10 2595 
0.3975 1.071986597e+12 3.244613839e+10 2599 
0.4025 1.084852303e+12 3.248005824e+10 2690 
0.4075 9.788611436e+11 2.930826662e+10 2699 
0.4125 8.992249821e+11 2.848798167e+10 2614 
0.4175 9.25763612e+11 2.838154489e+10 2750 
0.4225 8.127981256e+11 2.455684175e+10 2665 
0.4275 8.451382936e+11 2.610020147e+10 2812 
0.4325 8.064763146e+11 2.476451295e+10 2840 
0.4375 8.703418708e+11 2.574658034e+10 3044 
0.4425 7.449964928e+11 2.305801514e+10 2841 
0.4475 7.36116374e+11 2.187409426e+10 2918 
0.4525 7.436421496e+11 2.161910637e+10 3029 
0.4575 6.885597962e+11 2.114777034e+10 2987 
0.4625 6.577718607e+11 2.017912136e+10 2944 
0.4675 6.2890113e+11 1.876673561e+10 3039 
0.4725 6.028044302e+11 1.868694351e+10 3002 
0.4775 6.114965618e+11 1.811117229e+10 3212 
0.4825 5.863526119e+11 1.708849201e+10 3200 
0.4875 5.480801759e+11 1.558477245e+10 3220 
0.4925 5.492685242e+11 1.613255251e+10 3327 
0.4975 4.855034171e+11 1.40196639e+10 3234 
