# Format: McCode with text headers
# URL: http://www.mccode.org
# Creator:  3.8.5, git
# Instrument: eqsans_sans.instr
# Ncount: 10000000
# Trace: no
# Gravitation: no
# Seed: 1790180128545592
# Directory: /Users/georgeyumnam/WORK/PANRAID/PaNRAID-results/Group2/panraidproject/scan_sans_sample/x-18_y-13
# Param: gx=-0.018
# Param: gy=-0.013
# Param: sample_on=1
# Param: R_sphere=100
# Param: Phi=0.01
# Param: bs_radius=0
# Param: samp_ap=0.01
# Date: Wed Sep 23 18:16:03 2026 (1790180163)
# type: array_1d(120)
# Source: EQ_SANS_sample (eqsans_sans.instr)
# component: lambda_det
# position: 0 0 22.28
# title: Wavelength monitor
# Ncount: 10000000
# filename: lambda_det.dat
# statistics: X0=4.34516; dX=1.00981;
# signal: Min=0; Max=5146.69; Mean=650.299;
# values: 78035.9 6937 2609
# xvar: L
# yvar: (I,I_err)
# xlabel: Wavelength [AA]
# ylabel: Intensity
# xlimits: 0 12
# variables: L I I_err N
0.05 0 0 0 
0.15 0 0 0 
0.25 0 0 0 
0.35 0 0 0 
0.45 0 0 0 
0.55 0 0 0 
0.65 0 0 0 
0.75 0 0 0 
0.85 0 0 0 
0.95 0 0 0 
1.05 0 0 0 
1.15 0 0 0 
1.25 0 0 0 
1.35 0 0 0 
1.45 0 0 0 
1.55 0 0 0 
1.65 0 0 0 
1.75 0 0 0 
1.85 0 0 0 
1.95 0 0 0 
2.05 0 0 0 
2.15 0 0 0 
2.25 0.5280699792 0.5280699792 1 
2.35 65.53340852 71.55578308 5 
2.45 42.83015071 35.36854547 14 
2.55 25.72028886 21.4655883 19 
2.65 851.2235757 839.5599376 34 
2.75 1312.169937 774.8637033 115 
2.85 755.5051352 436.9818508 142 
2.95 3966.653053 1451.337389 154 
3.05 3806.137766 1394.752829 191 
3.15 1878.437912 1113.31287 121 
3.25 3389.852266 1593.428751 130 
3.35 2317.945101 1061.817911 136 
3.45 2545.928218 1074.537613 115 
3.55 558.0082311 362.9989879 113 
3.65 1438.386515 636.2482947 95 
3.75 2962.847825 1429.322335 81 
3.85 3707.542382 1655.424537 88 
3.95 1805.128726 934.8807701 89 
4.05 1948.466576 1041.610774 75 
4.15 4625.581588 1774.122684 84 
4.25 1924.358095 1113.863463 67 
4.35 3147.865564 1248.930029 81 
4.45 1738.76017 1056.858254 46 
4.55 3909.329504 1798.09521 54 
4.65 2720.515268 1182.714253 50 
4.75 84.75767525 20.60988193 49 
4.85 2340.688879 1216.968159 45 
4.95 567.3757234 231.8557568 36 
5.05 2972.129372 1434.339587 34 
5.15 1941.827249 1192.166821 36 
5.25 840.0114732 370.381448 37 
5.35 1181.324259 773.2058704 40 
5.45 841.4648208 514.8574988 26 
5.55 5146.688105 2392.172386 29 
5.65 1385.623653 922.8755131 25 
5.75 1747.043536 1257.458991 21 
5.85 1763.823073 1145.100292 20 
5.95 1980.799146 1129.12166 26 
6.05 1413.448407 988.6328691 18 
6.15 456.0509219 312.1816545 20 
6.25 339.995349 284.5458598 13 
6.35 957.0623307 621.4301663 17 
6.45 580.6878728 408.2339368 14 
6.55 49.8054631 35.8577102 3 
6.65 0 0 0 
6.75 0 0 0 
6.85 0 0 0 
6.95 0 0 0 
7.05 0 0 0 
7.15 0 0 0 
7.25 0 0 0 
7.35 0 0 0 
7.45 0 0 0 
7.55 0 0 0 
7.65 0 0 0 
7.75 0 0 0 
7.85 0 0 0 
7.95 0 0 0 
8.05 0 0 0 
8.15 0 0 0 
8.25 0 0 0 
8.35 0 0 0 
8.45 0 0 0 
8.55 0 0 0 
8.65 0 0 0 
8.75 0 0 0 
8.85 0 0 0 
8.95 0 0 0 
9.05 0 0 0 
9.15 0 0 0 
9.25 0 0 0 
9.35 0 0 0 
9.45 0 0 0 
9.55 0 0 0 
9.65 0 0 0 
9.75 0 0 0 
9.85 0 0 0 
9.95 0 0 0 
10.05 0 0 0 
10.15 0 0 0 
10.25 0 0 0 
10.35 0 0 0 
10.45 0 0 0 
10.55 0 0 0 
10.65 0 0 0 
10.75 0 0 0 
10.85 0 0 0 
10.95 0 0 0 
11.05 0 0 0 
11.15 0 0 0 
11.25 0 0 0 
11.35 0 0 0 
11.45 0 0 0 
11.55 0 0 0 
11.65 0 0 0 
11.75 0 0 0 
11.85 0 0 0 
11.95 0 0 0 
