# Format: McCode with text headers
# URL: http://www.mccode.org
# Creator:  3.8.5, git
# Instrument: eqsans_cylinder.instr
# Ncount: 5000000
# Trace: no
# Gravitation: no
# Seed: 1790195856267525
# Directory: /Users/georgeyumnam/WORK/PANRAID/PaNRAID-results/Group2/panraidproject/dataset_cylinder/cyl_001754
# Param: gx=0
# Param: gy=0
# Param: sample_on=1
# Param: bs_radius=0
# Param: samp_ap=0.01
# Param: sld=3.20512
# Param: sld_solvent=1
# Param: radius=25.1135
# Param: length=314.085
# Param: pd_radius=0.0525
# Param: pd_length=0.045796
# Param: model_scale=1
# Param: model_abs=0
# Date: Wed Sep 23 22:37:53 2026 (1790195873)
# type: array_1d(100)
# Source: EQ_SANS_cylinder (eqsans_cylinder.instr)
# component: qmon
# position: 0 0 22.281
# title: QMonitor - Distribution in q (Radially averaged)
# Ncount: 5000000
# filename: qdet.dat
# statistics: X0=0.0234835; dX=0.0218028;
# signal: Min=7.96409e+09; Max=6.5522e+13; Mean=1.0553e+13;
# values: 1.0553e+15 1.38932e+13 261882
# xvar: q
# yvar: (I,I_err)
# xlabel: q [1 / AA]
# ylabel: I(q)
# xlimits: 0 0.151561
# variables: q I I_err N
0.0007578035702 5.220568139e+13 9.133102213e+12 45 
0.002273410711 5.455043615e+13 5.589557765e+12 125 
0.003789017851 6.552196572e+13 4.799103543e+12 246 
0.005304624991 5.128339622e+13 3.546745126e+12 286 
0.006820232132 5.418855011e+13 3.15441353e+12 403 
0.008335839272 4.604113618e+13 2.547480777e+12 436 
0.009851446413 4.862726441e+13 2.39083562e+12 578 
0.01136705355 4.449845113e+13 2.131729587e+12 618 
0.01288266069 3.882778783e+13 1.746218327e+12 695 
0.01439826783 3.974415437e+13 1.658916777e+12 821 
0.01591387497 3.730877188e+13 1.484045749e+12 904 
0.01742948211 3.379517767e+13 1.285717302e+12 977 
0.01894508925 3.02628776e+13 1.117921139e+12 1064 
0.0204606964 2.926096256e+13 1.040953476e+12 1141 
0.02197630354 2.364346728e+13 8.224883653e+11 1153 
0.02349191068 2.405643392e+13 7.973572605e+11 1302 
0.02500751782 2.267306939e+13 7.179399606e+11 1397 
0.02652312496 2.038445624e+13 6.334355301e+11 1453 
0.0280387321 1.986727548e+13 5.978134719e+11 1519 
0.02955433924 1.975527611e+13 5.669237955e+11 1709 
0.03106994638 1.839465011e+13 5.207087593e+11 1783 
0.03258555352 1.675263686e+13 4.56191463e+11 1879 
0.03410116066 1.550884747e+13 4.257897984e+11 1857 
0.0356167678 1.426193141e+13 3.810011909e+11 1947 
0.03713237494 1.439688515e+13 3.71219737e+11 2071 
0.03864798208 1.355293635e+13 3.380212793e+11 2203 
0.04016358922 1.239599374e+13 3.083580506e+11 2192 
0.04167919636 1.147579775e+13 2.845712437e+11 2259 
0.0431948035 1.174968035e+13 2.76365418e+11 2457 
0.04471041064 1.098671619e+13 2.526411559e+11 2570 
0.04622601778 9.78558023e+12 2.298654154e+11 2483 
0.04774162492 9.618313958e+12 2.18063899e+11 2674 
0.04925723206 9.079795949e+12 2.016800616e+11 2796 
0.0507728392 8.528236898e+12 1.861148602e+11 2854 
0.05228844634 7.920610484e+12 1.716248514e+11 2878 
0.05380405348 7.497795057e+12 1.600873195e+11 2987 
0.05531966062 7.112775323e+12 1.508442964e+11 3061 
0.05683526776 6.594448817e+12 1.390813703e+11 3061 
0.05835087491 6.340178858e+12 1.307253149e+11 3210 
0.05986648205 6.083544653e+12 1.230819049e+11 3326 
0.06138208919 5.58437215e+12 1.120500452e+11 3349 
0.06289769633 5.245061434e+12 1.049349748e+11 3389 
0.06441330347 4.945410381e+12 9.804537713e+10 3438 
0.06592891061 4.870971778e+12 9.355206224e+10 3642 
0.06744451775 4.697888833e+12 8.85198613e+10 3757 
0.06896012489 4.292099453e+12 8.189212996e+10 3713 
0.07047573203 4.011240389e+12 7.48623242e+10 3798 
0.07199133917 3.665193633e+12 6.946804497e+10 3711 
0.07350694631 3.461945376e+12 6.485925458e+10 3761 
0.07502255345 3.286245633e+12 6.109622918e+10 3875 
0.07653816059 3.021534018e+12 5.608320423e+10 3851 
0.07805376773 2.832240852e+12 5.202980138e+10 3917 
0.07956937487 2.609323689e+12 4.840731718e+10 3880 
0.08108498201 2.495090387e+12 4.482359295e+10 4078 
0.08260058915 2.252174832e+12 4.102856503e+10 3960 
0.08411619629 2.133550728e+12 3.895481543e+10 4004 
0.08563180343 1.968155185e+12 3.559688073e+10 4025 
0.08714741057 1.798986594e+12 3.293580664e+10 3955 
0.08866301771 1.648130781e+12 3.015701917e+10 3913 
0.09017862485 1.574889808e+12 2.832342558e+10 4041 
0.09169423199 1.464019164e+12 2.636986654e+10 4068 
0.09320983913 1.283946278e+12 2.349340662e+10 3896 
0.09472544627 1.181769657e+12 2.180486239e+10 3836 
0.09624105341 1.074400704e+12 1.984047801e+10 3841 
0.09775666056 1.021315747e+12 1.876240618e+10 3919 
0.0992722677 9.052563121e+11 1.668436236e+10 3848 
0.1007878748 8.226056067e+11 1.537375147e+10 3749 
0.102303482 7.517805746e+11 1.404891021e+10 3744 
0.1038190891 7.036550113e+11 1.308967982e+10 3807 
0.1053346963 6.273082652e+11 1.17774761e+10 3742 
0.1068503034 5.371673519e+11 1.033459719e+10 3558 
0.1083659105 5.037546211e+11 9612996046 3626 
0.1098815177 4.346733732e+11 8507279721 3458 
0.1113971248 3.971900198e+11 7797634108 3444 
0.112912732 3.530179511e+11 6970078690 3400 
0.1144283391 2.973824761e+11 6160632988 3187 
0.1159439462 2.715570849e+11 5618668692 3192 
0.1174595534 2.34506577e+11 4973293794 3084 
0.1189751605 2.204646517e+11 4612056586 3189 
0.1204907677 1.90146361e+11 4062908064 3066 
0.1220063748 1.697515718e+11 3675451466 3020 
0.1235219819 1.434322761e+11 3244034409 2889 
0.1250375891 1.215251143e+11 2744190064 2813 
0.1265531962 1.045526754e+11 2440046537 2730 
0.1280688034 9.183605645e+10 2158884369 2727 
0.1295844105 8.013601947e+10 1919304747 2698 
0.1311000176 6.882455543e+10 1692992931 2660 
0.1326156248 5.484687408e+10 1403191466 2473 
0.1341312319 4.877417605e+10 1266972307 2452 
0.1356468391 4.062063363e+10 1095552672 2348 
0.1371624462 3.34318738e+10 922316733.5 2253 
0.1386780533 2.761351125e+10 791534180.2 2182 
0.1401936605 2.50220157e+10 737293937.7 2146 
0.1417092676 1.99629419e+10 586658721.2 2112 
0.1432248748 1.767088402e+10 517795498.7 2139 
0.1447404819 1.385354478e+10 424519084.1 1959 
0.146256089 1.126580616e+10 354944134.8 1835 
0.1477716962 1.000139715e+10 311523070.5 1803 
0.1492873033 8335305708 266711003.6 1711 
0.1508029105 7964089807 241085865.9 1801 
