# Format: McCode with text headers
# URL: http://www.mccode.org
# Creator:  3.8.5, git
# Instrument: eqsans_cylinder.instr
# Ncount: 5000000
# Trace: no
# Gravitation: no
# Seed: 1790195459756940
# Directory: /Users/georgeyumnam/WORK/PANRAID/PaNRAID-results/Group2/panraidproject/dataset_cylinder/cyl_001532
# Param: gx=0
# Param: gy=0
# Param: sample_on=1
# Param: bs_radius=0
# Param: samp_ap=0.01
# Param: sld=2.0823
# Param: sld_solvent=1
# Param: radius=90.7418
# Param: length=736.883
# Param: pd_radius=0.009566
# Param: pd_length=0.159298
# Param: model_scale=1
# Param: model_abs=0
# Date: Wed Sep 23 22:31:17 2026 (1790195477)
# type: array_1d(100)
# Source: EQ_SANS_cylinder (eqsans_cylinder.instr)
# component: qmon
# position: 0 0 22.281
# title: QMonitor - Distribution in q (Radially averaged)
# Ncount: 5000000
# filename: qdet.dat
# statistics: X0=0.00926677; dX=0.00811905;
# signal: Min=4.73243e+10; Max=8.16e+15; Mean=6.92617e+14;
# values: 6.92617e+16 1.93958e+15 258641
# xvar: q
# yvar: (I,I_err)
# xlabel: q [1 / AA]
# ylabel: I(q)
# xlimits: 0 0.151561
# variables: q I I_err N
0.0007578035702 7.598293696e+15 1.321933018e+15 43 
0.002273410711 8.160001162e+15 8.966450394e+14 126 
0.003789017851 7.524729666e+15 6.746109349e+14 199 
0.005304624991 6.809711017e+15 4.887078252e+14 307 
0.006820232132 5.694636504e+15 4.263422938e+14 354 
0.008335839272 5.499027142e+15 3.438165297e+14 464 
0.009851446413 4.194309987e+15 2.547489138e+14 510 
0.01136705355 4.037990822e+15 2.376493717e+14 604 
0.01288266069 3.533913829e+15 1.966127156e+14 675 
0.01439826783 3.312795312e+15 1.727243804e+14 809 
0.01591387497 2.435739918e+15 1.232307353e+14 870 
0.01742948211 1.909675577e+15 8.815817663e+13 960 
0.01894508925 1.729213598e+15 8.02359805e+13 1038 
0.0204606964 1.357098485e+15 6.252120881e+13 1135 
0.02197630354 1.183359957e+15 5.046787389e+13 1223 
0.02349191068 8.958635125e+14 4.019029678e+13 1201 
0.02500751782 7.446744921e+14 3.162041718e+13 1349 
0.02652312496 5.637814456e+14 2.334091571e+13 1480 
0.0280387321 4.67853076e+14 1.941400325e+13 1553 
0.02955433924 3.520533628e+14 1.616639295e+13 1589 
0.03106994638 2.737406637e+14 1.224770645e+13 1715 
0.03258555352 2.027822904e+14 9.251982138e+12 1754 
0.03410116066 1.53815698e+14 6.884471813e+12 1917 
0.0356167678 1.093660604e+14 5.173689175e+12 1924 
0.03713237494 7.924321979e+13 3.921673601e+12 2057 
0.03864798208 5.83879334e+13 2.906916384e+12 2131 
0.04016358922 3.969417684e+13 2.419690275e+12 2238 
0.04167919636 3.250522251e+13 1.790984625e+12 2308 
0.0431948035 1.9956121e+13 1.01902918e+12 2255 
0.04471041064 1.770528293e+13 7.90541434e+11 2461 
0.04622601778 1.510671606e+13 5.243703656e+11 2598 
0.04774162492 1.493841328e+13 4.791773811e+11 2646 
0.04925723206 1.476085803e+13 3.934202999e+11 2728 
0.0507728392 1.559542169e+13 4.083121349e+11 2818 
0.05228844634 1.552161347e+13 3.453815182e+11 2814 
0.05380405348 1.582764628e+13 3.431946925e+11 2894 
0.05531966062 1.652690309e+13 3.520181847e+11 3037 
0.05683526776 1.644517283e+13 3.400356251e+11 3155 
0.05835087491 1.610260782e+13 3.329759965e+11 3239 
0.05986648205 1.509786714e+13 3.092614853e+11 3406 
0.06138208919 1.369232187e+13 2.889514221e+11 3363 
0.06289769633 1.234401806e+13 2.660760346e+11 3351 
0.06441330347 1.071578256e+13 2.366814908e+11 3449 
0.06592891061 9.365343671e+12 2.126130426e+11 3556 
0.06744451775 7.660465027e+12 1.810206996e+11 3544 
0.06896012489 6.225384662e+12 1.531362232e+11 3620 
0.07047573203 4.979876009e+12 1.295696929e+11 3615 
0.07199133917 3.908656176e+12 1.068953976e+11 3656 
0.07350694631 3.165427192e+12 8.926481355e+10 3814 
0.07502255345 2.388808609e+12 6.959103541e+10 3745 
0.07653816059 1.892751988e+12 5.333399151e+10 3822 
0.07805376773 1.626413998e+12 4.43679339e+10 3893 
0.07956937487 1.464045728e+12 3.676679805e+10 3844 
0.08108498201 1.48622843e+12 3.376769571e+10 4002 
0.08260058915 1.533735563e+12 3.31355746e+10 3905 
0.08411619629 1.619538968e+12 3.283402212e+10 3985 
0.08563180343 1.733004747e+12 3.439823906e+10 3891 
0.08714741057 1.922425065e+12 3.666021964e+10 3994 
0.08866301771 1.922349157e+12 3.625973061e+10 3902 
0.09017862485 2.029499809e+12 3.757913711e+10 3935 
0.09169423199 2.033836601e+12 3.777311768e+10 3882 
0.09320983913 1.975152342e+12 3.671888104e+10 3859 
0.09472544627 1.944000187e+12 3.61718702e+10 3909 
0.09624105341 1.776650018e+12 3.374731354e+10 3842 
0.09775666056 1.652367025e+12 3.208964965e+10 3815 
0.0992722677 1.44550499e+12 2.914332983e+10 3723 
0.1007878748 1.253401944e+12 2.635264707e+10 3713 
0.102303482 1.075442721e+12 2.321257182e+10 3726 
0.1038190891 8.919682039e+11 2.04849066e+10 3595 
0.1053346963 7.132485417e+11 1.711674059e+10 3536 
0.1068503034 6.305280676e+11 1.546018063e+10 3708 
0.1083659105 4.577434955e+11 1.216701979e+10 3403 
0.1098815177 3.684042391e+11 9867421131 3343 
0.1113971248 3.327695762e+11 8728605933 3363 
0.112912732 2.855401555e+11 7190629421 3363 
0.1144283391 2.636190565e+11 6420471331 3195 
0.1159439462 2.720015658e+11 6220572310 3260 
0.1174595534 2.836891121e+11 6383519629 3231 
0.1189751605 2.889302138e+11 6473816183 3035 
0.1204907677 3.029404652e+11 6630504261 3041 
0.1220063748 3.329494171e+11 7216706914 2978 
0.1235219819 3.306299077e+11 7184054207 2866 
0.1250375891 3.43301465e+11 7409111592 2794 
0.1265531962 3.462514487e+11 7450382810 2778 
0.1280688034 3.388860776e+11 7403587667 2680 
0.1295844105 3.230376403e+11 7113812449 2649 
0.1311000176 2.877647004e+11 6597046905 2512 
0.1326156248 2.8378058e+11 6537643315 2574 
0.1341312319 2.395533669e+11 5822361583 2396 
0.1356468391 2.056839626e+11 5217401408 2365 
0.1371624462 1.732983132e+11 4684202227 2243 
0.1386780533 1.507399475e+11 4218580784 2253 
0.1401936605 1.21126231e+11 3621451874 2143 
0.1417092676 9.998780514e+10 3156877036 2077 
0.1432248748 8.208407401e+10 2599779187 2067 
0.1447404819 6.970235533e+10 2322170704 1957 
0.146256089 5.904910173e+10 1939252532 1881 
0.1477716962 5.558026421e+10 1739027060 1885 
0.1492873033 5.075419103e+10 1571138126 1813 
0.1508029105 4.732430898e+10 1457659663 1718 
