# Format: McCode with text headers
# URL: http://www.mccode.org
# Creator:  3.8.5, git
# Instrument: eqsans_sans.instr
# Ncount: 10000000
# Trace: no
# Gravitation: no
# Seed: 1790184062104721
# Directory: /Users/georgeyumnam/WORK/PANRAID/PaNRAID-results/Group2/panraidproject/scan_sans_sample/x+09_y+03
# Param: gx=0.009
# Param: gy=0.003
# Param: sample_on=1
# Param: R_sphere=100
# Param: Phi=0.01
# Param: bs_radius=0
# Param: samp_ap=0.01
# Date: Wed Sep 23 19:21:36 2026 (1790184096)
# type: array_1d(100)
# Source: EQ_SANS_sample (eqsans_sans.instr)
# component: qmon
# position: 0 0 22.281
# title: QMonitor - Distribution in q (Radially averaged)
# Ncount: 10000000
# filename: qdet.dat
# statistics: X0=0.0130054; dX=0.0101363;
# signal: Min=5233.73; Max=5.84393e+08; Mean=4.20391e+07;
# values: 4.20391e+09 4.42753e+08 5632
# xvar: q
# yvar: (I,I_err)
# xlabel: q [1 / AA]
# ylabel: I(q)
# xlimits: 0 0.151561
# variables: q I I_err N
0.0007578035702 168256851.7 168256851.7 1 
0.002273410711 584393410.4 278965831.7 5 
0.003789017851 127625340.7 93147342.46 2 
0.005304624991 422535782.6 183233367.7 7 
0.006820232132 211509612.6 118932163.6 6 
0.008335839272 226724299.7 76257620.6 12 
0.009851446413 343720603.5 97979694.88 15 
0.01136705355 163075905.5 54602602.68 12 
0.01288266069 231985901.2 65477285.27 18 
0.01439826783 197302912.9 55473553.99 17 
0.01591387497 196204665 56697216.67 16 
0.01742948211 207129143.1 46847245.06 28 
0.01894508925 186094316.3 45343842.69 25 
0.0204606964 141639167.3 37689952.7 21 
0.02197630354 118580486.6 29901999.12 27 
0.02349191068 126602472.4 30233237.34 29 
0.02500751782 138105878.6 31244866.95 40 
0.02652312496 41912854.25 11193157.29 27 
0.0280387321 77010948.89 17702785.49 37 
0.02955433924 74547532.68 16594516.65 40 
0.03106994638 58305022.9 12327012.4 49 
0.03258555352 48134815.89 10383547.43 45 
0.03410116066 19825489.34 5246449.788 36 
0.0356167678 23526037.51 6956418.57 47 
0.03713237494 10780035.21 2567125.2 50 
0.03864798208 9086081.696 2391607.402 42 
0.04016358922 1661221.647 421678.6587 40 
0.04167919636 4871133.646 1517364.308 57 
0.0431948035 7572705.277 2639314.551 63 
0.04471041064 2344866.556 871666.1396 49 
0.04622601778 2172518.949 674382.8228 46 
0.04774162492 2153635.082 921483.7971 56 
0.04925723206 1312539.464 228782.7939 62 
0.0507728392 1615564.883 285424.4071 60 
0.05228844634 1665746.972 250650.6512 66 
0.05380405348 1978677.568 287787.3717 71 
0.05531966062 1728523.073 266221.869 55 
0.05683526776 1775578.931 266049.8253 66 
0.05835087491 2034469.624 270362.0908 82 
0.05986648205 1905613.511 273846.2385 71 
0.06138208919 1489300.387 220398.5081 65 
0.06289769633 1458365.556 202351.6806 74 
0.06441330347 1728990.897 238006.2937 82 
0.06592891061 1316727.669 194727.651 83 
0.06744451775 1003786.804 169970.9293 69 
0.06896012489 868568.6089 143539.2551 83 
0.07047573203 594316.5756 113027.0542 77 
0.07199133917 403589.2311 76627.21376 82 
0.07350694631 386346.8679 90470.09828 94 
0.07502255345 318085.3237 70632.28403 82 
0.07653816059 274819.5269 50857.04665 102 
0.07805376773 122550.7718 27871.23152 67 
0.07956937487 188077.8308 43597.92996 70 
0.08108498201 188826.0257 28869.7704 93 
0.08260058915 206830.7635 30776.83485 96 
0.08411619629 231608.4179 32323.09308 85 
0.08563180343 239426.0366 34005.29879 76 
0.08714741057 192477.8032 29280.22128 65 
0.08866301771 222607.26 31722.96471 72 
0.09017862485 247828.7985 32528.39604 79 
0.09169423199 325699.9123 37798.43152 97 
0.09320983913 261473.7151 34376.17768 76 
0.09472544627 281470.9542 37272.25069 84 
0.09624105341 222641.4327 29824.03064 79 
0.09775666056 159097.6362 24701.26921 67 
0.0992722677 183589.065 26044.96369 90 
0.1007878748 156049.6936 22292.07801 87 
0.102303482 90746.67678 16456.47341 72 
0.1038190891 86412.23135 15015.76914 76 
0.1053346963 66210.55384 12775.1614 72 
0.1068503034 60976.74545 12991.7285 76 
0.1083659105 44357.10276 8091.94194 75 
0.1098815177 46016.83405 8379.229902 70 
0.1113971248 43500.75805 7480.368704 73 
0.112912732 33301.69268 6424.002295 51 
0.1144283391 34936.37127 5779.746652 62 
0.1159439462 53160.9621 8773.607767 65 
0.1174595534 51708.19236 7226.756354 87 
0.1189751605 63327.43987 9031.924531 69 
0.1204907677 69317.16752 9399.547911 73 
0.1220063748 60101.47959 7968.839884 73 
0.1235219819 63188.56213 8597.984946 75 
0.1250375891 43829.95096 7137.591394 59 
0.1265531962 33978.34217 5792.032992 48 
0.1280688034 45599.68176 6379.252815 63 
0.1295844105 48798.8274 7216.421757 68 
0.1311000176 27572.86887 5395.641919 45 
0.1326156248 22093.10373 4344.705498 50 
0.1341312319 20505.23869 3920.489266 58 
0.1356468391 20252.81933 4577.221919 46 
0.1371624462 14827.32361 3097.731655 57 
0.1386780533 13356.344 2792.910947 53 
0.1401936605 7258.358368 1781.539758 35 
0.1417092676 5233.726137 1312.80701 47 
0.1432248748 7029.437298 1581.506391 49 
0.1447404819 12994.11918 2515.870149 54 
0.146256089 9229.07797 1816.766081 46 
0.1477716962 12167.6309 2195.218819 48 
0.1492873033 9195.040335 2046.626415 30 
0.1508029105 9302.659632 1995.005639 33 
