# Format: McCode with text headers
# URL: http://www.mccode.org
# Creator:  3.8.5, git
# Instrument: eqsans_sans.instr
# Ncount: 10000000
# Trace: no
# Gravitation: no
# Seed: 1790182943950441
# Directory: /Users/georgeyumnam/WORK/PANRAID/PaNRAID-results/Group2/panraidproject/scan_sans_sample/x+01_y+13
# Param: gx=0.001
# Param: gy=0.013
# Param: sample_on=1
# Param: R_sphere=100
# Param: Phi=0.01
# Param: bs_radius=0
# Param: samp_ap=0.01
# Date: Wed Sep 23 19:02:58 2026 (1790182978)
# type: array_1d(120)
# Source: EQ_SANS_sample (eqsans_sans.instr)
# component: lambda_det
# position: 0 0 22.28
# title: Wavelength monitor
# Ncount: 10000000
# filename: lambda_det.dat
# statistics: X0=4.35686; dX=0.950046;
# signal: Min=0; Max=9324.45; Mean=1487.58;
# values: 178509 10412.5 5759
# xvar: L
# yvar: (I,I_err)
# xlabel: Wavelength [AA]
# ylabel: Intensity
# xlimits: 0 12
# variables: L I I_err N
0.05 0 0 0 
0.15 0 0 0 
0.25 0 0 0 
0.35 0 0 0 
0.45 0 0 0 
0.55 0 0 0 
0.65 0 0 0 
0.75 0 0 0 
0.85 0 0 0 
0.95 0 0 0 
1.05 0 0 0 
1.15 0 0 0 
1.25 0 0 0 
1.35 0 0 0 
1.45 0 0 0 
1.55 0 0 0 
1.65 0 0 0 
1.75 0 0 0 
1.85 0 0 0 
1.95 0 0 0 
2.05 0 0 0 
2.15 0 0 0 
2.25 0.0104374113 0.0104374113 1 
2.35 0.1372859789 0.105341294 3 
2.45 54.12615222 54.68977566 8 
2.55 18.21486447 10.69252566 24 
2.65 87.05213671 46.13096202 71 
2.75 1264.850108 802.0423546 163 
2.85 3175.299124 1073.948707 283 
2.95 4975.762987 1880.180717 377 
3.05 4699.229755 1763.259866 362 
3.15 5439.624146 1794.598795 303 
3.25 6278.55894 1608.0343 312 
3.35 6957.906987 1914.924087 296 
3.45 5292.705351 1952.273787 229 
3.55 7350.24533 1948.965015 216 
3.65 4585.012893 1640.605013 247 
3.75 9324.452877 2675.18015 211 
3.85 5705.332491 1550.874207 222 
3.95 8976.33796 2452.310305 198 
4.05 6547.28321 2110.199676 165 
4.15 6099.948314 1950.753952 175 
4.25 5951.761974 1863.943907 144 
4.35 5766.513786 1845.051977 157 
4.45 6752.134067 2239.481834 128 
4.55 5426.873122 1848.044978 131 
4.65 5322.573996 1701.44394 125 
4.75 3096.13702 1255.45558 109 
4.85 8626.441702 2723.152174 94 
4.95 4905.291502 1685.929139 94 
5.05 5074.258175 1745.632167 90 
5.15 4246.918044 1569.792127 87 
5.25 3775.67947 1451.326415 71 
5.35 3193.768499 1425.883538 73 
5.45 3795.419512 1612.06665 81 
5.55 3747.575598 1666.29666 62 
5.65 2559.849636 1400.813379 66 
5.75 2886.733403 1093.01492 64 
5.85 2630.36715 1340.0278 57 
5.95 3025.938172 1166.073144 64 
6.05 446.0578362 285.8147013 37 
6.15 3436.281803 1336.737115 46 
6.25 2184.57328 1021.777165 44 
6.35 1036.784379 750.2380389 33 
6.45 2949.466926 1382.340434 24 
6.55 832.7849165 697.2600352 11 
6.65 7.113164852 7.113164852 1 
6.75 0 0 0 
6.85 0 0 0 
6.95 0 0 0 
7.05 0 0 0 
7.15 0 0 0 
7.25 0 0 0 
7.35 0 0 0 
7.45 0 0 0 
7.55 0 0 0 
7.65 0 0 0 
7.75 0 0 0 
7.85 0 0 0 
7.95 0 0 0 
8.05 0 0 0 
8.15 0 0 0 
8.25 0 0 0 
8.35 0 0 0 
8.45 0 0 0 
8.55 0 0 0 
8.65 0 0 0 
8.75 0 0 0 
8.85 0 0 0 
8.95 0 0 0 
9.05 0 0 0 
9.15 0 0 0 
9.25 0 0 0 
9.35 0 0 0 
9.45 0 0 0 
9.55 0 0 0 
9.65 0 0 0 
9.75 0 0 0 
9.85 0 0 0 
9.95 0 0 0 
10.05 0 0 0 
10.15 0 0 0 
10.25 0 0 0 
10.35 0 0 0 
10.45 0 0 0 
10.55 0 0 0 
10.65 0 0 0 
10.75 0 0 0 
10.85 0 0 0 
10.95 0 0 0 
11.05 0 0 0 
11.15 0 0 0 
11.25 0 0 0 
11.35 0 0 0 
11.45 0 0 0 
11.55 0 0 0 
11.65 0 0 0 
11.75 0 0 0 
11.85 0 0 0 
11.95 0 0 0 
