# Format: McCode with text headers
# URL: http://www.mccode.org
# Creator:  3.8.5, git
# Instrument: eqsans_cylinder.instr
# Ncount: 5000000
# Trace: no
# Gravitation: no
# Seed: 1790193664111804
# Directory: /Users/georgeyumnam/WORK/PANRAID/PaNRAID-results/Group2/panraidproject/dataset_cylinder/cyl_000535
# Param: gx=0
# Param: gy=0
# Param: sample_on=1
# Param: bs_radius=0
# Param: samp_ap=0.01
# Param: sld=2.04197
# Param: sld_solvent=1
# Param: radius=120.913
# Param: length=377.914
# Param: pd_radius=0.265188
# Param: pd_length=0.155344
# Param: model_scale=1
# Param: model_abs=0
# Date: Wed Sep 23 22:01:22 2026 (1790193682)
# type: array_1d(100)
# Source: EQ_SANS_cylinder (eqsans_cylinder.instr)
# component: qmon
# position: 0 0 22.281
# title: QMonitor - Distribution in q (Radially averaged)
# Ncount: 5000000
# filename: qdet.dat
# statistics: X0=0.00755355; dX=0.0069334;
# signal: Min=5.8404e+10; Max=2.04309e+16; Mean=9.55928e+14;
# values: 9.55928e+16 6.04259e+15 252898
# xvar: q
# yvar: (I,I_err)
# xlabel: q [1 / AA]
# ylabel: I(q)
# xlimits: 0 0.151561
# variables: q I I_err N
0.0007578035702 2.043086256e+16 5.620916303e+15 44 
0.002273410711 9.138710731e+15 1.422308668e+15 111 
0.003789017851 8.386396289e+15 9.167282895e+14 205 
0.005304624991 1.000986414e+16 9.086551269e+14 293 
0.006820232132 7.934099467e+15 6.864122085e+14 390 
0.008335839272 7.658473494e+15 5.901972083e+14 477 
0.009851446413 6.595218205e+15 5.503545464e+14 551 
0.01136705355 5.483144397e+15 4.486517898e+14 600 
0.01288266069 5.131173662e+15 4.897599895e+14 691 
0.01439826783 3.716953324e+15 2.899129207e+14 809 
0.01591387497 2.498901107e+15 1.781235841e+14 872 
0.01742948211 2.129981631e+15 1.678518327e+14 931 
0.01894508925 1.678559051e+15 1.477170574e+14 980 
0.0204606964 1.263824987e+15 1.03341482e+14 1128 
0.02197630354 8.796674017e+14 7.104272282e+13 1203 
0.02349191068 5.840050961e+14 4.314731651e+13 1266 
0.02500751782 4.429229909e+14 3.032533919e+13 1327 
0.02652312496 3.22168383e+14 2.673687582e+13 1411 
0.0280387321 2.771106657e+14 2.265798794e+13 1498 
0.02955433924 1.845876404e+14 1.403781356e+13 1532 
0.03106994638 1.388123413e+14 7.938402427e+12 1655 
0.03258555352 1.084381322e+14 5.064714986e+12 1746 
0.03410116066 8.041040104e+13 3.311494679e+12 1789 
0.0356167678 6.861835331e+13 2.607681319e+12 1919 
0.03713237494 5.617485026e+13 2.374053524e+12 1923 
0.03864798208 5.150116794e+13 1.79292381e+12 2169 
0.04016358922 4.101314628e+13 1.427717391e+12 2168 
0.04167919636 3.434074719e+13 1.212181719e+12 2170 
0.0431948035 3.079475644e+13 1.050642855e+12 2298 
0.04471041064 2.413790436e+13 7.66841838e+11 2305 
0.04622601778 2.221056517e+13 6.879269361e+11 2480 
0.04774162492 1.93673576e+13 6.078592197e+11 2499 
0.04925723206 1.677586566e+13 4.922216151e+11 2632 
0.0507728392 1.493257177e+13 4.217477826e+11 2719 
0.05228844634 1.295441025e+13 3.982613965e+11 2700 
0.05380405348 1.160872251e+13 3.171989193e+11 2864 
0.05531966062 1.038983086e+13 2.905054936e+11 2950 
0.05683526776 9.38024865e+12 2.426237247e+11 3167 
0.05835087491 8.465694066e+12 2.162643481e+11 3108 
0.05986648205 7.80144378e+12 1.964497872e+11 3233 
0.06138208919 6.858045759e+12 1.739635664e+11 3308 
0.06289769633 5.863094981e+12 1.474383786e+11 3277 
0.06441330347 5.342757496e+12 1.314402752e+11 3350 
0.06592891061 5.077280345e+12 1.185369947e+11 3511 
0.06744451775 4.456000695e+12 1.06729714e+11 3530 
0.06896012489 4.09646088e+12 9.728574683e+10 3533 
0.07047573203 3.808765215e+12 8.883635765e+10 3600 
0.07199133917 3.376935236e+12 7.923724131e+10 3552 
0.07350694631 3.184270016e+12 7.17334475e+10 3735 
0.07502255345 2.806158022e+12 6.55626271e+10 3650 
0.07653816059 2.623357112e+12 5.98670396e+10 3719 
0.07805376773 2.484264282e+12 5.53828828e+10 3843 
0.07956937487 2.248903358e+12 5.006133662e+10 3832 
0.08108498201 2.065263345e+12 4.538617136e+10 3894 
0.08260058915 1.783679518e+12 3.946298003e+10 3808 
0.08411619629 1.708563069e+12 3.783089654e+10 3850 
0.08563180343 1.588370191e+12 3.461435602e+10 3933 
0.08714741057 1.41715667e+12 3.119053189e+10 3829 
0.08866301771 1.3764455e+12 3.029193625e+10 3875 
0.09017862485 1.20974696e+12 2.629995205e+10 3875 
0.09169423199 1.119612805e+12 2.487683089e+10 3716 
0.09320983913 1.04833562e+12 2.266788659e+10 3823 
0.09472544627 9.623829976e+11 2.120104734e+10 3771 
0.09624105341 9.024960857e+11 1.946784692e+10 3806 
0.09775666056 8.628253431e+11 1.85311089e+10 3836 
0.0992722677 7.629767503e+11 1.679229439e+10 3693 
0.1007878748 7.309038713e+11 1.592072745e+10 3680 
0.102303482 6.492388493e+11 1.472116238e+10 3456 
0.1038190891 6.262920053e+11 1.382761645e+10 3589 
0.1053346963 5.560365204e+11 1.227177922e+10 3518 
0.1068503034 5.097244991e+11 1.170048063e+10 3370 
0.1083659105 4.811802587e+11 1.092176102e+10 3390 
0.1098815177 4.605123324e+11 1.048515864e+10 3344 
0.1113971248 3.975605521e+11 9160273204 3229 
0.112912732 4.042371877e+11 9381624861 3265 
0.1144283391 3.563964062e+11 8117529690 3188 
0.1159439462 3.436584045e+11 7880241479 3164 
0.1174595534 3.037601807e+11 7215225676 3011 
0.1189751605 2.785771532e+11 6681573552 2988 
0.1204907677 2.675157002e+11 6272912779 3013 
0.1220063748 2.422090786e+11 5944591242 2820 
0.1235219819 2.227954928e+11 5441471177 2780 
0.1250375891 2.110278077e+11 5138257838 2757 
0.1265531962 1.932415883e+11 4769971365 2726 
0.1280688034 1.82865893e+11 4520952099 2673 
0.1295844105 1.702941826e+11 4326451142 2544 
0.1311000176 1.562385921e+11 3972974001 2544 
0.1326156248 1.453241278e+11 3739527176 2450 
0.1341312319 1.335146928e+11 3518866506 2439 
0.1356468391 1.198608643e+11 3181473099 2332 
0.1371624462 1.098877855e+11 2981791877 2187 
0.1386780533 1.062568631e+11 2907416025 2180 
0.1401936605 9.766628964e+10 2692439548 2097 
0.1417092676 9.282182481e+10 2578295288 2091 
0.1432248748 8.189881345e+10 2349342590 1939 
0.1447404819 7.380834306e+10 2162633215 1904 
0.146256089 7.226835016e+10 2107968055 1901 
0.1477716962 6.995373424e+10 2009434135 1895 
0.1492873033 6.16402826e+10 1839955282 1792 
0.1508029105 5.840399249e+10 1785483049 1680 
