# Format: McCode with text headers
# URL: http://www.mccode.org
# Creator:  3.8.5, git
# Instrument: eqsans_sans.instr
# Ncount: 10000000
# Trace: no
# Gravitation: no
# Seed: 1790180542668811
# Directory: /Users/georgeyumnam/WORK/PANRAID/PaNRAID-results/Group2/panraidproject/scan_sans_sample/x-15_y-16
# Param: gx=-0.015
# Param: gy=-0.016
# Param: sample_on=1
# Param: R_sphere=100
# Param: Phi=0.01
# Param: bs_radius=0
# Param: samp_ap=0.01
# Date: Wed Sep 23 18:22:56 2026 (1790180576)
# type: array_1d(100)
# Source: EQ_SANS_sample (eqsans_sans.instr)
# component: qmon
# position: 0 0 22.281
# title: QMonitor - Distribution in q (Radially averaged)
# Ncount: 10000000
# filename: qdet.dat
# statistics: X0=0.0114209; dX=0.00978677;
# signal: Min=1895.5; Max=3.83048e+08; Mean=2.03638e+07;
# values: 2.03638e+09 4.53068e+08 2296
# xvar: q
# yvar: (I,I_err)
# xlabel: q [1 / AA]
# ylabel: I(q)
# xlimits: 0 0.151561
# variables: q I I_err N
0.0007578035702 383047513.1 383047513.1 1 
0.002273410711 138396680.6 138396680.6 1 
0.003789017851 45512388.41 45512388.41 1 
0.005304624991 153202665.8 95695514.07 3 
0.006820232132 14839894.9 14839894.9 1 
0.008335839272 201495321.3 95649414.83 7 
0.009851446413 150445665.7 74905177.74 6 
0.01136705355 155961146.7 75055966.51 7 
0.01288266069 49172775.76 35567727.31 4 
0.01439826783 121636302.5 39409524.37 12 
0.01591387497 126130669.7 47795914.83 11 
0.01742948211 69369906.82 38404818.68 6 
0.01894508925 44938652.4 17005818.29 8 
0.0204606964 90915428.73 34119436.59 9 
0.02197630354 58675742.38 25454589.4 8 
0.02349191068 38541236.62 13291135.38 11 
0.02500751782 18195271.55 6666558.599 11 
0.02652312496 72087187.97 20226275.64 28 
0.0280387321 14757986.8 4292368.034 15 
0.02955433924 23835968 7652988.165 17 
0.03106994638 16286442.94 5673724.021 16 
0.03258555352 13198733.61 4563097.75 18 
0.03410116066 4130951.142 1890639.401 9 
0.0356167678 6029381.264 2322838.894 15 
0.03713237494 4529925.44 1894505.846 15 
0.03864798208 1787020.235 843360.0356 13 
0.04016358922 878287.4812 300475.9217 17 
0.04167919636 1814545.659 979666.8158 22 
0.0431948035 1625573.19 826466.0939 19 
0.04471041064 810054.5664 259759.897 27 
0.04622601778 1235071.077 671996.909 22 
0.04774162492 465526.06 148378.1124 18 
0.04925723206 807942.687 231605.339 25 
0.0507728392 720944.2186 171919.6606 29 
0.05228844634 690090.2975 184050.1091 22 
0.05380405348 939430.6494 196882.4005 32 
0.05531966062 925307.7156 192772.2361 29 
0.05683526776 1045677.119 226579.4923 28 
0.05835087491 632711.3153 158259.007 21 
0.05986648205 849539.5767 176862.1282 35 
0.06138208919 448503.0284 133559.355 18 
0.06289769633 580306.3674 135773.5203 26 
0.06441330347 485923.6416 105591.0255 30 
0.06592891061 653300.0962 136223.3286 37 
0.06744451775 361988.694 87415.66287 28 
0.06896012489 296376.1208 76311.94552 24 
0.07047573203 205511.1855 51797.65813 30 
0.07199133917 177447.1356 49236.88733 25 
0.07350694631 224060.2927 70393.42083 36 
0.07502255345 164651.7578 49912.32975 31 
0.07653816059 66150.35225 23440.46159 31 
0.07805376773 69297.53606 23750.11881 36 
0.07956937487 82409.76663 21962.04916 40 
0.08108498201 82423.4647 17016.26285 47 
0.08260058915 97794.73726 22108.73564 36 
0.08411619629 101402.99 21331.21471 35 
0.08563180343 81355.2146 18548.83268 33 
0.08714741057 121935.4404 26906.06142 36 
0.08866301771 186100.3805 30409.42763 47 
0.09017862485 114334.3456 22384.98658 34 
0.09169423199 132644.981 26735.36296 37 
0.09320983913 108465.8644 21247.32553 31 
0.09472544627 140571.8497 25818.71441 41 
0.09624105341 87207.73575 19096.12198 31 
0.09775666056 111379.3708 21885.21669 40 
0.0992722677 65892.21303 14915.74615 35 
0.1007878748 57663.63847 15232.52405 29 
0.102303482 45679.63733 11096.82842 36 
0.1038190891 31940.03312 8640.301971 32 
0.1053346963 26975.86827 6622.992064 34 
0.1068503034 20915.39421 6133.026558 32 
0.1083659105 26989.86601 7540.562794 40 
0.1098815177 23926.40622 8034.215504 36 
0.1113971248 21587.75551 5905.897483 32 
0.112912732 15251.91907 4207.023321 25 
0.1144283391 24290.57393 5249.339491 40 
0.1159439462 13292.79211 3441.542998 27 
0.1174595534 15992.84148 4046.865146 22 
0.1189751605 20113.78816 4576.137388 26 
0.1204907677 23683.57289 5488.428204 25 
0.1220063748 24139.09922 5536.933513 26 
0.1235219819 20159.53442 4757.57311 23 
0.1250375891 20179.88824 4856.799863 23 
0.1265531962 16498.86311 4298.064426 18 
0.1280688034 25239.95613 5778.34676 28 
0.1295844105 14194.5095 3878.315956 18 
0.1311000176 14384.82848 3891.548163 22 
0.1326156248 5706.457083 2199.156175 13 
0.1341312319 11852.39726 3599.055639 22 
0.1356468391 4707.588425 1598.514729 18 
0.1371624462 6372.872694 2085.445276 25 
0.1386780533 4404.853565 1569.567456 22 
0.1401936605 5512.302462 1609.028228 20 
0.1417092676 2924.89658 1041.259502 16 
0.1432248748 3962.689995 1258.660046 19 
0.1447404819 3318.579997 1277.32307 16 
0.146256089 6231.863658 1658.263035 19 
0.1477716962 3185.052457 1137.601476 14 
0.1492873033 4105.55243 1233.290088 16 
0.1508029105 1895.49516 791.2232169 8 
