# Format: McCode with text headers
# URL: http://www.mccode.org
# Creator:  3.8.5, git
# Instrument: eqsans_sans.instr
# Ncount: 10000000
# Trace: no
# Gravitation: no
# Seed: 1790181796358922
# Directory: /Users/georgeyumnam/WORK/PANRAID/PaNRAID-results/Group2/panraidproject/scan_sans_sample/x-07_y+16
# Param: gx=-0.007
# Param: gy=0.016
# Param: sample_on=1
# Param: R_sphere=100
# Param: Phi=0.01
# Param: bs_radius=0
# Param: samp_ap=0.01
# Date: Wed Sep 23 18:43:50 2026 (1790181830)
# type: array_1d(120)
# Source: EQ_SANS_sample (eqsans_sans.instr)
# component: lambda_det
# position: 0 0 22.28
# title: Wavelength monitor
# Ncount: 10000000
# filename: lambda_det.dat
# statistics: X0=4.37653; dX=1.06446;
# signal: Min=0; Max=6123.86; Mean=981.22;
# values: 117746 8355.27 3656
# xvar: L
# yvar: (I,I_err)
# xlabel: Wavelength [AA]
# ylabel: Intensity
# xlimits: 0 12
# variables: L I I_err N
0.05 0 0 0 
0.15 0 0 0 
0.25 0 0 0 
0.35 0 0 0 
0.45 0 0 0 
0.55 0 0 0 
0.65 0 0 0 
0.75 0 0 0 
0.85 0 0 0 
0.95 0 0 0 
1.05 0 0 0 
1.15 0 0 0 
1.25 0 0 0 
1.35 0 0 0 
1.45 0 0 0 
1.55 0 0 0 
1.65 0 0 0 
1.75 0 0 0 
1.85 0 0 0 
1.95 0 0 0 
2.05 64.27235805 64.27235805 1 
2.15 0 0 0 
2.25 7.654834131 7.654834131 1 
2.35 1.171417637 0.9981642752 4 
2.45 595.1556283 618.7590158 10 
2.55 28.8442178 13.02576289 17 
2.65 35.54648525 22.51312095 37 
2.75 1313.150551 658.0226998 104 
2.85 3941.320905 1748.845963 210 
2.95 5811.641211 1997.453285 234 
3.05 3103.080358 1223.392584 220 
3.15 5551.942912 2052.20279 232 
3.25 5771.839337 2185.632785 192 
3.35 1766.167556 685.2839077 187 
3.45 1981.781749 786.9499988 178 
3.55 5254.763538 1688.346441 158 
3.65 5517.39679 1846.801958 156 
3.75 1190.523322 547.4694566 157 
3.85 3368.402246 1332.475125 128 
3.95 3904.25752 1622.839598 92 
4.05 3142.617625 1160.766343 108 
4.15 1499.448784 898.3556536 104 
4.25 6123.85896 2010.318637 98 
4.35 4562.26662 1840.661968 75 
4.45 4376.655982 1603.592532 89 
4.55 1160.073923 583.7270839 62 
4.65 2311.08786 1171.058767 72 
4.75 1583.99339 754.9943451 58 
4.85 1365.255967 541.3784358 54 
4.95 5749.835434 2239.467333 65 
5.05 1172.880738 652.9448989 56 
5.15 2434.815186 1254.809922 60 
5.25 4969.837023 1615.386669 52 
5.35 4286.424884 1456.754221 39 
5.45 3476.622174 1491.189291 44 
5.55 2951.667891 1380.36662 35 
5.65 1118.017952 561.3951682 35 
5.75 905.8001951 578.5106024 35 
5.85 2456.226576 916.7382253 29 
5.95 1857.285872 1161.966516 31 
6.05 3483.314855 1744.261125 25 
6.15 1997.67963 791.1795843 37 
6.25 2367.981988 1285.499247 31 
6.35 786.7883017 364.4309133 23 
6.45 1062.309733 609.6248955 14 
6.55 1326.231376 1076.325608 6 
6.65 8.476361298 8.476361298 1 
6.75 0 0 0 
6.85 0 0 0 
6.95 0 0 0 
7.05 0 0 0 
7.15 0 0 0 
7.25 0 0 0 
7.35 0 0 0 
7.45 0 0 0 
7.55 0 0 0 
7.65 0 0 0 
7.75 0 0 0 
7.85 0 0 0 
7.95 0 0 0 
8.05 0 0 0 
8.15 0 0 0 
8.25 0 0 0 
8.35 0 0 0 
8.45 0 0 0 
8.55 0 0 0 
8.65 0 0 0 
8.75 0 0 0 
8.85 0 0 0 
8.95 0 0 0 
9.05 0 0 0 
9.15 0 0 0 
9.25 0 0 0 
9.35 0 0 0 
9.45 0 0 0 
9.55 0 0 0 
9.65 0 0 0 
9.75 0 0 0 
9.85 0 0 0 
9.95 0 0 0 
10.05 0 0 0 
10.15 0 0 0 
10.25 0 0 0 
10.35 0 0 0 
10.45 0 0 0 
10.55 0 0 0 
10.65 0 0 0 
10.75 0 0 0 
10.85 0 0 0 
10.95 0 0 0 
11.05 0 0 0 
11.15 0 0 0 
11.25 0 0 0 
11.35 0 0 0 
11.45 0 0 0 
11.55 0 0 0 
11.65 0 0 0 
11.75 0 0 0 
11.85 0 0 0 
11.95 0 0 0 
