# Format: McCode with text headers
# URL: http://www.mccode.org
# Creator:  3.8.5, git
# Instrument: eqsans_sans.instr
# Ncount: 10000000
# Trace: no
# Gravitation: no
# Seed: 1790185046035765
# Directory: /Users/georgeyumnam/WORK/PANRAID/PaNRAID-results/Group2/panraidproject/scan_sans_sample/x+16_y+00
# Param: gx=0.016
# Param: gy=0
# Param: sample_on=1
# Param: R_sphere=100
# Param: Phi=0.01
# Param: bs_radius=0
# Param: samp_ap=0.01
# Date: Wed Sep 23 19:38:01 2026 (1790185081)
# type: array_1d(100)
# Source: EQ_SANS_sample (eqsans_sans.instr)
# component: qmon
# position: 0 0 22.281
# title: QMonitor - Distribution in q (Radially averaged)
# Ncount: 10000000
# filename: qdet.dat
# statistics: X0=0.0120917; dX=0.0101917;
# signal: Min=3285.36; Max=7.97141e+08; Mean=3.72586e+07;
# values: 3.72586e+09 5.65252e+08 4509
# xvar: q
# yvar: (I,I_err)
# xlabel: q [1 / AA]
# ylabel: I(q)
# xlimits: 0 0.151561
# variables: q I I_err N
0.0007578035702 797141082.6 515812793 3 
0.002273410711 60652989.95 60652989.95 1 
0.003789017851 246423701.4 158096358.9 3 
0.005304624991 102876264.4 63641193.91 4 
0.006820232132 120742918.3 47965524.28 7 
0.008335839272 291024837.2 92030182.71 12 
0.009851446413 126220214.9 70607330.61 6 
0.01136705355 311611725.4 88480113.4 16 
0.01288266069 245054782.1 69028923.42 17 
0.01439826783 114728551.8 43606141.24 9 
0.01591387497 265403340.2 60208548.56 25 
0.01742948211 127940699.3 38610396.77 16 
0.01894508925 143428622.8 39080799.38 19 
0.0204606964 143398880.7 40221536.76 20 
0.02197630354 144590907.8 35369045.49 26 
0.02349191068 82015157.71 20569268.69 24 
0.02500751782 95762476.63 24518627.56 28 
0.02652312496 64258716.5 16459104.92 29 
0.0280387321 40398117.35 11662312.9 24 
0.02955433924 35791224.89 12220947.32 25 
0.03106994638 36356177.58 9582271.049 27 
0.03258555352 25846081.82 7772358.62 27 
0.03410116066 30471080.75 8282631.496 32 
0.0356167678 16826960.84 3724440.437 38 
0.03713237494 9067619.33 3476967.819 30 
0.03864798208 5966146.26 1784145.914 43 
0.04016358922 8891401.031 2469150.246 43 
0.04167919636 3617708.157 1520887.169 34 
0.0431948035 3208027.805 1084412.006 42 
0.04471041064 1727939.731 706097.8567 40 
0.04622601778 855549.6193 267042.6474 43 
0.04774162492 709894.7529 210097.066 40 
0.04925723206 995795.8503 373972.7701 37 
0.0507728392 1307550.175 241491.7625 52 
0.05228844634 1567953.134 261710.2717 56 
0.05380405348 1120740.351 204263.4921 42 
0.05531966062 1259751.379 223138.0327 47 
0.05683526776 1733931.179 277823.3525 59 
0.05835087491 1697240.441 262525.7964 56 
0.05986648205 1389501.373 224644.814 53 
0.06138208919 1121350.951 188385.4355 50 
0.06289769633 1487697.51 213053.5389 68 
0.06441330347 980250.2479 176399.9758 56 
0.06592891061 983150.8195 173618.8148 55 
0.06744451775 864467.3357 131466.0133 75 
0.06896012489 632472.3445 111868.3223 65 
0.07047573203 556624.9283 111939.6328 72 
0.07199133917 342787.6973 80348.39588 62 
0.07350694631 361329.9536 82210.12477 71 
0.07502255345 283521.2172 69811.47054 69 
0.07653816059 195505.3705 49110.33302 68 
0.07805376773 117293.2431 27903.41668 63 
0.07956937487 153326.9162 32602.92128 65 
0.08108498201 116093.5404 21206.82379 63 
0.08260058915 172587.2275 26417.82717 75 
0.08411619629 200958.9853 30160.94621 78 
0.08563180343 197172.9444 29764.11306 76 
0.08714741057 181786.1382 28275.97155 58 
0.08866301771 224613.0592 32783.95646 66 
0.09017862485 229874.0244 34201.1191 59 
0.09169423199 269813.8118 34835.144 75 
0.09320983913 231879.6898 33607.2549 64 
0.09472544627 232550.3028 32979.47435 72 
0.09624105341 159165.1375 25673.97606 59 
0.09775666056 163780.1297 25364.64923 63 
0.0992722677 154450.8828 23730.22045 75 
0.1007878748 112831.3983 18080.57057 67 
0.102303482 93993.30974 17234.05061 66 
0.1038190891 79837.42924 15957.35685 62 
0.1053346963 54207.72277 11352.10723 57 
0.1068503034 32177.12484 8636.279095 49 
0.1083659105 30820.01554 7373.64711 56 
0.1098815177 30422.34942 6375.372595 65 
0.1113971248 23382.11618 5067.630044 52 
0.112912732 38621.27575 6565.178723 62 
0.1144283391 28429.77659 5822.243478 47 
0.1159439462 41310.91584 7477.002212 53 
0.1174595534 37244.08909 6571.601816 57 
0.1189751605 43741.6563 7397.228885 47 
0.1204907677 57211.71047 7859.616505 66 
0.1220063748 47675.28865 7724.887614 51 
0.1235219819 50572.7185 7929.419116 52 
0.1250375891 56472.26675 8254.278843 59 
0.1265531962 48932.88277 7295.993645 56 
0.1280688034 38694.74694 6463.994128 50 
0.1295844105 41324.46429 7056.117529 52 
0.1311000176 30981.73869 5604.105483 45 
0.1326156248 30543.91203 5629.755689 52 
0.1341312319 20357.19702 4065.010102 49 
0.1356468391 14460.15502 3015.556577 43 
0.1371624462 13013.00739 3226.740156 30 
0.1386780533 7583.144315 1984.978902 34 
0.1401936605 3285.358977 1095.57713 24 
0.1417092676 5610.904764 1551.508074 27 
0.1432248748 6824.422039 1528.734984 37 
0.1447404819 9173.965044 1797.799 39 
0.146256089 9282.738683 1801.449665 41 
0.1477716962 6472.509201 1591.693447 30 
0.1492873033 7631.640486 1640.192092 32 
0.1508029105 6744.034422 1496.413542 23 
