# Format: McCode with text headers
# URL: http://www.mccode.org
# Creator:  3.8.5, git
# Instrument: eqsans_cylinder.instr
# Ncount: 5000000
# Trace: no
# Gravitation: no
# Seed: 1790193037781247
# Directory: /Users/georgeyumnam/WORK/PANRAID/PaNRAID-results/Group2/panraidproject/dataset_cylinder/cyl_000188
# Param: gx=0
# Param: gy=0
# Param: sample_on=1
# Param: bs_radius=0
# Param: samp_ap=0.01
# Param: sld=1.83109
# Param: sld_solvent=1
# Param: radius=51.2792
# Param: length=312.726
# Param: pd_radius=0.044634
# Param: pd_length=0.177837
# Param: model_scale=1
# Param: model_abs=0
# Date: Wed Sep 23 21:50:55 2026 (1790193055)
# type: array_1d(100)
# Source: EQ_SANS_cylinder (eqsans_cylinder.instr)
# component: qmon
# position: 0 0 22.281
# title: QMonitor - Radially averaged distribution
# Ncount: 5000000
# filename: rdet.dat
# statistics: X0=0.0798275; dX=0.0704462;
# signal: Min=5.52585e+10; Max=3.54506e+13; Mean=7.31594e+12;
# values: 7.31594e+14 1.34702e+13 163071
# xvar: r
# yvar: (I,I_err)
# xlabel: Radius [m]
# ylabel: I(r)
# xlimits: 0 0.5
# variables: r I I_err N
0.0025 3.518326424e+13 9.252816055e+12 18 
0.0075 2.391655331e+13 4.199814774e+12 40 
0.0125 3.456639007e+13 4.164682108e+12 82 
0.0175 3.260259466e+13 3.429761262e+12 118 
0.0225 3.545058612e+13 3.090160675e+12 162 
0.0275 3.032680973e+13 2.590256396e+12 172 
0.0325 3.431054561e+13 2.547115544e+12 229 
0.0375 2.907724315e+13 2.143699731e+12 232 
0.0425 2.758805584e+13 1.93696201e+12 266 
0.0475 2.900427745e+13 1.799840731e+12 334 
0.0525 2.592468633e+13 1.622918291e+12 333 
0.0575 2.482033305e+13 1.468619114e+12 371 
0.0625 2.435744282e+13 1.346430571e+12 428 
0.0675 2.187317176e+13 1.201124074e+12 428 
0.0725 2.337083575e+13 1.206491203e+12 505 
0.0775 1.980057975e+13 9.912182884e+11 513 
0.0825 1.91780701e+13 9.457852353e+11 543 
0.0875 1.753906498e+13 8.350738458e+11 583 
0.0925 1.554740527e+13 7.355175531e+11 597 
0.0975 1.530339235e+13 6.973111001e+11 640 
0.1025 1.456141175e+13 6.552030053e+11 673 
0.1075 1.346640717e+13 5.940242558e+11 684 
0.1125 1.268654448e+13 5.45998388e+11 737 
0.1175 1.194580773e+13 5.163424813e+11 783 
0.1225 1.052470023e+13 4.386410664e+11 799 
0.1275 9.98600061e+12 4.186779594e+11 796 
0.1325 9.761292317e+12 3.950058299e+11 876 
0.1375 9.118594498e+12 3.581014577e+11 919 
0.1425 8.392727147e+12 3.324965037e+11 940 
0.1475 7.815142556e+12 3.082028843e+11 965 
0.1525 7.012511786e+12 2.737524681e+11 970 
0.1575 6.623267339e+12 2.576306217e+11 991 
0.1625 6.063648164e+12 2.372130798e+11 998 
0.1675 5.611707614e+12 2.137867005e+11 1061 
0.1725 5.56103122e+12 2.05569478e+11 1166 
0.1775 5.360920701e+12 1.963155697e+11 1175 
0.1825 4.753764831e+12 1.74285885e+11 1202 
0.1875 4.329437847e+12 1.615882193e+11 1207 
0.1925 3.95958096e+12 1.482776385e+11 1189 
0.1975 4.040741671e+12 1.450092693e+11 1290 
0.2025 3.543002293e+12 1.341395575e+11 1286 
0.2075 3.512848477e+12 1.300444943e+11 1343 
0.2125 3.142217112e+12 1.193052526e+11 1340 
0.2175 2.90111397e+12 1.088636085e+11 1387 
0.2225 2.801971775e+12 9.872136429e+10 1544 
0.2275 2.608219092e+12 9.670110865e+10 1480 
0.2325 2.289170818e+12 8.482411064e+10 1493 
0.2375 2.043410631e+12 7.986144893e+10 1450 
0.2425 2.010533625e+12 7.594586318e+10 1596 
0.2475 1.850546321e+12 7.097332421e+10 1618 
0.2525 1.725333182e+12 6.605037727e+10 1655 
0.2575 1.701329869e+12 6.387531378e+10 1724 
0.2625 1.507327021e+12 5.701684817e+10 1725 
0.2675 1.421509854e+12 5.467236686e+10 1819 
0.2725 1.299794555e+12 5.048775497e+10 1822 
0.2775 1.182953958e+12 4.610133784e+10 1769 
0.2825 1.095758973e+12 4.391368939e+10 1786 
0.2875 1.008399925e+12 4.096880125e+10 1820 
0.2925 9.450444905e+11 3.775322012e+10 1932 
0.2975 8.438580632e+11 3.38482195e+10 1996 
0.3025 8.230104261e+11 3.315470829e+10 2006 
0.3075 7.838210412e+11 3.196562448e+10 2017 
0.3125 7.0658462e+11 2.874922055e+10 2034 
0.3175 6.679670372e+11 2.750117567e+10 2033 
0.3225 6.081265489e+11 2.520654872e+10 2111 
0.3275 5.517043251e+11 2.341740464e+10 2124 
0.3325 4.876215425e+11 2.116213087e+10 2143 
0.3375 4.783100084e+11 2.079369556e+10 2196 
0.3425 4.312555542e+11 1.839092896e+10 2222 
0.3475 3.939071522e+11 1.733960477e+10 2195 
0.3525 3.711299385e+11 1.580442582e+10 2312 
0.3575 3.452540027e+11 1.464618281e+10 2335 
0.3625 3.343595671e+11 1.422352913e+10 2354 
0.3675 3.214900316e+11 1.344349566e+10 2517 
0.3725 2.787577851e+11 1.188466847e+10 2456 
0.3775 2.674068989e+11 1.134484284e+10 2534 
0.3825 2.467369492e+11 1.073723351e+10 2509 
0.3875 2.326060516e+11 9927327585 2477 
0.3925 1.99036998e+11 8725807903 2493 
0.3975 1.896934841e+11 8030365569 2570 
0.4025 1.824607585e+11 7806727072 2613 
0.4075 1.628640751e+11 6937057298 2619 
0.4125 1.648677017e+11 6603823882 2805 
0.4175 1.432009806e+11 6014993483 2682 
0.4225 1.396482687e+11 5641598387 2791 
0.4275 1.362239757e+11 5437358830 2832 
0.4325 1.151186211e+11 4408143139 2869 
0.4375 1.155789186e+11 4498864556 2896 
0.4425 1.186730234e+11 4549398232 2939 
0.4475 9.325233811e+10 3473175049 2853 
0.4525 9.742391227e+10 3407770874 3077 
0.4575 9.143889617e+10 3320408189 2981 
0.4625 8.746505937e+10 3080003947 2939 
0.4675 8.315913232e+10 2965265034 3058 
0.4725 7.411710011e+10 2512051238 3064 
0.4775 7.029823192e+10 2361809711 3077 
0.4825 6.880487647e+10 2270430609 3123 
0.4875 6.478219474e+10 2034722015 3186 
0.4925 5.980044178e+10 1847775773 3239 
0.4975 5.525848946e+10 1644739344 3190 
