# Format: McCode with text headers
# URL: http://www.mccode.org
# Creator:  3.8.5, git
# Instrument: eqsans_sans.instr
# Ncount: 10000000
# Trace: no
# Gravitation: no
# Seed: 1790183615623203
# Directory: /Users/georgeyumnam/WORK/PANRAID/PaNRAID-results/Group2/panraidproject/scan_sans_sample/x+06_y+02
# Param: gx=0.006
# Param: gy=0.002
# Param: sample_on=1
# Param: R_sphere=100
# Param: Phi=0.01
# Param: bs_radius=0
# Param: samp_ap=0.01
# Date: Wed Sep 23 19:14:10 2026 (1790183650)
# type: array_1d(100)
# Source: EQ_SANS_sample (eqsans_sans.instr)
# component: qmon
# position: 0 0 22.281
# title: QMonitor - Distribution in q (Radially averaged)
# Ncount: 10000000
# filename: qdet.dat
# statistics: X0=0.0141445; dX=0.00943187;
# signal: Min=0; Max=4.53493e+08; Mean=4.44025e+07;
# values: 4.44025e+09 3.64506e+08 6724
# xvar: q
# yvar: (I,I_err)
# xlabel: q [1 / AA]
# ylabel: I(q)
# xlimits: 0 0.151561
# variables: q I I_err N
0.0007578035702 0 0 0 
0.002273410711 267886304.5 203007207.5 2 
0.003789017851 130336576.9 82159774.9 3 
0.005304624991 325530171.1 108311393.3 10 
0.006820232132 423070084 157315471.8 12 
0.008335839272 453492710.3 120095721.5 19 
0.009851446413 283923020.3 84204842.5 16 
0.01136705355 328428307.2 84394171.32 19 
0.01288266069 210359339 56790044.12 17 
0.01439826783 334739049.3 71111891.6 28 
0.01591387497 202965743.6 55952438.99 19 
0.01742948211 215117425.4 57606099.39 25 
0.01894508925 269678718.8 56507459.63 34 
0.0204606964 121330409 33947873.01 21 
0.02197630354 216865199.2 52267348.51 33 
0.02349191068 158750571.5 31975066.25 45 
0.02500751782 95559827.2 19318541.17 34 
0.02652312496 71718977.76 19427892.82 29 
0.0280387321 63884383.54 17877773.69 30 
0.02955433924 58770903.86 13486307.54 43 
0.03106994638 47742832.86 12249410.52 40 
0.03258555352 25403730.89 5469673.067 47 
0.03410116066 34293810.46 10593888.45 49 
0.0356167678 17023694.49 4947023.964 37 
0.03713237494 15414118 4306186.407 54 
0.03864798208 8536876.974 2091943.915 46 
0.04016358922 6593279 1525502.447 64 
0.04167919636 5862914.245 1849403.554 62 
0.0431948035 3344914.006 1123663.595 54 
0.04471041064 3110195.739 757213.4736 68 
0.04622601778 1071491.927 218462.1465 54 
0.04774162492 2411304.132 607071.0065 67 
0.04925723206 2575477.797 602069.3948 76 
0.0507728392 1413566.529 246845.8516 56 
0.05228844634 2241031.245 396047.7963 77 
0.05380405348 2443832.36 322493.748 87 
0.05531966062 2848674.871 353258.7293 96 
0.05683526776 2622711.205 339155.1764 82 
0.05835087491 2260154.347 302526.9384 82 
0.05986648205 1857640.197 262874.1349 70 
0.06138208919 2223089.71 279942.5333 93 
0.06289769633 2262921.099 276309.2849 102 
0.06441330347 1754716.493 241641.934 80 
0.06592891061 1631969.363 225231.3889 100 
0.06744451775 1499470.547 195314.1061 106 
0.06896012489 1192880.373 165291.6485 113 
0.07047573203 804746.5286 129272.4428 100 
0.07199133917 662688.3523 130910.3771 94 
0.07350694631 261118.3858 45247.88937 96 
0.07502255345 373929.7684 73079.21721 102 
0.07653816059 219975.2592 46628.45798 95 
0.07805376773 217880.4341 41106.77772 98 
0.07956937487 217129.3993 35770.71119 98 
0.08108498201 252420.6075 40741.51878 100 
0.08260058915 242533.8226 33181.32627 110 
0.08411619629 282008.1448 35444.96755 106 
0.08563180343 285222.8873 34880.07776 116 
0.08714741057 355210.8096 40320.76817 108 
0.08866301771 331970.1582 37981.23852 106 
0.09017862485 383217.5674 44421.23578 106 
0.09169423199 342427.1838 41057.35305 97 
0.09320983913 348566.8367 38975.43896 107 
0.09472544627 285418.3971 34305.84511 95 
0.09624105341 251732.0474 32571.01937 92 
0.09775666056 246527.3107 31658.48355 97 
0.0992722677 183474.8693 24550.91296 98 
0.1007878748 142786.0846 21892.02063 80 
0.102303482 128107.2795 20182.20286 105 
0.1038190891 130869.2735 20063.95473 96 
0.1053346963 103654.5122 17366.30335 108 
0.1068503034 65283.70769 11017.39794 100 
0.1083659105 60109.55239 12010.78297 88 
0.1098815177 50463.27637 9190.608533 86 
0.1113971248 46481.63719 7617.072077 80 
0.112912732 42341.67544 6709.962572 86 
0.1144283391 42156.08889 7485.06745 76 
0.1159439462 43115.53319 6991.414422 63 
0.1174595534 57116.90962 7885.429274 81 
0.1189751605 72300.22107 8894.258061 85 
0.1204907677 75319.58382 9704.757779 85 
0.1220063748 49526.46245 7602.352068 55 
0.1235219819 63881.82097 8836.457285 67 
0.1250375891 82108.68648 10230.04823 81 
0.1265531962 67336.14993 8705.020171 80 
0.1280688034 56263.58842 8297.079216 66 
0.1295844105 43327.99193 6332.212771 66 
0.1311000176 33185.70948 5715.578347 58 
0.1326156248 25301.35251 4526.63611 64 
0.1341312319 17788.68647 3779.921751 61 
0.1356468391 24740.83146 4480.109657 61 
0.1371624462 18804.5493 3669.34373 58 
0.1386780533 15792.86517 2965.998722 63 
0.1401936605 9987.865019 2086.826081 43 
0.1417092676 11925.63898 2450.68295 52 
0.1432248748 14694.81215 2655.777347 59 
0.1447404819 15068.89807 2524.997189 61 
0.146256089 6818.830936 1479.605236 35 
0.1477716962 12067.30525 2213.646107 52 
0.1492873033 10992.48066 2035.671789 46 
0.1508029105 16878.04869 2728.331788 55 
