# Format: McCode with text headers
# URL: http://www.mccode.org
# Creator:  3.8.5, git
# Instrument: eqsans_sans.instr
# Ncount: 10000000
# Trace: no
# Gravitation: no
# Seed: 1790185667733089
# Directory: /Users/georgeyumnam/WORK/PANRAID/PaNRAID-results/Group2/panraidproject/scan_sans_sample/x+20_y+17
# Param: gx=0.02
# Param: gy=0.017
# Param: sample_on=1
# Param: R_sphere=100
# Param: Phi=0.01
# Param: bs_radius=0
# Param: samp_ap=0.01
# Date: Wed Sep 23 19:48:20 2026 (1790185700)
# type: array_1d(100)
# Source: EQ_SANS_sample (eqsans_sans.instr)
# component: qmon
# position: 0 0 22.281
# title: QMonitor - Distribution in q (Radially averaged)
# Ncount: 10000000
# filename: qdet.dat
# statistics: X0=0.0145159; dX=0.00952657;
# signal: Min=0; Max=1.19774e+08; Mean=1.00269e+07;
# values: 1.00269e+09 1.64767e+08 1594
# xvar: q
# yvar: (I,I_err)
# xlabel: q [1 / AA]
# ylabel: I(q)
# xlimits: 0 0.151561
# variables: q I I_err N
0.0007578035702 0 0 0 
0.002273410711 68423469.44 68423469.44 1 
0.003789017851 0 0 0 
0.005304624991 98849318.86 81438945.75 2 
0.006820232132 119774131.9 84723356.84 2 
0.008335839272 66694411.27 47437013.65 2 
0.009851446413 47698057.87 34012492.66 2 
0.01136705355 64689141.07 35229788.61 4 
0.01288266069 62366284.32 38855427.63 3 
0.01439826783 53572868.15 27699554.84 4 
0.01591387497 59834438.29 26896981.15 6 
0.01742948211 31675707.37 15347725.35 6 
0.01894508925 78810480.78 27555394.83 12 
0.0204606964 56593863.21 19458195.73 11 
0.02197630354 28847692.61 12147660.6 8 
0.02349191068 41928143.04 14828636.88 11 
0.02500751782 10423758.79 7116686.649 4 
0.02652312496 25460371.3 12474070.98 8 
0.0280387321 28579289.7 10057497.61 13 
0.02955433924 9583150.601 3802895.255 9 
0.03106994638 10735430.03 3526335.59 14 
0.03258555352 7789459.351 2602308.109 17 
0.03410116066 10546064.14 4952032.119 11 
0.0356167678 5189771.616 2289413.856 14 
0.03713237494 853194.1825 431693.6393 6 
0.03864798208 1955329.795 941298.0468 12 
0.04016358922 1790265.45 717916.2737 17 
0.04167919636 492233.6316 255492.3895 13 
0.0431948035 218427.5675 79341.13703 18 
0.04471041064 787260.9788 528592.4586 18 
0.04622601778 530049.9104 224127.9954 19 
0.04774162492 245289.1817 90183.91888 16 
0.04925723206 139919.9539 77223.67397 9 
0.0507728392 343516.2749 107243.4934 18 
0.05228844634 679817.8003 192081.8438 20 
0.05380405348 378575.3068 123006.8289 14 
0.05531966062 480072.3439 118082.9226 19 
0.05683526776 736261.5521 162599.7859 28 
0.05835087491 562330.785 166211.3514 17 
0.05986648205 602293.6948 140190.2559 24 
0.06138208919 444079.9153 113321.1897 18 
0.06289769633 394248.0678 115147.771 18 
0.06441330347 249182.5211 81451.40713 15 
0.06592891061 312394.6999 85293.21567 20 
0.06744451775 271620.7825 70026.53619 22 
0.06896012489 225586.763 71739.94483 19 
0.07047573203 129504.4681 47033.16684 20 
0.07199133917 212616.0674 69614.91062 23 
0.07350694631 51749.27415 23126.06492 22 
0.07502255345 78110.93354 40069.32018 18 
0.07653816059 61189.04185 18399.24222 23 
0.07805376773 35511.28584 13966.42668 25 
0.07956937487 54684.50637 15488.45536 26 
0.08108498201 31932.01831 10854.68552 22 
0.08260058915 42864.36402 12257.60858 20 
0.08411619629 49012.22191 15067.87935 22 
0.08563180343 74988.30609 16128.48143 33 
0.08714741057 76124.90434 18350.87571 24 
0.08866301771 102917.1172 22207.32599 30 
0.09017862485 102012.5862 23292.79244 25 
0.09169423199 67608.83405 17464.57658 20 
0.09320983913 109355.9504 24045.89812 25 
0.09472544627 64292.34119 14858.108 25 
0.09624105341 69405.79385 15748.67142 26 
0.09775666056 50402.3405 14671.40414 16 
0.0992722677 55064.42456 14281.73914 28 
0.1007878748 39098.16704 11235.47405 26 
0.102303482 38821.92517 10615.4449 24 
0.1038190891 17656.0027 6370.348602 22 
0.1053346963 40972.51787 12425.80169 31 
0.1068503034 18756.59401 8979.775449 20 
0.1083659105 7360.67948 4315.087907 15 
0.1098815177 13555.35373 5136.780636 26 
0.1113971248 6865.703268 2105.74326 17 
0.112912732 13505.30521 3296.277152 27 
0.1144283391 5416.247136 1931.995869 13 
0.1159439462 10632.88139 3417.120515 16 
0.1174595534 18391.86926 4652.382289 24 
0.1189751605 17419.11464 4761.693152 21 
0.1204907677 21110.14088 4880.699501 24 
0.1220063748 18636.35869 4966.889033 17 
0.1235219819 15445.86154 4165.8877 17 
0.1250375891 15005.45563 4069.377845 19 
0.1265531962 14447.55807 3787.333659 17 
0.1280688034 13439.82997 3799.79719 18 
0.1295844105 11587.67332 3225.800475 17 
0.1311000176 10979.9076 3255.137895 18 
0.1326156248 9902.115873 3333.904129 14 
0.1341312319 8204.892426 2776.140665 15 
0.1356468391 5134.874149 1786.225697 14 
0.1371624462 1183.33851 591.7295645 16 
0.1386780533 436.6558116 307.9640918 5 
0.1401936605 2287.449234 858.0655195 15 
0.1417092676 3355.01353 1911.550229 14 
0.1432248748 2086.860601 904.8762626 9 
0.1447404819 1096.581425 569.832377 9 
0.146256089 2587.900955 1060.056156 10 
0.1477716962 1639.128415 722.6977228 8 
0.1492873033 3045.04126 1107.112083 10 
0.1508029105 2100.179553 846.9049527 9 
