# Format: McCode with text headers
# URL: http://www.mccode.org
# Creator:  3.8.5, git
# Instrument: eqsans_cylinder.instr
# Ncount: 5000000
# Trace: no
# Gravitation: no
# Seed: 1790193341932809
# Directory: /Users/georgeyumnam/WORK/PANRAID/PaNRAID-results/Group2/panraidproject/dataset_cylinder/cyl_000358
# Param: gx=0
# Param: gy=0
# Param: sample_on=1
# Param: bs_radius=0
# Param: samp_ap=0.01
# Param: sld=1.56045
# Param: sld_solvent=1
# Param: radius=39.3854
# Param: length=244.913
# Param: pd_radius=0.139766
# Param: pd_length=0.010348
# Param: model_scale=1
# Param: model_abs=0
# Date: Wed Sep 23 21:55:59 2026 (1790193359)
# type: array_1d(120)
# Source: EQ_SANS_cylinder (eqsans_cylinder.instr)
# component: lambda_det
# position: 0 0 22.28
# title: Wavelength monitor
# Ncount: 5000000
# filename: lambda_det.dat
# statistics: X0=4.3759; dX=1.04224;
# signal: Min=0; Max=6.79277e+08; Mean=1.52077e+08;
# values: 1.82493e+10 1.06112e+08 288633
# xvar: L
# yvar: (I,I_err)
# xlabel: Wavelength [AA]
# ylabel: Intensity
# xlimits: 0 12
# variables: L I I_err N
0.05 0 0 0 
0.15 0 0 0 
0.25 0 0 0 
0.35 0 0 0 
0.45 0 0 0 
0.55 0 0 0 
0.65 0 0 0 
0.75 0 0 0 
0.85 0 0 0 
0.95 0 0 0 
1.05 0 0 0 
1.15 0 0 0 
1.25 0 0 0 
1.35 0 0 0 
1.45 0 0 0 
1.55 0 0 0 
1.65 0 0 0 
1.75 0 0 0 
1.85 0 0 0 
1.95 0 0 0 
2.05 0 0 0 
2.15 0 0 0 
2.25 2121851.763 766145.354 100 
2.35 6856326.249 1739205.119 250 
2.45 7656412.13 1602022.885 400 
2.55 23566429.76 3377044.195 850 
2.65 86991149.09 6829909.702 3249 
2.75 249723588.2 12296638.56 8400 
2.85 484214577.5 17108132.21 14699 
2.95 590607153 18871368.83 18048 
3.05 621813498.8 19594707.56 16650 
3.15 645480473.9 19507025.46 16600 
3.25 679276787.5 21569347.62 15950 
3.35 659094962.3 19990887.87 15099 
3.45 622355695 20046187.69 13299 
3.55 590702144.7 18828488.63 12249 
3.65 635516612.4 19817144.05 12400 
3.75 580536454.4 18527872.01 10650 
3.85 589600136.2 18305569.38 10149 
3.95 632117982.6 19576267.26 9846 
4.05 568777006.6 19184867.32 8649 
4.15 635098287.9 20245026.85 8750 
4.25 529667708.5 18101390.95 7600 
4.35 476136445 15989697.47 6999 
4.45 517404878.7 17321837.91 6700 
4.55 476603805.7 16972000.81 5800 
4.65 478724386 17061047.09 5600 
4.75 552791152.4 19209930.91 6000 
4.85 457096152.1 16082439.04 5100 
4.95 359878308.5 14524217.57 3900 
5.05 378442691.6 14692074.94 3850 
5.15 376244557.9 14962890.71 3700 
5.25 448670929.7 17609644.9 4100 
5.35 452128811.7 17821378.95 3950 
5.45 373775144.6 15101347.57 3300 
5.55 393822346.4 15132433.55 3400 
5.65 439630447.4 16841876.18 3450 
5.75 473070505.5 17276023.82 3550 
5.85 293343004.9 13474643.89 2299 
5.95 316559848 15340236.5 2250 
6.05 360524552.5 15767462.82 2600 
6.15 337711394.7 14211254.31 2450 
6.25 309745536.2 13427145.05 2099 
6.35 255531564.7 12404504.15 1700 
6.45 177411873.8 10100984.37 1249 
6.55 84742013.06 7413826.791 600 
6.65 17494924.53 3626898.422 100 
6.75 0 0 0 
6.85 0 0 0 
6.95 0 0 0 
7.05 0 0 0 
7.15 0 0 0 
7.25 0 0 0 
7.35 0 0 0 
7.45 0 0 0 
7.55 0 0 0 
7.65 0 0 0 
7.75 0 0 0 
7.85 0 0 0 
7.95 0 0 0 
8.05 0 0 0 
8.15 0 0 0 
8.25 0 0 0 
8.35 0 0 0 
8.45 0 0 0 
8.55 0 0 0 
8.65 0 0 0 
8.75 0 0 0 
8.85 0 0 0 
8.95 0 0 0 
9.05 0 0 0 
9.15 0 0 0 
9.25 0 0 0 
9.35 0 0 0 
9.45 0 0 0 
9.55 0 0 0 
9.65 0 0 0 
9.75 0 0 0 
9.85 0 0 0 
9.95 0 0 0 
10.05 0 0 0 
10.15 0 0 0 
10.25 0 0 0 
10.35 0 0 0 
10.45 0 0 0 
10.55 0 0 0 
10.65 0 0 0 
10.75 0 0 0 
10.85 0 0 0 
10.95 0 0 0 
11.05 0 0 0 
11.15 0 0 0 
11.25 0 0 0 
11.35 0 0 0 
11.45 0 0 0 
11.55 0 0 0 
11.65 0 0 0 
11.75 0 0 0 
11.85 0 0 0 
11.95 0 0 0 
