# Format: McCode with text headers
# URL: http://www.mccode.org
# Creator:  3.8.5, git
# Instrument: eqsans_cylinder.instr
# Ncount: 5000000
# Trace: no
# Gravitation: no
# Seed: 1790193341932809
# Directory: /Users/georgeyumnam/WORK/PANRAID/PaNRAID-results/Group2/panraidproject/dataset_cylinder/cyl_000358
# Param: gx=0
# Param: gy=0
# Param: sample_on=1
# Param: bs_radius=0
# Param: samp_ap=0.01
# Param: sld=1.56045
# Param: sld_solvent=1
# Param: radius=39.3854
# Param: length=244.913
# Param: pd_radius=0.139766
# Param: pd_length=0.010348
# Param: model_scale=1
# Param: model_abs=0
# Date: Wed Sep 23 21:55:59 2026 (1790193359)
# type: array_1d(100)
# Source: EQ_SANS_cylinder (eqsans_cylinder.instr)
# component: qmon
# position: 0 0 22.281
# title: QMonitor - Radially averaged distribution
# Ncount: 5000000
# filename: rdet.dat
# statistics: X0=0.0965629; dX=0.0848747;
# signal: Min=2.4311e+10; Max=4.64305e+12; Mean=1.01379e+12;
# values: 1.01379e+14 1.80306e+12 161485
# xvar: r
# yvar: (I,I_err)
# xlabel: Radius [m]
# ylabel: I(r)
# xlimits: 0 0.5
# variables: r I I_err N
0.0025 4.643050703e+12 1.286945843e+12 18 
0.0075 3.213573377e+12 5.962827348e+11 40 
0.0125 3.753080982e+12 5.012368743e+11 78 
0.0175 4.023581048e+12 4.379064443e+11 114 
0.0225 3.499042996e+12 3.63393368e+11 136 
0.0275 3.544450473e+12 3.24698043e+11 175 
0.0325 4.074409093e+12 3.220815927e+11 232 
0.0375 3.588958347e+12 2.687761287e+11 253 
0.0425 2.950140637e+12 2.282336585e+11 240 
0.0475 3.215550833e+12 2.216079206e+11 302 
0.0525 3.156358875e+12 2.003715945e+11 351 
0.0575 3.284980068e+12 1.970738233e+11 400 
0.0625 3.053510659e+12 1.818006961e+11 400 
0.0675 2.963370598e+12 1.666518078e+11 463 
0.0725 2.912123087e+12 1.573575966e+11 484 
0.0775 2.713725207e+12 1.453991855e+11 517 
0.0825 2.498335652e+12 1.303970995e+11 525 
0.0875 2.335623574e+12 1.177219322e+11 583 
0.0925 2.180655497e+12 1.096920872e+11 596 
0.0975 2.203226374e+12 1.079474947e+11 619 
0.1025 1.893592981e+12 9.275477158e+10 613 
0.1075 2.0319253e+12 9.136337094e+10 732 
0.1125 1.920418429e+12 8.777055328e+10 769 
0.1175 1.663857004e+12 7.524020715e+10 727 
0.1225 1.625448455e+12 7.035265051e+10 800 
0.1275 1.478764258e+12 6.561049914e+10 802 
0.1325 1.538538143e+12 6.319038968e+10 874 
0.1375 1.31421437e+12 5.67282962e+10 847 
0.1425 1.358001645e+12 5.542625715e+10 946 
0.1475 1.291111562e+12 5.208554197e+10 986 
0.1525 1.21677414e+12 5.016354727e+10 970 
0.1575 1.133808258e+12 4.344323156e+10 1044 
0.1625 1.049030099e+12 4.263504653e+10 1011 
0.1675 9.598527211e+11 3.698698124e+10 1060 
0.1725 9.856710546e+11 3.693910402e+10 1143 
0.1775 9.595689342e+11 3.603541304e+10 1162 
0.1825 8.992677687e+11 3.282736658e+10 1229 
0.1875 7.741592037e+11 2.842635966e+10 1172 
0.1925 8.068824288e+11 2.89318283e+10 1289 
0.1975 7.460381779e+11 2.705050694e+10 1292 
0.2025 6.996343643e+11 2.479281757e+10 1317 
0.2075 6.527980954e+11 2.310203793e+10 1337 
0.2125 6.376663214e+11 2.19485593e+10 1378 
0.2175 5.850219968e+11 2.070878994e+10 1394 
0.2225 5.469060842e+11 1.895857088e+10 1436 
0.2275 5.038224055e+11 1.772886826e+10 1426 
0.2325 5.073194213e+11 1.698787128e+10 1570 
0.2375 4.593546369e+11 1.559915793e+10 1556 
0.2425 4.33750571e+11 1.522295253e+10 1560 
0.2475 4.242772056e+11 1.449121759e+10 1643 
0.2525 3.955462082e+11 1.379320336e+10 1622 
0.2575 3.648574653e+11 1.255374064e+10 1637 
0.2625 3.701083417e+11 1.251433202e+10 1776 
0.2675 3.203080648e+11 1.089938739e+10 1720 
0.2725 3.106679713e+11 1.049682646e+10 1788 
0.2775 2.914578203e+11 9827589153 1805 
0.2825 2.778145443e+11 9646744407 1826 
0.2875 2.372663481e+11 8156655759 1766 
0.2925 2.463845759e+11 8268422584 1917 
0.2975 2.268846332e+11 7614222528 1888 
0.3025 2.217181809e+11 7588010098 1949 
0.3075 2.022782901e+11 6914945309 1950 
0.3125 1.897772293e+11 6489660362 2022 
0.3175 1.830858172e+11 6175342709 2048 
0.3225 1.666457296e+11 5799268767 2049 
0.3275 1.61462703e+11 5404853688 2185 
0.3325 1.408059168e+11 5027049336 2051 
0.3375 1.424049571e+11 5041236307 2069 
0.3425 1.408242337e+11 4981141282 2204 
0.3475 1.243626036e+11 4369378744 2198 
0.3525 1.256700754e+11 4338800774 2317 
0.3575 1.116831986e+11 4031926786 2264 
0.3625 1.0464053e+11 3731390993 2323 
0.3675 9.67900436e+10 3398501764 2380 
0.3725 9.048547217e+10 3255895102 2355 
0.3775 9.414376855e+10 3270923362 2498 
0.3825 8.757951506e+10 3090393560 2558 
0.3875 7.966438279e+10 2919078036 2486 
0.3925 7.457436138e+10 2670294937 2536 
0.3975 6.861697587e+10 2461596263 2564 
0.4025 6.899602348e+10 2520198549 2568 
0.4075 6.76828724e+10 2402100743 2699 
0.4125 5.852394943e+10 2074021607 2675 
0.4175 5.503828005e+10 1974763388 2674 
0.4225 5.529906971e+10 1981513454 2727 
0.4275 4.887849352e+10 1770587856 2753 
0.4325 4.703094339e+10 1664018725 2891 
0.4375 4.246088855e+10 1550356781 2721 
0.4425 4.293620975e+10 1518710751 2806 
0.4475 3.982883856e+10 1427087388 2887 
0.4525 3.433144365e+10 1265710948 2882 
0.4575 3.682290101e+10 1313606230 2980 
0.4625 3.443909094e+10 1211639164 3019 
0.4675 3.458117741e+10 1249485836 3051 
0.4725 3.043667129e+10 1087431489 3030 
0.4775 2.84825573e+10 1010597398 3056 
0.4825 2.581458216e+10 916788394.8 3129 
0.4875 2.518817062e+10 887345973.8 3148 
0.4925 2.431102349e+10 866602870.6 3151 
0.4975 2.459133721e+10 848449390.4 3276 
