# Format: McCode with text headers
# URL: http://www.mccode.org
# Creator:  3.8.5, git
# Instrument: eqsans_cylinder.instr
# Ncount: 5000000
# Trace: no
# Gravitation: no
# Seed: 1790195083952792
# Directory: /Users/georgeyumnam/WORK/PANRAID/PaNRAID-results/Group2/panraidproject/dataset_cylinder/cyl_001321
# Param: gx=0
# Param: gy=0
# Param: sample_on=1
# Param: bs_radius=0
# Param: samp_ap=0.01
# Param: sld=5.65108
# Param: sld_solvent=1
# Param: radius=40.0128
# Param: length=682.415
# Param: pd_radius=0.011777
# Param: pd_length=0.201428
# Param: model_scale=1
# Param: model_abs=0
# Date: Wed Sep 23 22:25:01 2026 (1790195101)
# type: array_1d(100)
# Source: EQ_SANS_cylinder (eqsans_cylinder.instr)
# component: qmon
# position: 0 0 22.281
# title: QMonitor - Distribution in q (Radially averaged)
# Ncount: 5000000
# filename: qdet.dat
# statistics: X0=0.0158413; dX=0.0145941;
# signal: Min=7.5071e+11; Max=5.48193e+15; Mean=6.40092e+14;
# values: 6.40092e+16 1.20353e+15 259250
# xvar: q
# yvar: (I,I_err)
# xlabel: q [1 / AA]
# ylabel: I(q)
# xlimits: 0 0.151561
# variables: q I I_err N
0.0007578035702 2.722710992e+15 6.21421629e+14 26 
0.002273410711 5.405043834e+15 6.494651434e+14 112 
0.003789017851 5.481934542e+15 4.870598427e+14 212 
0.005304624991 4.755987779e+15 3.445682417e+14 287 
0.006820232132 4.136083447e+15 2.882911078e+14 357 
0.008335839272 4.191663694e+15 2.461410603e+14 482 
0.009851446413 3.655680331e+15 1.945481812e+14 557 
0.01136705355 3.31096259e+15 1.71232845e+14 639 
0.01288266069 3.139917481e+15 1.506742924e+14 753 
0.01439826783 2.796108259e+15 1.250660242e+14 831 
0.01591387497 2.2705132e+15 1.014038976e+14 847 
0.01742948211 2.124234677e+15 9.328734842e+13 932 
0.01894508925 1.824545927e+15 7.006001288e+13 1047 
0.0204606964 1.684262119e+15 6.442187007e+13 1095 
0.02197630354 1.522203825e+15 5.485398472e+13 1170 
0.02349191068 1.33051693e+15 4.699839531e+13 1241 
0.02500751782 1.160846159e+15 3.96230051e+13 1295 
0.02652312496 1.180484739e+15 3.747699881e+13 1491 
0.0280387321 1.027444067e+15 3.131628311e+13 1558 
0.02955433924 9.874457453e+14 3.005061798e+13 1649 
0.03106994638 8.820200897e+14 2.624846241e+13 1705 
0.03258555352 7.809422674e+14 2.239406858e+13 1786 
0.03410116066 7.422468976e+14 2.098819332e+13 1878 
0.0356167678 6.71123501e+14 1.848048884e+13 1964 
0.03713237494 6.022696067e+14 1.620980306e+13 2036 
0.03864798208 5.427941301e+14 1.460767991e+13 2076 
0.04016358922 5.108685705e+14 1.342778424e+13 2175 
0.04167919636 4.774788418e+14 1.230066722e+13 2291 
0.0431948035 4.256809598e+14 1.079562261e+13 2304 
0.04471041064 3.965703443e+14 9.808885479e+12 2478 
0.04622601778 3.690893304e+14 8.984611992e+12 2608 
0.04774162492 3.175861297e+14 7.613020759e+12 2615 
0.04925723206 2.951567733e+14 6.9548838e+12 2748 
0.0507728392 2.66619166e+14 6.181985761e+12 2795 
0.05228844634 2.337213573e+14 5.489896549e+12 2868 
0.05380405348 2.123116225e+14 4.839606594e+12 2959 
0.05531966062 1.942249327e+14 4.35991148e+12 3096 
0.05683526776 1.748236786e+14 3.885158706e+12 3136 
0.05835087491 1.564580774e+14 3.510305951e+12 3216 
0.05986648205 1.33857602e+14 3.000265719e+12 3255 
0.06138208919 1.212538464e+14 2.662168912e+12 3330 
0.06289769633 1.042623687e+14 2.328552031e+12 3343 
0.06441330347 9.424718482e+13 2.039573808e+12 3513 
0.06592891061 8.050442777e+13 1.773905066e+12 3487 
0.06744451775 7.037469268e+13 1.557009865e+12 3524 
0.06896012489 6.047930293e+13 1.328581819e+12 3594 
0.07047573203 5.415037325e+13 1.187084706e+12 3721 
0.07199133917 4.624775027e+13 1.02006796e+12 3748 
0.07350694631 3.789920641e+13 8.616398727e+11 3693 
0.07502255345 3.127912769e+13 7.099727504e+11 3692 
0.07653816059 2.788865089e+13 6.247570695e+11 3978 
0.07805376773 2.236375168e+13 5.135179225e+11 3876 
0.07956937487 1.857946791e+13 4.458716996e+11 3899 
0.08108498201 1.541217309e+13 3.68334011e+11 3970 
0.08260058915 1.232460826e+13 2.949726238e+11 3957 
0.08411619629 1.007474313e+13 2.520007641e+11 3981 
0.08563180343 7.733931579e+12 1.890198977e+11 4038 
0.08714741057 6.14978176e+12 1.624797265e+11 3893 
0.08866301771 4.809597635e+12 1.332641205e+11 3994 
0.09017862485 3.742190536e+12 1.075824669e+11 3899 
0.09169423199 2.821940928e+12 7.772914503e+10 3935 
0.09320983913 2.175296394e+12 6.094916714e+10 3887 
0.09472544627 1.735776147e+12 4.508689748e+10 3907 
0.09624105341 1.497694366e+12 3.860041559e+10 3789 
0.09775666056 1.442466083e+12 3.492858795e+10 3871 
0.0992722677 1.406173752e+12 3.021800028e+10 3892 
0.1007878748 1.42452754e+12 2.948364728e+10 3862 
0.102303482 1.491176999e+12 3.197461849e+10 3674 
0.1038190891 1.697032269e+12 3.508864677e+10 3717 
0.1053346963 1.879584744e+12 3.881726435e+10 3684 
0.1068503034 2.043669966e+12 4.233859205e+10 3522 
0.1083659105 2.159840723e+12 4.452451011e+10 3435 
0.1098815177 2.396961667e+12 4.834410171e+10 3431 
0.1113971248 2.543222568e+12 5.157347665e+10 3374 
0.112912732 2.718225006e+12 5.45014023e+10 3295 
0.1144283391 2.884907154e+12 5.753309245e+10 3298 
0.1159439462 2.924352048e+12 5.881011287e+10 3160 
0.1174595534 2.992780795e+12 6.025070122e+10 3056 
0.1189751605 3.065051517e+12 6.170970347e+10 3053 
0.1204907677 3.087615088e+12 6.23182355e+10 2993 
0.1220063748 3.172751987e+12 6.349697769e+10 3026 
0.1235219819 3.000670128e+12 6.14334541e+10 2847 
0.1250375891 3.171617257e+12 6.375971902e+10 2928 
0.1265531962 2.962556157e+12 6.125522301e+10 2788 
0.1280688034 2.75776658e+12 5.831574624e+10 2655 
0.1295844105 2.762888175e+12 5.784394997e+10 2704 
0.1311000176 2.691919802e+12 5.686356054e+10 2646 
0.1326156248 2.432434476e+12 5.31893529e+10 2479 
0.1341312319 2.288745923e+12 5.099408343e+10 2384 
0.1356468391 2.110154537e+12 4.798588672e+10 2323 
0.1371624462 1.927623589e+12 4.5045697e+10 2216 
0.1386780533 1.769609906e+12 4.175494394e+10 2157 
0.1401936605 1.693709827e+12 4.015074748e+10 2169 
0.1417092676 1.480480625e+12 3.64611116e+10 2041 
0.1432248748 1.425309043e+12 3.47682711e+10 2097 
0.1447404819 1.228271316e+12 3.131085192e+10 1947 
0.146256089 1.065867959e+12 2.804276731e+10 1871 
0.1477716962 9.926574987e+11 2.628571789e+10 1858 
0.1492873033 8.788796844e+11 2.366103853e+10 1840 
0.1508029105 7.507098927e+11 2.112353303e+10 1739 
