# Format: McCode with text headers
# URL: http://www.mccode.org
# Creator:  3.8.5, git
# Instrument: eqsans_sans.instr
# Ncount: 10000000
# Trace: no
# Gravitation: no
# Seed: 1790181437135030
# Directory: /Users/georgeyumnam/WORK/PANRAID/PaNRAID-results/Group2/panraidproject/scan_sans_sample/x-09_y-10
# Param: gx=-0.009
# Param: gy=-0.01
# Param: sample_on=1
# Param: R_sphere=100
# Param: Phi=0.01
# Param: bs_radius=0
# Param: samp_ap=0.01
# Date: Wed Sep 23 18:37:52 2026 (1790181472)
# type: array_1d(100)
# Source: EQ_SANS_sample (eqsans_sans.instr)
# component: qmon
# position: 0 0 22.281
# title: QMonitor - Distribution in q (Radially averaged)
# Ncount: 10000000
# filename: qdet.dat
# statistics: X0=0.0130681; dX=0.00911848;
# signal: Min=0; Max=3.35979e+08; Mean=3.17683e+07;
# values: 3.17683e+09 3.38784e+08 4174
# xvar: q
# yvar: (I,I_err)
# xlabel: q [1 / AA]
# ylabel: I(q)
# xlimits: 0 0.151561
# variables: q I I_err N
0.0007578035702 0 0 0 
0.002273410711 87102050.82 87102050.82 1 
0.003789017851 335979221.1 189453434.4 4 
0.005304624991 197373983.2 93312997.65 5 
0.006820232132 325776659.9 130114171.5 8 
0.008335839272 291781786 119913738.7 8 
0.009851446413 297679068.6 93287547.15 13 
0.01136705355 317699980.3 94634030.56 15 
0.01288266069 139230128.3 52683850.92 9 
0.01439826783 238189835.4 73581962.04 15 
0.01591387497 134174333.1 51318380.44 11 
0.01742948211 124193685.2 38816836.59 14 
0.01894508925 67466604.27 27104640.13 12 
0.0204606964 131829363.2 45432036.96 19 
0.02197630354 47492746.1 20341428.44 11 
0.02349191068 107378452.3 28573398.68 27 
0.02500751782 40485873.07 12252081.1 20 
0.02652312496 87278372.75 21625215.72 27 
0.0280387321 34734630.7 10639217.25 22 
0.02955433924 46938771.31 12215196.21 28 
0.03106994638 22886914.85 5728891.205 27 
0.03258555352 16333944.47 4320984.832 28 
0.03410116066 11359990.57 3011724.168 28 
0.0356167678 18941842.63 5162611.713 34 
0.03713237494 10110918.92 2967024.452 42 
0.03864798208 7861795.664 2492585.822 42 
0.04016358922 6155105.783 1933323.299 37 
0.04167919636 2818521.941 1064546.391 32 
0.0431948035 1619374.155 790628.4314 27 
0.04471041064 1374019.727 495432.7762 35 
0.04622601778 747791.5304 334984.7592 37 
0.04774162492 2727991.955 2044140.834 45 
0.04925723206 659825.6329 181529.5269 34 
0.0507728392 853023.9133 188223.4139 40 
0.05228844634 1476660.024 297687.1673 47 
0.05380405348 1552714.466 320493.3542 47 
0.05531966062 1513911.71 244753.7157 53 
0.05683526776 1658131.132 272444.2957 52 
0.05835087491 1623720.806 242929.6564 57 
0.05986648205 1265305.462 223922.9355 50 
0.06138208919 1016391.061 168413.0325 45 
0.06289769633 988971.2646 172777.0665 50 
0.06441330347 701882.0823 124442.2145 49 
0.06592891061 890066.2361 169714.85 55 
0.06744451775 1116818.775 194143.3339 64 
0.06896012489 512612.3358 115370.4508 44 
0.07047573203 568633.731 115474.7245 64 
0.07199133917 324998.8369 71133.82844 54 
0.07350694631 215600.2875 48765.41504 62 
0.07502255345 155266.2588 38195.83584 62 
0.07653816059 212481.8098 50737.76708 70 
0.07805376773 116225.5588 33268.01598 60 
0.07956937487 141497.7689 28348.66118 65 
0.08108498201 107835.2196 20343.66403 67 
0.08260058915 131585.3383 22724.17193 66 
0.08411619629 154789.0741 26677.39267 62 
0.08563180343 253317.2022 35630.4735 76 
0.08714741057 173419.0625 31321.23739 49 
0.08866301771 225123.5048 31837.57151 70 
0.09017862485 192397.2334 31622.17713 50 
0.09169423199 258695.6619 34730.28876 75 
0.09320983913 246718.0524 32758.18312 78 
0.09472544627 201918.3659 29496.75094 64 
0.09624105341 178567.3865 28250.3523 62 
0.09775666056 188949.0348 30222.53482 61 
0.0992722677 145997.8197 22898.86081 64 
0.1007878748 106084.8644 19700.43725 54 
0.102303482 95144.66467 15644.37904 70 
0.1038190891 77048.5043 13951.44169 69 
0.1053346963 53156.43474 13678.17342 54 
0.1068503034 37504.03192 7977.501672 55 
0.1083659105 39487.3008 9717.049895 60 
0.1098815177 39061.71378 7399.687804 60 
0.1113971248 33938.21763 8010.063388 51 
0.112912732 28087.56661 5651.441749 46 
0.1144283391 31053.76064 5940.278388 56 
0.1159439462 28992.00288 5379.508114 48 
0.1174595534 37481.777 6905.142476 45 
0.1189751605 38361.37163 6791.003247 42 
0.1204907677 35656.40297 6381.273552 40 
0.1220063748 32080.03328 5933.239791 38 
0.1235219819 54087.66841 7837.984421 57 
0.1250375891 36405.27621 6472.135314 44 
0.1265531962 38107.9081 6413.799324 46 
0.1280688034 34092.94939 6158.702963 44 
0.1295844105 32974.42175 6224.452286 41 
0.1311000176 29868.52709 5603.788766 46 
0.1326156248 23488.67494 4650.121048 45 
0.1341312319 22256.25666 4262.226898 47 
0.1356468391 14274.38857 3737.985083 34 
0.1371624462 13830.5934 3323.43792 38 
0.1386780533 11308.95386 2470.265838 45 
0.1401936605 5780.59427 1622.678935 36 
0.1417092676 4404.544007 1074.494849 32 
0.1432248748 4165.704126 1212.090203 25 
0.1447404819 6541.765794 1708.676134 29 
0.146256089 6753.753889 1512.35546 32 
0.1477716962 7056.954592 1627.47981 27 
0.1492873033 8654.449012 1903.10551 29 
0.1508029105 10047.06109 1928.481669 38 
