# Format: McCode with text headers
# URL: http://www.mccode.org
# Creator:  3.8.5, git
# Instrument: eqsans_sans.instr
# Ncount: 10000000
# Trace: no
# Gravitation: no
# Seed: 1790184068121156
# Directory: /Users/georgeyumnam/WORK/PANRAID/PaNRAID-results/Group2/panraidproject/scan_sans_sample/x+09_y+08
# Param: gx=0.009
# Param: gy=0.008
# Param: sample_on=1
# Param: R_sphere=100
# Param: Phi=0.01
# Param: bs_radius=0
# Param: samp_ap=0.01
# Date: Wed Sep 23 19:21:43 2026 (1790184103)
# type: array_1d(120)
# Source: EQ_SANS_sample (eqsans_sans.instr)
# component: lambda_det
# position: 0 0 22.28
# title: Wavelength monitor
# Ncount: 10000000
# filename: lambda_det.dat
# statistics: X0=4.29677; dX=0.98885;
# signal: Min=0; Max=8658.73; Mean=1326.96;
# values: 159236 9783.94 4861
# xvar: L
# yvar: (I,I_err)
# xlabel: Wavelength [AA]
# ylabel: Intensity
# xlimits: 0 12
# variables: L I I_err N
0.05 0 0 0 
0.15 0 0 0 
0.25 0 0 0 
0.35 0 0 0 
0.45 0 0 0 
0.55 0 0 0 
0.65 0 0 0 
0.75 0 0 0 
0.85 0 0 0 
0.95 0 0 0 
1.05 0 0 0 
1.15 0 0 0 
1.25 0 0 0 
1.35 0 0 0 
1.45 0 0 0 
1.55 0 0 0 
1.65 0 0 0 
1.75 0 0 0 
1.85 0 0 0 
1.95 0 0 0 
2.05 0 0 0 
2.15 0 0 0 
2.25 0.1150135869 0.0706211869 5 
2.35 380.243441 416.160922 5 
2.45 10.24216414 7.061423928 11 
2.55 698.5573332 715.5092982 17 
2.65 1042.664437 734.4182552 31 
2.75 1085.960598 730.8883971 107 
2.85 5079.480763 1620.328451 222 
2.95 7345.155111 2176.375901 344 
3.05 3472.466804 1330.33682 312 
3.15 6865.614894 2129.412442 277 
3.25 3603.840916 1311.373818 263 
3.35 4965.250556 1437.199697 239 
3.45 8658.727715 2525.625196 241 
3.55 3944.421876 1354.430798 188 
3.65 6211.632323 2194.742367 197 
3.75 2457.78531 1198.446589 195 
3.85 4417.530245 1660.943171 175 
3.95 6830.838579 2103.862022 166 
4.05 6885.05687 2262.835346 174 
4.15 3984.264282 1670.838968 110 
4.25 7843.032178 2095.920632 157 
4.35 4688.35442 1503.205114 90 
4.45 4666.633914 1833.974129 111 
4.55 4566.444398 1549.429029 102 
4.65 5276.63571 1934.846381 104 
4.75 3415.602254 1498.59743 95 
4.85 5019.582896 1603.183558 83 
4.95 6437.703683 1884.315721 91 
5.05 3621.909249 1202.973104 72 
5.15 2892.433628 1265.952434 63 
5.25 5683.344402 2026.13319 78 
5.35 2234.099511 1133.220749 64 
5.45 2378.596873 939.6202138 55 
5.55 1647.111267 953.4761952 47 
5.65 3777.087019 1447.062002 53 
5.75 1805.194505 1042.348268 43 
5.85 4110.88545 1625.663928 44 
5.95 2475.57904 1321.393045 41 
6.05 1758.089475 1048.033657 44 
6.15 646.1393831 518.9488412 27 
6.25 2238.876849 1462.482677 41 
6.35 1937.690087 1231.805482 27 
6.45 1096.204197 531.942441 29 
6.55 1063.862584 498.544467 19 
6.65 14.55943653 10.4292555 2 
6.75 0 0 0 
6.85 0 0 0 
6.95 0 0 0 
7.05 0 0 0 
7.15 0 0 0 
7.25 0 0 0 
7.35 0 0 0 
7.45 0 0 0 
7.55 0 0 0 
7.65 0 0 0 
7.75 0 0 0 
7.85 0 0 0 
7.95 0 0 0 
8.05 0 0 0 
8.15 0 0 0 
8.25 0 0 0 
8.35 0 0 0 
8.45 0 0 0 
8.55 0 0 0 
8.65 0 0 0 
8.75 0 0 0 
8.85 0 0 0 
8.95 0 0 0 
9.05 0 0 0 
9.15 0 0 0 
9.25 0 0 0 
9.35 0 0 0 
9.45 0 0 0 
9.55 0 0 0 
9.65 0 0 0 
9.75 0 0 0 
9.85 0 0 0 
9.95 0 0 0 
10.05 0 0 0 
10.15 0 0 0 
10.25 0 0 0 
10.35 0 0 0 
10.45 0 0 0 
10.55 0 0 0 
10.65 0 0 0 
10.75 0 0 0 
10.85 0 0 0 
10.95 0 0 0 
11.05 0 0 0 
11.15 0 0 0 
11.25 0 0 0 
11.35 0 0 0 
11.45 0 0 0 
11.55 0 0 0 
11.65 0 0 0 
11.75 0 0 0 
11.85 0 0 0 
11.95 0 0 0 
