# Format: McCode with text headers
# URL: http://www.mccode.org
# Creator:  3.8.5, git
# Instrument: eqsans_cylinder.instr
# Ncount: 5000000
# Trace: no
# Gravitation: no
# Seed: 1790194494000918
# Directory: /Users/georgeyumnam/WORK/PANRAID/PaNRAID-results/Group2/panraidproject/dataset_cylinder/cyl_000996
# Param: gx=0
# Param: gy=0
# Param: sample_on=1
# Param: bs_radius=0
# Param: samp_ap=0.01
# Param: sld=1.15881
# Param: sld_solvent=1
# Param: radius=47.1755
# Param: length=987.857
# Param: pd_radius=0.137395
# Param: pd_length=0.267351
# Param: model_scale=1
# Param: model_abs=0
# Date: Wed Sep 23 22:15:12 2026 (1790194512)
# type: array_1d(120)
# Source: EQ_SANS_cylinder (eqsans_cylinder.instr)
# component: lambda_det
# position: 0 0 22.28
# title: Wavelength monitor
# Ncount: 5000000
# filename: lambda_det.dat
# statistics: X0=4.36649; dX=1.03817;
# signal: Min=0; Max=4.65037e+08; Mean=9.6604e+07;
# values: 1.15925e+10 1.03592e+08 289141
# xvar: L
# yvar: (I,I_err)
# xlabel: Wavelength [AA]
# ylabel: Intensity
# xlimits: 0 12
# variables: L I I_err N
0.05 0 0 0 
0.15 0 0 0 
0.25 0 0 0 
0.35 0 0 0 
0.45 0 0 0 
0.55 0 0 0 
0.65 0 0 0 
0.75 0 0 0 
0.85 0 0 0 
0.95 0 0 0 
1.05 0 0 0 
1.15 0 0 0 
1.25 0 0 0 
1.35 0 0 0 
1.45 0 0 0 
1.55 0 0 0 
1.65 0 0 0 
1.75 0 0 0 
1.85 0 0 0 
1.95 0 0 0 
2.05 0 0 0 
2.15 0 0 0 
2.25 0 0 0 
2.35 1499318.808 668196.1629 150 
2.45 10635501.75 2541879.278 800 
2.55 15565432.69 2145195.93 1400 
2.65 57660233.59 7781557.108 2550 
2.75 147508526.9 13612388.96 7250 
2.85 284225990.1 15614349.49 14500 
2.95 407434310.3 18805721.87 18750 
3.05 424949351 19617158.48 18750 
3.15 378791577 19775752.47 15350 
3.25 390008855.5 21029545.06 15350 
3.35 377146047.4 18308439.58 13999 
3.45 451878362.8 19767492.19 14550 
3.55 361543918.8 20418744.61 10650 
3.65 465037416.6 20829758.35 13449 
3.75 428702105.1 20824499.96 11849 
3.85 349348701.8 17211340.35 9300 
3.95 342823249.1 16898393.37 9250 
4.05 354732276.7 16865469.27 9050 
4.15 360744487.9 19570504.7 8150 
4.25 383870024.9 16920689 8748 
4.35 316020870.4 15554303.54 6950 
4.45 386842732.2 19339454.97 8500 
4.55 336415247.9 17595675.33 6600 
4.65 319160450.6 17353946.81 5949 
4.75 334149298.3 17958395.26 5500 
4.85 267563321.1 16106708.1 4350 
4.95 323894010.2 20216329.16 4799 
5.05 247055764.7 14036953.68 4100 
5.15 283961837.8 14907853.12 4799 
5.25 269189545.3 15095624.88 4000 
5.35 224710495.5 13358424.59 3500 
5.45 228776504.6 14969536.03 3050 
5.55 206823282.4 12656642.04 2700 
5.65 216378055.8 12721571.31 2900 
5.75 173842491.9 11136285.83 2150 
5.85 209470262.3 12703028.94 2550 
5.95 263735840 18425468 2650 
6.05 148968586.9 10090199.11 1750 
6.15 251717026.8 15889963.94 2599 
6.25 191852357.7 15304986.02 1800 
6.35 154166048.6 11478871.2 1850 
6.45 135470412.8 9307115.463 1450 
6.55 101200550.6 9486357.998 750 
6.65 7011161.075 1853778.325 50 
6.75 0 0 0 
6.85 0 0 0 
6.95 0 0 0 
7.05 0 0 0 
7.15 0 0 0 
7.25 0 0 0 
7.35 0 0 0 
7.45 0 0 0 
7.55 0 0 0 
7.65 0 0 0 
7.75 0 0 0 
7.85 0 0 0 
7.95 0 0 0 
8.05 0 0 0 
8.15 0 0 0 
8.25 0 0 0 
8.35 0 0 0 
8.45 0 0 0 
8.55 0 0 0 
8.65 0 0 0 
8.75 0 0 0 
8.85 0 0 0 
8.95 0 0 0 
9.05 0 0 0 
9.15 0 0 0 
9.25 0 0 0 
9.35 0 0 0 
9.45 0 0 0 
9.55 0 0 0 
9.65 0 0 0 
9.75 0 0 0 
9.85 0 0 0 
9.95 0 0 0 
10.05 0 0 0 
10.15 0 0 0 
10.25 0 0 0 
10.35 0 0 0 
10.45 0 0 0 
10.55 0 0 0 
10.65 0 0 0 
10.75 0 0 0 
10.85 0 0 0 
10.95 0 0 0 
11.05 0 0 0 
11.15 0 0 0 
11.25 0 0 0 
11.35 0 0 0 
11.45 0 0 0 
11.55 0 0 0 
11.65 0 0 0 
11.75 0 0 0 
11.85 0 0 0 
11.95 0 0 0 
