# Format: McCode with text headers
# URL: http://www.mccode.org
# Creator:  3.8.5, git
# Instrument: eqsans_sans.instr
# Ncount: 10000000
# Trace: no
# Gravitation: no
# Seed: 1790183116831907
# Directory: /Users/georgeyumnam/WORK/PANRAID/PaNRAID-results/Group2/panraidproject/scan_sans_sample/x+03_y-20
# Param: gx=0.003
# Param: gy=-0.02
# Param: sample_on=1
# Param: R_sphere=100
# Param: Phi=0.01
# Param: bs_radius=0
# Param: samp_ap=0.01
# Date: Wed Sep 23 19:05:51 2026 (1790183151)
# type: array_1d(120)
# Source: EQ_SANS_sample (eqsans_sans.instr)
# component: lambda_det
# position: 0 0 22.28
# title: Wavelength monitor
# Ncount: 10000000
# filename: lambda_det.dat
# statistics: X0=4.25481; dX=0.966923;
# signal: Min=0; Max=6415.95; Mean=910.905;
# values: 109309 8098.85 3450
# xvar: L
# yvar: (I,I_err)
# xlabel: Wavelength [AA]
# ylabel: Intensity
# xlimits: 0 12
# variables: L I I_err N
0.05 0 0 0 
0.15 0 0 0 
0.25 0 0 0 
0.35 0 0 0 
0.45 0 0 0 
0.55 0 0 0 
0.65 0 0 0 
0.75 0 0 0 
0.85 0 0 0 
0.95 0 0 0 
1.05 0 0 0 
1.15 0 0 0 
1.25 0 0 0 
1.35 0 0 0 
1.45 0 0 0 
1.55 0 0 0 
1.65 0 0 0 
1.75 0 0 0 
1.85 0 0 0 
1.95 0 0 0 
2.05 0 0 0 
2.15 0 0 0 
2.25 0.192187346 0.192187346 1 
2.35 0.7382466004 0.7283893612 3 
2.45 0.876938801 0.4979364446 8 
2.55 791.3743837 812.0229244 12 
2.65 976.2429837 978.2139896 27 
2.75 1624.123301 998.8650569 79 
2.85 2612.880358 1279.354866 157 
2.95 3714.074346 1681.1542 232 
3.05 2605.628523 1338.328766 216 
3.15 5925.27178 2194.493825 190 
3.25 2694.983135 1196.616881 178 
3.35 4204.502921 1491.851091 163 
3.45 2851.695421 1405.833712 154 
3.55 3462.855516 1451.85996 132 
3.65 4486.344361 1773.029648 135 
3.75 3986.501744 1477.291804 146 
3.85 5368.508667 1676.764201 142 
3.95 2487.687529 1080.810575 124 
4.05 4445.573086 1765.645338 112 
4.15 4072.6871 1625.20656 111 
4.25 6415.945798 2142.949493 101 
4.35 3867.496961 1663.959007 74 
4.45 3221.896198 1439.953649 88 
4.55 3379.089044 1311.489419 92 
4.65 1627.947839 694.5432495 67 
4.75 3589.537232 1208.101888 77 
4.85 520.7689263 336.187856 59 
4.95 2105.541424 1111.257149 59 
5.05 2641.560521 1544.743903 46 
5.15 3247.345807 1404.023492 47 
5.25 2146.686919 1056.677485 47 
5.35 3331.438559 1398.321049 45 
5.45 1649.532737 725.9846061 39 
5.55 3936.001579 1349.003533 38 
5.65 2443.317257 1323.303663 30 
5.75 1119.887122 478.0707309 42 
5.85 334.1652674 161.2692705 34 
5.95 913.6087994 559.0568725 31 
6.05 1978.71915 1087.19799 26 
6.15 1223.07381 680.7954333 25 
6.25 1973.305901 912.0227424 24 
6.35 1120.88847 970.7506043 13 
6.45 104.9789756 56.24103267 13 
6.55 98.94556066 67.75581607 9 
6.65 4.206893103 5.152245597 2 
6.75 0 0 0 
6.85 0 0 0 
6.95 0 0 0 
7.05 0 0 0 
7.15 0 0 0 
7.25 0 0 0 
7.35 0 0 0 
7.45 0 0 0 
7.55 0 0 0 
7.65 0 0 0 
7.75 0 0 0 
7.85 0 0 0 
7.95 0 0 0 
8.05 0 0 0 
8.15 0 0 0 
8.25 0 0 0 
8.35 0 0 0 
8.45 0 0 0 
8.55 0 0 0 
8.65 0 0 0 
8.75 0 0 0 
8.85 0 0 0 
8.95 0 0 0 
9.05 0 0 0 
9.15 0 0 0 
9.25 0 0 0 
9.35 0 0 0 
9.45 0 0 0 
9.55 0 0 0 
9.65 0 0 0 
9.75 0 0 0 
9.85 0 0 0 
9.95 0 0 0 
10.05 0 0 0 
10.15 0 0 0 
10.25 0 0 0 
10.35 0 0 0 
10.45 0 0 0 
10.55 0 0 0 
10.65 0 0 0 
10.75 0 0 0 
10.85 0 0 0 
10.95 0 0 0 
11.05 0 0 0 
11.15 0 0 0 
11.25 0 0 0 
11.35 0 0 0 
11.45 0 0 0 
11.55 0 0 0 
11.65 0 0 0 
11.75 0 0 0 
11.85 0 0 0 
11.95 0 0 0 
