# Format: McCode with text headers
# URL: http://www.mccode.org
# Creator:  3.8.5, git
# Instrument: eqsans_cylinder.instr
# Ncount: 5000000
# Trace: no
# Gravitation: no
# Seed: 1790195591451168
# Directory: /Users/georgeyumnam/WORK/PANRAID/PaNRAID-results/Group2/panraidproject/dataset_cylinder/cyl_001608
# Param: gx=0
# Param: gy=0
# Param: sample_on=1
# Param: bs_radius=0
# Param: samp_ap=0.01
# Param: sld=4.04755
# Param: sld_solvent=1
# Param: radius=47.2955
# Param: length=551.365
# Param: pd_radius=0.075746
# Param: pd_length=0.148947
# Param: model_scale=1
# Param: model_abs=0
# Date: Wed Sep 23 22:33:29 2026 (1790195609)
# type: array_1d(120)
# Source: EQ_SANS_cylinder (eqsans_cylinder.instr)
# component: lambda_det
# position: 0 0 22.28
# title: Wavelength monitor
# Ncount: 5000000
# filename: lambda_det.dat
# statistics: X0=4.32696; dX=1.02896;
# signal: Min=0; Max=8.13979e+10; Mean=1.79124e+10;
# values: 2.14948e+12 1.55924e+10 289993
# xvar: L
# yvar: (I,I_err)
# xlabel: Wavelength [AA]
# ylabel: Intensity
# xlimits: 0 12
# variables: L I I_err N
0.05 0 0 0 
0.15 0 0 0 
0.25 0 0 0 
0.35 0 0 0 
0.45 0 0 0 
0.55 0 0 0 
0.65 0 0 0 
0.75 0 0 0 
0.85 0 0 0 
0.95 0 0 0 
1.05 0 0 0 
1.15 0 0 0 
1.25 0 0 0 
1.35 0 0 0 
1.45 0 0 0 
1.55 0 0 0 
1.65 0 0 0 
1.75 0 0 0 
1.85 0 0 0 
1.95 0 0 0 
2.05 0 0 0 
2.15 0 0 0 
2.25 523245262.8 382574539.3 100 
2.35 587537941 267187407.6 150 
2.45 2231515704 491801832.7 750 
2.55 1924869973 446688159.3 650 
2.65 8571746111 997607402.4 2750 
2.75 3.213021146e+10 1817277563 8700 
2.85 5.71601986e+10 2406829819 15150 
2.95 8.139789851e+10 3328025148 19649 
3.05 7.655775481e+10 2793141529 18299 
3.15 7.772050504e+10 2927958259 16449 
3.25 7.481310803e+10 2670440338 16750 
3.35 7.582922872e+10 2921537839 14600 
3.45 7.812418955e+10 2924099575 13899 
3.55 7.369088503e+10 2809848491 12200 
3.65 7.713248542e+10 2982844761 11750 
3.75 7.775224862e+10 2963817624 11900 
3.85 6.521179532e+10 2625695148 9350 
3.95 7.39378831e+10 2831571043 10600 
4.05 7.572167694e+10 3058935786 9250 
4.15 7.181700434e+10 2810722085 8350 
4.25 6.346640082e+10 2663587752 7449 
4.35 7.441750191e+10 2887366818 8399 
4.45 5.669625077e+10 2445487181 6650 
4.55 6.615003321e+10 2829794434 6900 
4.65 6.516118676e+10 2720755342 6200 
4.75 4.585754094e+10 2218042100 4650 
4.85 5.025174208e+10 2314524696 4650 
4.95 4.547186506e+10 2217342083 3850 
5.05 5.639626083e+10 2797834686 4250 
5.15 4.1467707e+10 2142962114 3450 
5.25 5.172066858e+10 2496286703 3800 
5.35 4.927489837e+10 2462030936 3600 
5.45 3.96172654e+10 2190762050 2800 
5.55 3.980150286e+10 2252694774 2700 
5.65 3.633588619e+10 2008842731 2600 
5.75 4.286489634e+10 2290575216 2600 
5.85 3.419849913e+10 2166475067 2050 
5.95 3.931726354e+10 2108530829 2500 
6.05 3.7540357e+10 2234883600 2200 
6.15 3.174516751e+10 1761720353 1900 
6.25 2.941072628e+10 1609832622 1750 
6.35 1.917717289e+10 1375908435 1199 
6.45 3.769076598e+10 2012015948 1950 
6.55 1.261561591e+10 1160345524 600 
6.65 0 0 0 
6.75 0 0 0 
6.85 0 0 0 
6.95 0 0 0 
7.05 0 0 0 
7.15 0 0 0 
7.25 0 0 0 
7.35 0 0 0 
7.45 0 0 0 
7.55 0 0 0 
7.65 0 0 0 
7.75 0 0 0 
7.85 0 0 0 
7.95 0 0 0 
8.05 0 0 0 
8.15 0 0 0 
8.25 0 0 0 
8.35 0 0 0 
8.45 0 0 0 
8.55 0 0 0 
8.65 0 0 0 
8.75 0 0 0 
8.85 0 0 0 
8.95 0 0 0 
9.05 0 0 0 
9.15 0 0 0 
9.25 0 0 0 
9.35 0 0 0 
9.45 0 0 0 
9.55 0 0 0 
9.65 0 0 0 
9.75 0 0 0 
9.85 0 0 0 
9.95 0 0 0 
10.05 0 0 0 
10.15 0 0 0 
10.25 0 0 0 
10.35 0 0 0 
10.45 0 0 0 
10.55 0 0 0 
10.65 0 0 0 
10.75 0 0 0 
10.85 0 0 0 
10.95 0 0 0 
11.05 0 0 0 
11.15 0 0 0 
11.25 0 0 0 
11.35 0 0 0 
11.45 0 0 0 
11.55 0 0 0 
11.65 0 0 0 
11.75 0 0 0 
11.85 0 0 0 
11.95 0 0 0 
