# Format: McCode with text headers
# URL: http://www.mccode.org
# Creator:  3.8.5, git
# Instrument: eqsans_cylinder.instr
# Ncount: 5000000
# Trace: no
# Gravitation: no
# Seed: 1790195800324543
# Directory: /Users/georgeyumnam/WORK/PANRAID/PaNRAID-results/Group2/panraidproject/dataset_cylinder/cyl_001720
# Param: gx=0
# Param: gy=0
# Param: sample_on=1
# Param: bs_radius=0
# Param: samp_ap=0.01
# Param: sld=6.85092
# Param: sld_solvent=1
# Param: radius=126.207
# Param: length=723.818
# Param: pd_radius=0.209571
# Param: pd_length=0.078408
# Param: model_scale=1
# Param: model_abs=0
# Date: Wed Sep 23 22:36:58 2026 (1790195818)
# type: array_1d(120)
# Source: EQ_SANS_cylinder (eqsans_cylinder.instr)
# component: lambda_det
# position: 0 0 22.28
# title: Wavelength monitor
# Ncount: 5000000
# filename: lambda_det.dat
# statistics: X0=4.36121; dX=1.0402;
# signal: Min=0; Max=8.72866e+12; Mean=1.7121e+12;
# values: 2.05452e+14 4.27654e+12 293135
# xvar: L
# yvar: (I,I_err)
# xlabel: Wavelength [AA]
# ylabel: Intensity
# xlimits: 0 12
# variables: L I I_err N
0.05 0 0 0 
0.15 0 0 0 
0.25 0 0 0 
0.35 0 0 0 
0.45 0 0 0 
0.55 0 0 0 
0.65 0 0 0 
0.75 0 0 0 
0.85 0 0 0 
0.95 0 0 0 
1.05 0 0 0 
1.15 0 0 0 
1.25 0 0 0 
1.35 0 0 0 
1.45 0 0 0 
1.55 0 0 0 
1.65 0 0 0 
1.75 0 0 0 
1.85 0 0 0 
1.95 0 0 0 
2.05 0 0 0 
2.15 0 0 0 
2.25 1.129411654e+10 1.109787837e+10 50 
2.35 9.428971137e+10 8.214259604e+10 150 
2.45 1.497625761e+11 1.26765335e+11 400 
2.55 3.419652166e+11 1.523473416e+11 1050 
2.65 7.667182528e+11 2.93319332e+11 3050 
2.75 3.025638912e+12 4.60242646e+11 8450 
2.85 5.184544405e+12 7.224426982e+11 14500 
2.95 7.223162479e+12 8.405084082e+11 18150 
3.05 7.45603706e+12 8.150209941e+11 17800 
3.15 6.900905186e+12 7.641808671e+11 19849 
3.25 5.714986398e+12 5.544679122e+11 14449 
3.35 7.542158305e+12 9.112656996e+11 14399 
3.45 7.523712929e+12 7.874423509e+11 14398 
3.55 7.356120138e+12 7.515919759e+11 13000 
3.65 6.860590536e+12 7.388081326e+11 12148 
3.75 7.516905346e+12 7.847175446e+11 10948 
3.85 8.728663815e+12 1.099865056e+12 11250 
3.95 7.005024578e+12 6.764979191e+11 11399 
4.05 5.645145105e+12 6.829300073e+11 9200 
4.15 5.995035579e+12 6.665021886e+11 7650 
4.25 6.370054202e+12 8.121543542e+11 7599 
4.35 6.486604995e+12 7.929633305e+11 6949 
4.45 5.617091366e+12 6.29028073e+11 6650 
4.55 4.213570236e+12 6.281612403e+11 4850 
4.65 5.507434888e+12 6.295950119e+11 6049 
4.75 6.811748395e+12 1.001629734e+12 6000 
4.85 5.359353272e+12 6.637197556e+11 5550 
4.95 6.260635439e+12 7.825404333e+11 5000 
5.05 3.279386857e+12 5.670504272e+11 3550 
5.15 4.643941108e+12 5.688816889e+11 3800 
5.25 5.200673044e+12 6.993677723e+11 3800 
5.35 4.199772311e+12 5.818003998e+11 3650 
5.45 4.045990447e+12 4.741405694e+11 3999 
5.55 3.777376146e+12 5.005477444e+11 2950 
5.65 3.051442737e+12 5.948730105e+11 2500 
5.75 3.545111565e+12 4.987950137e+11 2750 
5.85 4.167441158e+12 5.834535139e+11 2600 
5.95 3.867648097e+12 5.902080663e+11 2450 
6.05 3.332351031e+12 5.111983403e+11 2100 
6.15 3.744834982e+12 7.232958824e+11 2150 
6.25 3.262084582e+12 4.216185689e+11 2000 
6.35 3.907112738e+12 6.519461873e+11 1700 
6.45 2.465962724e+12 4.119612481e+11 1449 
6.55 1.108556162e+12 2.740291426e+11 650 
6.65 1.828888173e+11 8.046315571e+10 100 
6.75 0 0 0 
6.85 0 0 0 
6.95 0 0 0 
7.05 0 0 0 
7.15 0 0 0 
7.25 0 0 0 
7.35 0 0 0 
7.45 0 0 0 
7.55 0 0 0 
7.65 0 0 0 
7.75 0 0 0 
7.85 0 0 0 
7.95 0 0 0 
8.05 0 0 0 
8.15 0 0 0 
8.25 0 0 0 
8.35 0 0 0 
8.45 0 0 0 
8.55 0 0 0 
8.65 0 0 0 
8.75 0 0 0 
8.85 0 0 0 
8.95 0 0 0 
9.05 0 0 0 
9.15 0 0 0 
9.25 0 0 0 
9.35 0 0 0 
9.45 0 0 0 
9.55 0 0 0 
9.65 0 0 0 
9.75 0 0 0 
9.85 0 0 0 
9.95 0 0 0 
10.05 0 0 0 
10.15 0 0 0 
10.25 0 0 0 
10.35 0 0 0 
10.45 0 0 0 
10.55 0 0 0 
10.65 0 0 0 
10.75 0 0 0 
10.85 0 0 0 
10.95 0 0 0 
11.05 0 0 0 
11.15 0 0 0 
11.25 0 0 0 
11.35 0 0 0 
11.45 0 0 0 
11.55 0 0 0 
11.65 0 0 0 
11.75 0 0 0 
11.85 0 0 0 
11.95 0 0 0 
