# Format: McCode with text headers
# URL: http://www.mccode.org
# Creator:  3.8.5, git
# Instrument: eqsans_cylinder.instr
# Ncount: 5000000
# Trace: no
# Gravitation: no
# Seed: 1790196219588504
# Directory: /Users/georgeyumnam/WORK/PANRAID/PaNRAID-results/Group2/panraidproject/dataset_cylinder/cyl_001957
# Param: gx=0
# Param: gy=0
# Param: sample_on=1
# Param: bs_radius=0
# Param: samp_ap=0.01
# Param: sld=7.89493
# Param: sld_solvent=1
# Param: radius=40.453
# Param: length=553.582
# Param: pd_radius=0.274512
# Param: pd_length=0.13874
# Param: model_scale=1
# Param: model_abs=0
# Date: Wed Sep 23 22:43:57 2026 (1790196237)
# type: array_1d(120)
# Source: EQ_SANS_cylinder (eqsans_cylinder.instr)
# component: lambda_det
# position: 0 0 22.28
# title: Wavelength monitor
# Ncount: 5000000
# filename: lambda_det.dat
# statistics: X0=4.35262; dX=1.05116;
# signal: Min=0; Max=3.74945e+11; Mean=7.16644e+10;
# values: 8.59973e+12 8.36638e+10 290477
# xvar: L
# yvar: (I,I_err)
# xlabel: Wavelength [AA]
# ylabel: Intensity
# xlimits: 0 12
# variables: L I I_err N
0.05 0 0 0 
0.15 0 0 0 
0.25 0 0 0 
0.35 0 0 0 
0.45 0 0 0 
0.55 0 0 0 
0.65 0 0 0 
0.75 0 0 0 
0.85 0 0 0 
0.95 0 0 0 
1.05 0 0 0 
1.15 0 0 0 
1.25 0 0 0 
1.35 0 0 0 
1.45 0 0 0 
1.55 0 0 0 
1.65 0 0 0 
1.75 0 0 0 
1.85 0 0 0 
1.95 0 0 0 
2.05 0 0 0 
2.15 102507468.8 52602547.86 50 
2.25 677991251.7 439043287.8 50 
2.35 3098849200 1051330135 250 
2.45 2293747086 946260768 350 
2.55 1.6611101e+10 2808487373 1650 
2.65 4.466999502e+10 4863503306 3100 
2.75 1.075595091e+11 8178416047 7299 
2.85 2.170497742e+11 1.343255517e+10 14899 
2.95 2.800305549e+11 1.330205368e+10 18598 
3.05 3.749448929e+11 1.995023637e+10 19698 
3.15 2.84860101e+11 1.422460391e+10 16250 
3.25 3.167825592e+11 1.67369759e+10 14599 
3.35 3.360389965e+11 1.654275559e+10 16199 
3.45 3.237764229e+11 1.481862742e+10 14348 
3.55 2.950406446e+11 1.523288653e+10 12299 
3.65 2.919477087e+11 1.402004051e+10 12198 
3.75 2.501846232e+11 1.256599348e+10 10250 
3.85 2.905453273e+11 1.570175362e+10 10050 
3.95 2.825318959e+11 1.508149209e+10 10098 
4.05 2.705154307e+11 1.393048836e+10 8948 
4.15 2.466325363e+11 1.314951935e+10 7798 
4.25 2.68937046e+11 1.260745038e+10 8499 
4.35 2.382623668e+11 1.610518372e+10 6750 
4.45 2.98012692e+11 2.14628276e+10 6450 
4.55 2.781197025e+11 1.391142178e+10 7450 
4.65 2.392058595e+11 1.489476143e+10 5349 
4.75 2.133436195e+11 1.18804362e+10 4650 
4.85 2.056378664e+11 1.156674168e+10 5100 
4.95 1.952363358e+11 1.21597259e+10 4450 
5.05 1.768542431e+11 1.349553415e+10 4049 
5.15 1.927826635e+11 1.179224274e+10 4350 
5.25 1.481004012e+11 9488544440 3300 
5.35 1.755420866e+11 1.184144853e+10 3450 
5.45 1.276870795e+11 1.102700533e+10 2350 
5.55 1.878902604e+11 1.257967597e+10 3350 
5.65 1.596761756e+11 1.03075633e+10 3050 
5.75 1.75635461e+11 1.129447924e+10 2850 
5.85 1.502868123e+11 9004302603 2699 
5.95 1.313355683e+11 1.070077191e+10 2250 
6.05 1.509377399e+11 1.174177946e+10 2250 
6.15 1.538931049e+11 1.257235784e+10 2600 
6.25 1.754433858e+11 1.397186595e+10 2300 
6.35 1.082977884e+11 8075036890 1500 
6.45 1.466253268e+11 1.184764535e+10 1600 
6.55 6.155476918e+10 8090762192 750 
6.65 4536196444 1311914766 100 
6.75 0 0 0 
6.85 0 0 0 
6.95 0 0 0 
7.05 0 0 0 
7.15 0 0 0 
7.25 0 0 0 
7.35 0 0 0 
7.45 0 0 0 
7.55 0 0 0 
7.65 0 0 0 
7.75 0 0 0 
7.85 0 0 0 
7.95 0 0 0 
8.05 0 0 0 
8.15 0 0 0 
8.25 0 0 0 
8.35 0 0 0 
8.45 0 0 0 
8.55 0 0 0 
8.65 0 0 0 
8.75 0 0 0 
8.85 0 0 0 
8.95 0 0 0 
9.05 0 0 0 
9.15 0 0 0 
9.25 0 0 0 
9.35 0 0 0 
9.45 0 0 0 
9.55 0 0 0 
9.65 0 0 0 
9.75 0 0 0 
9.85 0 0 0 
9.95 0 0 0 
10.05 0 0 0 
10.15 0 0 0 
10.25 0 0 0 
10.35 0 0 0 
10.45 0 0 0 
10.55 0 0 0 
10.65 0 0 0 
10.75 0 0 0 
10.85 0 0 0 
10.95 0 0 0 
11.05 0 0 0 
11.15 0 0 0 
11.25 0 0 0 
11.35 0 0 0 
11.45 0 0 0 
11.55 0 0 0 
11.65 0 0 0 
11.75 0 0 0 
11.85 0 0 0 
11.95 0 0 0 
