# Format: McCode with text headers
# URL: http://www.mccode.org
# Creator:  3.8.5, git
# Instrument: eqsans_sans.instr
# Ncount: 10000000
# Trace: no
# Gravitation: no
# Seed: 1790183886933183
# Directory: /Users/georgeyumnam/WORK/PANRAID/PaNRAID-results/Group2/panraidproject/scan_sans_sample/x+08_y-06
# Param: gx=0.008
# Param: gy=-0.006
# Param: sample_on=1
# Param: R_sphere=100
# Param: Phi=0.01
# Param: bs_radius=0
# Param: samp_ap=0.01
# Date: Wed Sep 23 19:18:42 2026 (1790183922)
# type: array_1d(100)
# Source: EQ_SANS_sample (eqsans_sans.instr)
# component: qmon
# position: 0 0 22.281
# title: QMonitor - Distribution in q (Radially averaged)
# Ncount: 10000000
# filename: qdet.dat
# statistics: X0=0.0130373; dX=0.00985385;
# signal: Min=0; Max=3.75705e+08; Mean=3.57831e+07;
# values: 3.57831e+09 4.27732e+08 5160
# xvar: q
# yvar: (I,I_err)
# xlabel: q [1 / AA]
# ylabel: I(q)
# xlimits: 0 0.151561
# variables: q I I_err N
0.0007578035702 0 0 0 
0.002273410711 375704692.7 288158280.3 2 
0.003789017851 363402472.7 206796393.7 5 
0.005304624991 266468792.6 148458839.4 4 
0.006820232132 221204759.4 79941039.05 9 
0.008335839272 233912717.6 101732160.4 9 
0.009851446413 320202073.5 99072510.88 13 
0.01136705355 238114401.6 71239554.45 16 
0.01288266069 122206616.6 53229263.78 7 
0.01439826783 196451250.4 52030264.58 19 
0.01591387497 188647359.4 49762669.46 20 
0.01742948211 178720005.8 44326557.89 25 
0.01894508925 127535655.5 35577138.28 18 
0.0204606964 96592427.59 34334511.67 16 
0.02197630354 118739753.4 32166558.47 27 
0.02349191068 123797150.7 25715074.99 36 
0.02500751782 41040350.35 10611574.05 22 
0.02652312496 90271625.44 19311126.64 37 
0.0280387321 39538656.36 9442959.07 32 
0.02955433924 57485884.91 14633756.62 30 
0.03106994638 33532977.94 7592121.102 38 
0.03258555352 28322207.31 7081053.416 34 
0.03410116066 22881472.58 5727930.042 36 
0.0356167678 24813773.6 7191767.759 49 
0.03713237494 14020562.17 3413455.641 46 
0.03864798208 14357862.97 4522324.183 44 
0.04016358922 3883145.884 1202394.375 31 
0.04167919636 4094405.644 1141664.937 43 
0.0431948035 2442335.912 827228.675 37 
0.04471041064 794575.5963 209263.4904 43 
0.04622601778 2033944.378 585649.0264 51 
0.04774162492 660281.8649 162639.4008 38 
0.04925723206 1236080.083 217203.386 60 
0.0507728392 1788489.845 297059.2153 62 
0.05228844634 1926508.596 283327.7731 69 
0.05380405348 1164811.921 204529.4996 48 
0.05531966062 1908058.037 280474.9051 68 
0.05683526776 1819468.194 267646.4568 60 
0.05835087491 1944277.959 293540.6425 60 
0.05986648205 1433769.517 209020.8468 61 
0.06138208919 1551607.098 228137.1172 60 
0.06289769633 1794077.119 255383.0975 73 
0.06441330347 1535675.332 215946.5047 81 
0.06592891061 911690.6905 151838.3247 59 
0.06744451775 778541.7558 132382.7611 59 
0.06896012489 577168.3642 106560.5507 71 
0.07047573203 394210.5187 76830.71577 64 
0.07199133917 472545.9264 100128.6591 73 
0.07350694631 293905.918 66969.51064 70 
0.07502255345 289209.5 65911.36619 81 
0.07653816059 158841.0086 48256.58376 61 
0.07805376773 162203.9744 28660.36647 87 
0.07956937487 136479.6299 24561.2954 81 
0.08108498201 173442.4424 28851.61132 82 
0.08260058915 151871.7362 21293.53925 85 
0.08411619629 214829.719 32016.44623 81 
0.08563180343 257207.6291 35089.61739 84 
0.08714741057 271748.2223 36886.46487 86 
0.08866301771 252465.7422 35143.20794 71 
0.09017862485 274372.0576 33485.36493 87 
0.09169423199 261184.2854 34110.6068 80 
0.09320983913 293250.4573 37530.63508 88 
0.09472544627 251380.57 32100.67479 83 
0.09624105341 205396.2176 30309.38162 81 
0.09775666056 147262.1476 23731.69602 65 
0.0992722677 153499.0223 24133.18721 80 
0.1007878748 144809.3413 21739.19264 83 
0.102303482 91009.30867 15932.88025 68 
0.1038190891 71295.52756 13843.50458 66 
0.1053346963 65206.25209 11998.93785 77 
0.1068503034 54412.96545 10513.73629 71 
0.1083659105 31129.74652 7333.500104 65 
0.1098815177 34457.98812 7370.747604 73 
0.1113971248 49733.76204 8929.264553 72 
0.112912732 53174.81289 8129.809842 87 
0.1144283391 36228.51322 5758.835941 71 
0.1159439462 41947.51996 6650.787324 64 
0.1174595534 44292.10371 6861.866571 72 
0.1189751605 59434.67419 8924.085923 69 
0.1204907677 45791.73098 7577.250421 53 
0.1220063748 48444.45311 7803.317069 55 
0.1235219819 65453.28149 9007.572051 67 
0.1250375891 48597.30407 7331.845964 58 
0.1265531962 31875.10031 5967.182187 39 
0.1280688034 36060.3753 5998.437625 54 
0.1295844105 32125.12173 5995.175704 44 
0.1311000176 28363.44612 5515.490039 43 
0.1326156248 18854.13344 4008.35164 34 
0.1341312319 17511.12951 3755.628677 42 
0.1356468391 13353.94859 3163.297751 44 
0.1371624462 13319.79583 3010.742077 42 
0.1386780533 5118.734891 1404.60177 33 
0.1401936605 14973.15268 3064.286719 59 
0.1417092676 9599.291999 2353.832916 43 
0.1432248748 8202.952178 1919.33098 40 
0.1447404819 8098.768691 1607.856294 49 
0.146256089 9182.3534 1827.11349 40 
0.1477716962 6830.691137 1600.708212 28 
0.1492873033 6728.518157 1648.173724 25 
0.1508029105 8615.540811 1864.09716 32 
