# Format: McCode with text headers
# URL: http://www.mccode.org
# Creator:  3.8.5, git
# Instrument: eqsans_cylinder.instr
# Ncount: 5000000
# Trace: no
# Gravitation: no
# Seed: 1790195363084119
# Directory: /Users/georgeyumnam/WORK/PANRAID/PaNRAID-results/Group2/panraidproject/dataset_cylinder/cyl_001479
# Param: gx=0
# Param: gy=0
# Param: sample_on=1
# Param: bs_radius=0
# Param: samp_ap=0.01
# Param: sld=5.04985
# Param: sld_solvent=1
# Param: radius=50.9584
# Param: length=803.108
# Param: pd_radius=0.170063
# Param: pd_length=0.044469
# Param: model_scale=1
# Param: model_abs=0
# Date: Wed Sep 23 22:29:40 2026 (1790195380)
# type: array_1d(100)
# Source: EQ_SANS_cylinder (eqsans_cylinder.instr)
# component: qmon
# position: 0 0 22.281
# title: QMonitor - Radially averaged distribution
# Ncount: 5000000
# filename: rdet.dat
# statistics: X0=0.0638762; dX=0.0626609;
# signal: Min=3.20747e+12; Max=5.01332e+15; Mean=6.53247e+14;
# values: 6.53247e+16 1.98471e+15 161777
# xvar: r
# yvar: (I,I_err)
# xlabel: Radius [m]
# ylabel: I(r)
# xlimits: 0 0.5
# variables: r I I_err N
0.0025 5.013320966e+15 1.454176254e+15 17 
0.0075 4.10242111e+15 7.686016423e+14 57 
0.0125 3.943310542e+15 5.883374506e+14 86 
0.0175 3.634610009e+15 4.478351128e+14 125 
0.0225 3.261009735e+15 3.507710471e+14 140 
0.0275 3.503638451e+15 4.036137535e+14 163 
0.0325 3.458207954e+15 3.244771611e+14 225 
0.0375 3.000001292e+15 2.813346785e+14 238 
0.0425 2.829004395e+15 2.364389778e+14 274 
0.0475 2.221369648e+15 1.92022554e+14 289 
0.0525 2.612121885e+15 2.36883005e+14 324 
0.0575 2.142906677e+15 1.461160183e+14 388 
0.0625 1.947090382e+15 1.356862865e+14 401 
0.0675 1.964414004e+15 1.255627936e+14 460 
0.0725 1.723437663e+15 1.153086517e+14 468 
0.0775 1.516602628e+15 9.369764288e+13 501 
0.0825 1.451937793e+15 8.5279833e+13 539 
0.0875 1.325517493e+15 7.426318414e+13 569 
0.0925 1.21409739e+15 6.893648856e+13 597 
0.0975 1.089654946e+15 5.736481357e+13 639 
0.1025 1.047533531e+15 5.514913092e+13 678 
0.1075 8.944895681e+14 4.582341156e+13 674 
0.1125 8.647826599e+14 4.288823217e+13 711 
0.1175 8.178779404e+14 4.090570445e+13 763 
0.1225 8.110690673e+14 3.715463535e+13 857 
0.1275 6.011186354e+14 2.943752224e+13 785 
0.1325 5.992913731e+14 2.772835955e+13 820 
0.1375 5.620393203e+14 2.681890581e+13 844 
0.1425 5.539697623e+14 2.486197897e+13 955 
0.1475 5.169257501e+14 2.319101001e+13 970 
0.1525 4.879253719e+14 2.141194482e+13 1031 
0.1575 3.951454022e+14 1.706798151e+13 987 
0.1625 3.980655968e+14 1.711388783e+13 1060 
0.1675 3.453257852e+14 1.518829717e+13 1028 
0.1725 3.408488532e+14 1.476075298e+13 1115 
0.1775 3.166347213e+14 1.349088047e+13 1163 
0.1825 2.767315155e+14 1.191715556e+13 1152 
0.1875 2.764491914e+14 1.181817155e+13 1221 
0.1925 2.556147378e+14 1.071773437e+13 1235 
0.1975 2.335240563e+14 9.453193835e+12 1284 
0.2025 2.133279594e+14 9.290961451e+12 1281 
0.2075 1.939241508e+14 8.107444413e+12 1317 
0.2125 1.860752762e+14 7.896219115e+12 1359 
0.2175 1.654022201e+14 6.70321689e+12 1423 
0.2225 1.542635533e+14 6.630633722e+12 1446 
0.2275 1.38719985e+14 5.653812892e+12 1460 
0.2325 1.264857756e+14 5.378397005e+12 1473 
0.2375 1.244741061e+14 5.146485398e+12 1528 
0.2425 1.20123963e+14 5.026367124e+12 1626 
0.2475 1.042657257e+14 4.44359743e+12 1595 
0.2525 9.130506159e+13 3.759396742e+12 1618 
0.2575 8.277190831e+13 3.439192989e+12 1684 
0.2625 8.213044991e+13 3.508541319e+12 1652 
0.2675 6.903058437e+13 2.947911116e+12 1657 
0.2725 6.632836637e+13 2.815133822e+12 1723 
0.2775 6.21455501e+13 2.667876566e+12 1769 
0.2825 5.676435075e+13 2.39202568e+12 1807 
0.2875 5.502417443e+13 2.321177375e+12 1873 
0.2925 5.595371986e+13 2.335211902e+12 1919 
0.2975 5.224792208e+13 2.155256845e+12 2046 
0.3025 4.477186404e+13 1.891010687e+12 2011 
0.3075 3.919025555e+13 1.673401279e+12 1999 
0.3125 3.657855894e+13 1.568834562e+12 2043 
0.3175 3.32630834e+13 1.449193588e+12 2043 
0.3225 3.145860255e+13 1.374751594e+12 2065 
0.3275 2.91511594e+13 1.219769194e+12 2160 
0.3325 2.752354244e+13 1.156437448e+12 2148 
0.3375 2.480561311e+13 1.039723568e+12 2128 
0.3425 2.409729295e+13 1.041599635e+12 2275 
0.3475 2.069296688e+13 8.749645289e+11 2302 
0.3525 2.192021088e+13 9.434533204e+11 2388 
0.3575 1.705402183e+13 7.338555895e+11 2258 
0.3625 1.632177819e+13 6.80303185e+11 2300 
0.3675 1.708960486e+13 6.851336438e+11 2509 
0.3725 1.413178544e+13 6.004613263e+11 2277 
0.3775 1.303397415e+13 5.545275176e+11 2430 
0.3825 1.263721572e+13 5.239417007e+11 2443 
0.3875 1.28094153e+13 5.367257912e+11 2570 
0.3925 1.042970946e+13 4.396139511e+11 2478 
0.3975 1.050190709e+13 4.17152221e+11 2504 
0.4025 1.008850385e+13 3.943490339e+11 2715 
0.4075 8.871324301e+12 3.541562254e+11 2578 
0.4125 8.646953808e+12 3.493633725e+11 2665 
0.4175 7.772141759e+12 3.055558269e+11 2665 
0.4225 7.374597728e+12 2.869433532e+11 2702 
0.4275 7.125414941e+12 2.718656122e+11 2776 
0.4325 6.588752739e+12 2.500694953e+11 2731 
0.4375 6.18566159e+12 2.351513537e+11 2817 
0.4425 6.12193257e+12 2.233432179e+11 2919 
0.4475 5.597150051e+12 1.973632686e+11 2936 
0.4525 5.082966695e+12 1.777347631e+11 2941 
0.4575 4.942047116e+12 1.766786412e+11 2949 
0.4625 4.730083919e+12 1.649372797e+11 3038 
0.4675 4.360345162e+12 1.49095936e+11 3019 
0.4725 4.555156158e+12 1.523118489e+11 3148 
0.4775 4.439523313e+12 1.428004825e+11 3231 
0.4825 3.608952974e+12 1.175755755e+11 3104 
0.4875 3.738215319e+12 1.263879969e+11 3039 
0.4925 3.432928312e+12 1.066475884e+11 3226 
0.4975 3.207474126e+12 9.766375195e+10 3158 
