# Format: McCode with text headers
# URL: http://www.mccode.org
# Creator:  3.8.5, git
# Instrument: eqsans_cylinder.instr
# Ncount: 5000000
# Trace: no
# Gravitation: no
# Seed: 1790193988377457
# Directory: /Users/georgeyumnam/WORK/PANRAID/PaNRAID-results/Group2/panraidproject/dataset_cylinder/cyl_000714
# Param: gx=0
# Param: gy=0
# Param: sample_on=1
# Param: bs_radius=0
# Param: samp_ap=0.01
# Param: sld=6.06797
# Param: sld_solvent=1
# Param: radius=80.9538
# Param: length=575.638
# Param: pd_radius=0.206887
# Param: pd_length=0.032132
# Param: model_scale=1
# Param: model_abs=0
# Date: Wed Sep 23 22:06:46 2026 (1790194006)
# type: array_1d(100)
# Source: EQ_SANS_cylinder (eqsans_cylinder.instr)
# component: qmon
# position: 0 0 22.281
# title: QMonitor - Distribution in q (Radially averaged)
# Ncount: 5000000
# filename: qdet.dat
# statistics: X0=0.0096749; dX=0.00851469;
# signal: Min=1.17529e+12; Max=1.00765e+17; Mean=8.84675e+15;
# values: 8.84675e+17 3.49552e+16 257470
# xvar: q
# yvar: (I,I_err)
# xlabel: q [1 / AA]
# ylabel: I(q)
# xlimits: 0 0.151561
# variables: q I I_err N
0.0007578035702 9.973533668e+16 2.836221195e+16 33 
0.002273410711 1.007652037e+17 1.269339653e+16 134 
0.003789017851 8.159694138e+16 1.004858355e+16 170 
0.005304624991 7.739859381e+16 6.648068006e+15 290 
0.006820232132 7.143822166e+16 6.345428622e+15 353 
0.008335839272 7.252039034e+16 5.054052861e+15 485 
0.009851446413 6.498511168e+16 4.860245954e+15 524 
0.01136705355 5.257437751e+16 3.543869866e+15 618 
0.01288266069 4.550064485e+16 3.081620033e+15 663 
0.01439826783 4.232158511e+16 2.635318997e+15 850 
0.01591387497 3.109196279e+16 1.765485707e+15 855 
0.01742948211 2.653441997e+16 1.474434578e+15 946 
0.01894508925 2.214522975e+16 1.192728442e+15 1046 
0.0204606964 1.852151278e+16 8.96308722e+14 1136 
0.02197630354 1.52405091e+16 7.759006751e+14 1154 
0.02349191068 1.261543975e+16 7.225901124e+14 1246 
0.02500751782 9.303205318e+15 4.568542184e+14 1300 
0.02652312496 8.199277719e+15 4.066206512e+14 1448 
0.0280387321 6.089880153e+15 2.554456366e+14 1552 
0.02955433924 4.928016325e+15 2.355576343e+14 1568 
0.03106994638 4.062943758e+15 1.836327107e+14 1684 
0.03258555352 3.39140217e+15 1.429690446e+14 1834 
0.03410116066 2.400805127e+15 9.937182123e+13 1801 
0.0356167678 1.831389389e+15 6.946175964e+13 1966 
0.03713237494 1.514915523e+15 6.578410663e+13 2019 
0.03864798208 1.153750658e+15 4.38620394e+13 2149 
0.04016358922 8.686588544e+14 3.447870798e+13 2160 
0.04167919636 7.51293522e+14 2.911557183e+13 2332 
0.0431948035 5.675944883e+14 2.096698695e+13 2294 
0.04471041064 4.655953699e+14 1.630772708e+13 2404 
0.04622601778 3.727214426e+14 1.211959381e+13 2488 
0.04774162492 3.491199902e+14 1.13371791e+13 2582 
0.04925723206 3.03470789e+14 9.595211739e+12 2689 
0.0507728392 2.626144531e+14 7.72248661e+12 2745 
0.05228844634 2.245081113e+14 6.484791604e+12 2807 
0.05380405348 2.417624604e+14 6.678823469e+12 3065 
0.05531966062 1.994671515e+14 5.546107905e+12 2998 
0.05683526776 1.963739149e+14 5.162001264e+12 3099 
0.05835087491 1.657785393e+14 4.334091293e+12 3085 
0.05986648205 1.600313647e+14 4.173184868e+12 3211 
0.06138208919 1.421368142e+14 3.555498343e+12 3270 
0.06289769633 1.34332384e+14 3.356228905e+12 3327 
0.06441330347 1.235801283e+14 3.01984084e+12 3445 
0.06592891061 1.11018204e+14 2.632027299e+12 3487 
0.06744451775 1.012294913e+14 2.41405094e+12 3482 
0.06896012489 9.022778432e+13 2.132494048e+12 3612 
0.07047573203 8.378418206e+13 1.966492666e+12 3610 
0.07199133917 7.306086919e+13 1.674176157e+12 3642 
0.07350694631 6.968504665e+13 1.608377889e+12 3765 
0.07502255345 6.130800731e+13 1.366415775e+12 3795 
0.07653816059 5.457515776e+13 1.235024181e+12 3720 
0.07805376773 4.980645838e+13 1.117427862e+12 3867 
0.07956937487 4.559916851e+13 1.002712174e+12 3964 
0.08108498201 4.223887957e+13 9.382925539e+11 3912 
0.08260058915 3.844385294e+13 8.413393176e+11 3926 
0.08411619629 3.679469503e+13 8.013695574e+11 3953 
0.08563180343 3.261581266e+13 7.094825569e+11 3937 
0.08714741057 2.95619136e+13 6.461898782e+11 3925 
0.08866301771 2.834784576e+13 6.178330206e+11 3899 
0.09017862485 2.58704664e+13 5.681962109e+11 3873 
0.09169423199 2.418531707e+13 5.222956704e+11 3960 
0.09320983913 2.201491097e+13 4.812555853e+11 3825 
0.09472544627 2.093781402e+13 4.537980867e+11 3913 
0.09624105341 1.922482684e+13 4.196512153e+11 3907 
0.09775666056 1.784827745e+13 3.92503675e+11 3771 
0.0992722677 1.665907356e+13 3.650191734e+11 3855 
0.1007878748 1.528494903e+13 3.4011658e+11 3726 
0.102303482 1.412696422e+13 3.075523129e+11 3772 
0.1038190891 1.319339604e+13 2.899980615e+11 3645 
0.1053346963 1.21203373e+13 2.656889293e+11 3666 
0.1068503034 1.049910588e+13 2.373031149e+11 3465 
0.1083659105 1.010156405e+13 2.287125311e+11 3427 
0.1098815177 9.276831663e+12 2.094758954e+11 3401 
0.1113971248 8.936679235e+12 2.020009801e+11 3408 
0.112912732 8.342049538e+12 1.925200854e+11 3316 
0.1144283391 7.444635176e+12 1.730766447e+11 3223 
0.1159439462 6.741843456e+12 1.570273832e+11 3120 
0.1174595534 6.567387392e+12 1.526985577e+11 3196 
0.1189751605 6.063562279e+12 1.429326261e+11 3122 
0.1204907677 5.517224705e+12 1.317108466e+11 2934 
0.1220063748 5.282588315e+12 1.270578363e+11 2973 
0.1235219819 5.246165255e+12 1.237997495e+11 3025 
0.1250375891 4.332444255e+12 1.05972713e+11 2777 
0.1265531962 4.225751828e+12 1.031891076e+11 2777 
0.1280688034 3.843007858e+12 9.498490144e+10 2719 
0.1295844105 3.450073256e+12 8.720527326e+10 2560 
0.1311000176 3.367843231e+12 8.541463138e+10 2597 
0.1326156248 3.149386986e+12 8.094252652e+10 2495 
0.1341312319 2.902478603e+12 7.429600961e+10 2452 
0.1356468391 2.62650068e+12 6.91562963e+10 2365 
0.1371624462 2.398710851e+12 6.337111008e+10 2329 
0.1386780533 2.202708332e+12 5.970451326e+10 2223 
0.1401936605 1.964074248e+12 5.479125177e+10 2129 
0.1417092676 1.90939838e+12 5.313159708e+10 2088 
0.1432248748 1.753302699e+12 4.996240316e+10 1996 
0.1447404819 1.66930978e+12 4.706032136e+10 1973 
0.146256089 1.515112784e+12 4.444320875e+10 1888 
0.1477716962 1.414634472e+12 4.217513275e+10 1807 
0.1492873033 1.251199293e+12 3.809834748e+10 1737 
0.1508029105 1.175287802e+12 3.615757963e+10 1714 
