# Format: McCode with text headers
# URL: http://www.mccode.org
# Creator:  3.8.5, git
# Instrument: eqsans_sans.instr
# Ncount: 10000000
# Trace: no
# Gravitation: no
# Seed: 1790183326758752
# Directory: /Users/georgeyumnam/WORK/PANRAID/PaNRAID-results/Group2/panraidproject/scan_sans_sample/x+04_y-02
# Param: gx=0.004
# Param: gy=-0.002
# Param: sample_on=1
# Param: R_sphere=100
# Param: Phi=0.01
# Param: bs_radius=0
# Param: samp_ap=0.01
# Date: Wed Sep 23 19:09:22 2026 (1790183362)
# type: array_1d(100)
# Source: EQ_SANS_sample (eqsans_sans.instr)
# component: qmon
# position: 0 0 22.281
# title: QMonitor - Radially averaged distribution
# Ncount: 10000000
# filename: rdet.dat
# statistics: X0=0.068417; dX=0.0519268;
# signal: Min=0; Max=2.23741e+08; Mean=2.14818e+07;
# values: 2.14818e+09 1.70011e+08 4646
# xvar: r
# yvar: (I,I_err)
# xlabel: Radius [m]
# ylabel: I(r)
# xlimits: 0 0.5
# variables: r I I_err N
0.0025 0 0 0 
0.0075 36219855.78 36219855.78 1 
0.0125 223741208.1 103152841.5 5 
0.0175 35067301.78 35067301.78 1 
0.0225 86296359.57 46291194.11 4 
0.0275 91797687.95 41739290.51 6 
0.0325 103795993.9 43163316.21 6 
0.0375 126143798.3 44152035.95 9 
0.0425 138362146.3 41733643.37 12 
0.0475 136972588.8 37393039.38 15 
0.0525 125832071.2 33512877.3 16 
0.0575 82841043.92 25744798.41 12 
0.0625 50915348.27 17818761.66 9 
0.0675 56942646.58 18888275.83 11 
0.0725 116615598.2 27378274.93 22 
0.0775 62647606.97 18691671.74 13 
0.0825 62960221.48 16105066.47 19 
0.0875 56759825.03 15621080.33 19 
0.0925 50850367.91 14120375.69 20 
0.0975 42495697.11 12346222.19 15 
0.1025 36867674.38 11097718.73 18 
0.1075 41037257.04 10942072.67 21 
0.1125 59075253.85 12400303.01 34 
0.1175 35044296.96 8904105.245 24 
0.1225 36327000.45 9154320.551 22 
0.1275 21927624.59 6511848.794 19 
0.1325 19690644.56 5960329.798 21 
0.1375 17380375 5148803.147 17 
0.1425 11540166.64 3717381.642 17 
0.1475 22879638.65 5646718.652 28 
0.1525 16800028.91 4501064.456 30 
0.1575 16166095.72 4621499.947 26 
0.1625 11957163.31 3075264.399 33 
0.1675 13547046.17 3662030.288 28 
0.1725 12349560.99 3441576.48 34 
0.1775 7484502.103 2312896.532 25 
0.1825 6706014.702 1888210.508 27 
0.1875 11019116.73 3339362.78 28 
0.1925 7922860.923 2670708.574 36 
0.1975 6917986.554 1909009.432 45 
0.2025 5645633.376 1640268.364 34 
0.2075 2586672.539 751166.7742 40 
0.2125 5335037.893 1619141.654 39 
0.2175 3321960.498 935427.7772 39 
0.2225 2961982.212 1003874.22 43 
0.2275 2126122.903 917263.1281 37 
0.2325 3790155.186 1436944.537 34 
0.2375 2040654.823 617874.3014 48 
0.2425 1017959.355 324505.6759 44 
0.2475 1017505.464 365586.956 34 
0.2525 1437477.209 533696.9362 46 
0.2575 1165183.409 402317.7053 46 
0.2625 1302898.794 481383.6927 49 
0.2675 1560967.103 610341.0898 58 
0.2725 561380.5028 104732.1789 52 
0.2775 921145.6883 311629.096 56 
0.2825 572064.278 115247.9718 56 
0.2875 980410.2214 331104.2762 61 
0.2925 652491.9015 190360.6242 55 
0.2975 550540.5584 180495.5122 43 
0.3025 451139.6395 94885.65564 66 
0.3075 368066.8321 73777.99558 60 
0.3125 535174.0297 91885.92069 79 
0.3175 516207.2916 107454.1651 74 
0.3225 308428.7159 61552.20441 58 
0.3275 316359.723 54808.71566 58 
0.3325 419197.6024 103509.4898 63 
0.3375 213499.3866 46776.35082 44 
0.3425 265756.9383 48065.79955 61 
0.3475 362528.7237 62223.61041 76 
0.3525 201265.337 38490.58206 60 
0.3575 253057.7918 44377.35991 70 
0.3625 217545.5638 43259.56494 61 
0.3675 278355.8111 49166.74449 71 
0.3725 188601.0633 38066.04187 66 
0.3775 248021.9291 44258.23024 71 
0.3825 145666.245 30954.14609 60 
0.3875 174623.7257 29932.15056 89 
0.3925 283437.413 45658.55693 90 
0.3975 170535.5555 33995.02169 63 
0.4025 152962.5918 30938.19457 75 
0.4075 203461.3861 38134.33608 67 
0.4125 188794.2171 36597.91303 75 
0.4175 209459.0986 37273.65189 78 
0.4225 208161.6216 38404.26421 85 
0.4275 166663.31 31619.22829 85 
0.4325 160757.6937 31553.46309 80 
0.4375 131799.242 27284.41237 82 
0.4425 155435.1607 32106.01127 78 
0.4475 139437.7239 28940.52692 92 
0.4525 146236.0428 28180.32937 95 
0.4575 129372.8695 25903.64706 80 
0.4625 110058.2904 22361.22206 77 
0.4675 126741.3108 25662.58095 91 
0.4725 117595.1335 24884.50378 79 
0.4775 87445.37326 19495.95822 83 
0.4825 90985.88878 21850.44167 76 
0.4875 95432.09308 19172.74151 90 
0.4925 96821.26012 19930.30795 90 
0.4975 100382.1408 20221.98413 86 
