# Format: McCode with text headers
# URL: http://www.mccode.org
# Creator:  3.8.5, git
# Instrument: eqsans_sans.instr
# Ncount: 10000000
# Trace: no
# Gravitation: no
# Seed: 1790180819236903
# Directory: /Users/georgeyumnam/WORK/PANRAID/PaNRAID-results/Group2/panraidproject/scan_sans_sample/x-13_y-18
# Param: gx=-0.013
# Param: gy=-0.018
# Param: sample_on=1
# Param: R_sphere=100
# Param: Phi=0.01
# Param: bs_radius=0
# Param: samp_ap=0.01
# Date: Wed Sep 23 18:27:33 2026 (1790180853)
# type: array_1d(100)
# Source: EQ_SANS_sample (eqsans_sans.instr)
# component: qmon
# position: 0 0 22.281
# title: QMonitor - Distribution in q (Radially averaged)
# Ncount: 10000000
# filename: qdet.dat
# statistics: X0=0.0138231; dX=0.00922251;
# signal: Min=0; Max=2.89936e+08; Mean=1.52938e+07;
# values: 1.52938e+09 2.00513e+08 2264
# xvar: q
# yvar: (I,I_err)
# xlabel: q [1 / AA]
# ylabel: I(q)
# xlimits: 0 0.151561
# variables: q I I_err N
0.0007578035702 0 0 0 
0.002273410711 0 0 0 
0.003789017851 57966407.2 45070209.43 2 
0.005304624991 289936241.3 140550233.9 5 
0.006820232132 135884969.2 58393777.88 6 
0.008335839272 92512230.06 61281676.97 3 
0.009851446413 60843039.44 37379922.44 3 
0.01136705355 129707707.5 58287424.77 6 
0.01288266069 67019033.36 32722346.41 5 
0.01439826783 101881145.1 36543073.11 9 
0.01591387497 112385068.9 39600128.5 10 
0.01742948211 143019470.2 45424317.11 12 
0.01894508925 74281657.84 29335378.33 12 
0.0204606964 30023697.05 13867583.29 6 
0.02197630354 31485765.01 11064539.71 10 
0.02349191068 28664455.91 13266473.46 9 
0.02500751782 56584091.8 18198451.96 17 
0.02652312496 17050452.09 5793184.343 15 
0.0280387321 13562400.56 6323886.094 8 
0.02955433924 8991950.38 3843153.324 8 
0.03106994638 16692458.1 5880019.837 19 
0.03258555352 7851844.36 3091227.839 16 
0.03410116066 6027111.8 2643373.288 10 
0.0356167678 15308555.55 4781445.367 21 
0.03713237494 6525117.204 2594005.37 25 
0.03864798208 4943185.713 2295935.926 19 
0.04016358922 3783567.082 1471758.981 20 
0.04167919636 972063.1699 578118.6127 13 
0.0431948035 1635839.559 604901.6899 28 
0.04471041064 499410.5447 193065.1248 20 
0.04622601778 1057955.495 724519.6103 26 
0.04774162492 242051.9222 72284.25854 23 
0.04925723206 585734.9985 148228.8368 30 
0.0507728392 679322.5919 179292.5301 26 
0.05228844634 696823.9261 183346.9515 28 
0.05380405348 520306.859 155797.3865 18 
0.05531966062 826461.4375 196835.0011 29 
0.05683526776 630901.3862 159921.5403 21 
0.05835087491 616884.8504 137100.6959 26 
0.05986648205 901663.1308 194759.4962 31 
0.06138208919 1107501.243 224912.5741 37 
0.06289769633 572278.3187 146677.6758 22 
0.06441330347 731530.837 166420.4527 29 
0.06592891061 303782.0092 98293.56131 26 
0.06744451775 641430.9282 131802.7092 40 
0.06896012489 218064.3698 64430.89268 27 
0.07047573203 401830.5559 107240.9532 35 
0.07199133917 256725.7727 74811.88419 39 
0.07350694631 200876.4678 50396.77162 38 
0.07502255345 90417.16302 25176.01396 35 
0.07653816059 51131.71389 14900.82346 33 
0.07805376773 56026.01826 13976.09632 34 
0.07956937487 55046.38392 20290.47618 27 
0.08108498201 118868.5102 27907.23829 45 
0.08260058915 61924.30985 15755.27232 30 
0.08411619629 102252.7524 22245.84354 39 
0.08563180343 106882.1416 20613.27728 38 
0.08714741057 96563.01446 18710.24355 38 
0.08866301771 85501.64379 20931.14271 22 
0.09017862485 130762.4755 26315.44975 37 
0.09169423199 138512.6345 24761.28277 40 
0.09320983913 132279.5091 24539.60902 38 
0.09472544627 98639.27437 21200.32914 28 
0.09624105341 106242.0782 22507.49971 32 
0.09775666056 91649.78716 18254.76811 39 
0.0992722677 58558.44131 14985.35052 26 
0.1007878748 56323.84628 15173.23805 28 
0.102303482 66211.01539 13574.27818 44 
0.1038190891 31737.547 11158.81276 32 
0.1053346963 16595.92039 5936.381379 23 
0.1068503034 21900.79373 8285.648313 22 
0.1083659105 19253.6896 6179.379829 31 
0.1098815177 16957.31174 6292.2172 25 
0.1113971248 22020.89721 5633.802998 29 
0.112912732 12031.06734 3151.004197 26 
0.1144283391 13953.51458 4062.94672 22 
0.1159439462 17483.6591 4334.449495 33 
0.1174595534 20059.63635 5321.856407 19 
0.1189751605 24612.40404 5027.694538 32 
0.1204907677 13722.60177 3542.800914 18 
0.1220063748 17916.43513 4415.785564 22 
0.1235219819 28853.87091 6309.440668 26 
0.1250375891 32790.52725 6475.3363 31 
0.1265531962 14826.17075 3645.456007 22 
0.1280688034 25166.64659 5132.41177 30 
0.1295844105 19289.33536 4646.154002 27 
0.1311000176 15631.26211 3801.889163 26 
0.1326156248 6363.02375 2111.792467 14 
0.1341312319 5334.943574 1729.454743 22 
0.1356468391 11597.01695 3617.141211 27 
0.1371624462 3258.740986 1293.081755 22 
0.1386780533 4712.898662 1523.370972 20 
0.1401936605 3907.253534 1513.673941 15 
0.1417092676 3505.142549 1156.480413 20 
0.1432248748 4611.084142 1293.08812 25 
0.1447404819 2096.839637 903.1009594 13 
0.146256089 3414.026435 1253.323311 11 
0.1477716962 3791.341274 1240.987568 16 
0.1492873033 2092.823578 822.786952 12 
0.1508029105 2900.49697 1002.928954 10 
