# Format: McCode with text headers
# URL: http://www.mccode.org
# Creator:  3.8.5, git
# Instrument: eqsans_sans.instr
# Ncount: 10000000
# Trace: no
# Gravitation: no
# Seed: 1790182131037268
# Directory: /Users/georgeyumnam/WORK/PANRAID/PaNRAID-results/Group2/panraidproject/scan_sans_sample/x-04_y-16
# Param: gx=-0.004
# Param: gy=-0.016
# Param: sample_on=1
# Param: R_sphere=100
# Param: Phi=0.01
# Param: bs_radius=0
# Param: samp_ap=0.01
# Date: Wed Sep 23 18:49:25 2026 (1790182165)
# type: array_1d(100)
# Source: EQ_SANS_sample (eqsans_sans.instr)
# component: qmon
# position: 0 0 22.281
# title: QMonitor - Distribution in q (Radially averaged)
# Ncount: 10000000
# filename: qdet.dat
# statistics: X0=0.0136447; dX=0.00997044;
# signal: Min=0; Max=2.46763e+08; Mean=2.4234e+07;
# values: 2.4234e+09 3.13684e+08 3688
# xvar: q
# yvar: (I,I_err)
# xlabel: q [1 / AA]
# ylabel: I(q)
# xlimits: 0 0.151561
# variables: q I I_err N
0.0007578035702 0 0 0 
0.002273410711 246762988.8 243424718.5 2 
0.003789017851 208189743.9 112689774.1 4 
0.005304624991 173819495.2 98302313.43 4 
0.006820232132 158677591.8 100844347.5 4 
0.008335839272 127995473.4 64650220.88 5 
0.009851446413 138864398.7 54908344.29 8 
0.01136705355 69724166.16 38892428.7 4 
0.01288266069 226892626.3 61884256.33 17 
0.01439826783 198253062.8 57678538.18 16 
0.01591387497 176241797.5 59746700.2 11 
0.01742948211 85614961.55 26651253.48 13 
0.01894508925 83021463.72 32582554.76 11 
0.0204606964 51012008.74 17896549.24 12 
0.02197630354 91883528.39 24390977.5 25 
0.02349191068 71273949 21730035.5 19 
0.02500751782 65101914.32 18894760.5 21 
0.02652312496 61054310.33 15642485.18 24 
0.0280387321 30642077.14 7770983.314 22 
0.02955433924 30719555.88 10248371.29 18 
0.03106994638 36666574.6 10119974.64 30 
0.03258555352 14976844.82 4045138.529 26 
0.03410116066 9446376.97 2200054.127 27 
0.0356167678 12843288.15 4717051.835 20 
0.03713237494 8635252.64 3462231.862 21 
0.03864798208 7500543.296 4782419.319 26 
0.04016358922 5295157.008 1934028.872 33 
0.04167919636 4952508.358 1786160.783 37 
0.0431948035 2348129.59 944127.8592 36 
0.04471041064 850719.5452 297775.9671 32 
0.04622601778 1977319.85 850805.6385 56 
0.04774162492 603223.6741 180800.3258 29 
0.04925723206 1536368.185 456144.8602 42 
0.0507728392 1469238.479 282993.4963 47 
0.05228844634 1127658.716 179321.684 57 
0.05380405348 1089571.33 198479.61 39 
0.05531966062 1366165.166 251639.6327 45 
0.05683526776 1439777.062 231857.538 52 
0.05835087491 1366056.793 234987.7408 47 
0.05986648205 1452828.802 246000.9865 49 
0.06138208919 1583588.613 248370.3699 56 
0.06289769633 1376715.679 221329.129 60 
0.06441330347 1161238.461 192162.0458 58 
0.06592891061 835140.1121 154718.3049 51 
0.06744451775 803755.2298 164600.5407 53 
0.06896012489 684857.1007 123487.246 60 
0.07047573203 376465.2271 72319.00993 47 
0.07199133917 304638.0963 84486.46189 48 
0.07350694631 311505.0948 69178.87035 63 
0.07502255345 210479.6685 55001.2649 53 
0.07653816059 154260.6948 38345.91467 61 
0.07805376773 154355.9486 33199.56589 64 
0.07956937487 86332.38593 18694.22882 54 
0.08108498201 93198.81633 24665.07 50 
0.08260058915 91427.55045 20708.56836 46 
0.08411619629 105667.3554 19381.20545 49 
0.08563180343 156122.5002 28665.62696 47 
0.08714741057 183340.7887 29095.88448 60 
0.08866301771 147715.886 25787.45842 50 
0.09017862485 177085.3261 29332.26207 49 
0.09169423199 168434.2566 26780.14056 50 
0.09320983913 136356.4834 24134.91271 42 
0.09472544627 152612.4133 25384.42459 53 
0.09624105341 157085.8613 26112.11126 57 
0.09775666056 145586.8677 22987.1737 60 
0.0992722677 86524.36788 16611.75873 51 
0.1007878748 96825.87007 18471.37868 54 
0.102303482 52028.10742 11535.01507 43 
0.1038190891 50692.50352 10550.17612 46 
0.1053346963 53932.96159 11839.67644 57 
0.1068503034 31249.32292 7730.471246 55 
0.1083659105 28095.72407 8670.2891 42 
0.1098815177 21815.3414 5543.880112 47 
0.1113971248 17429.70044 4117.967375 41 
0.112912732 21689.26771 4863.867238 44 
0.1144283391 27092.67118 5763.124181 42 
0.1159439462 28314.52563 5396.994222 48 
0.1174595534 32380.65282 5889.101946 49 
0.1189751605 39063.10933 6207.973076 52 
0.1204907677 37281.48801 7666.49715 37 
0.1220063748 28345.499 5692.882789 33 
0.1235219819 48921.92146 7850.53423 50 
0.1250375891 34039.77377 6605.480713 40 
0.1265531962 34666.05105 6109.676741 43 
0.1280688034 18573.73312 3932.511585 29 
0.1295844105 29442.95097 5750.816343 38 
0.1311000176 16753.28546 4541.694384 25 
0.1326156248 19762.18362 4500.975729 39 
0.1341312319 18891.72817 4236.525028 39 
0.1356468391 14938.47323 3449.553788 36 
0.1371624462 11324.82071 2672.250831 36 
0.1386780533 12273.7295 3473.898397 32 
0.1401936605 5818.611326 1658.730852 29 
0.1417092676 7496.762315 2460.077865 31 
0.1432248748 2814.177049 1061.616513 19 
0.1447404819 3929.862091 1140.071625 22 
0.146256089 4343.268609 1065.38609 29 
0.1477716962 5802.759431 1533.666366 24 
0.1492873033 7217.074561 1644.091275 29 
0.1508029105 7663.517637 1697.399474 25 
