# Format: McCode with text headers
# URL: http://www.mccode.org
# Creator:  3.8.5, git
# Instrument: eqsans_cylinder.instr
# Ncount: 5000000
# Trace: no
# Gravitation: no
# Seed: 1790195555745923
# Directory: /Users/georgeyumnam/WORK/PANRAID/PaNRAID-results/Group2/panraidproject/dataset_cylinder/cyl_001588
# Param: gx=0
# Param: gy=0
# Param: sample_on=1
# Param: bs_radius=0
# Param: samp_ap=0.01
# Param: sld=0.82561
# Param: sld_solvent=1
# Param: radius=31.1808
# Param: length=417.017
# Param: pd_radius=0.091403
# Param: pd_length=0.08018
# Param: model_scale=1
# Param: model_abs=0
# Date: Wed Sep 23 22:32:53 2026 (1790195573)
# type: array_1d(100)
# Source: EQ_SANS_cylinder (eqsans_cylinder.instr)
# component: qmon
# position: 0 0 22.281
# title: QMonitor - Distribution in q (Radially averaged)
# Ncount: 5000000
# filename: qdet.dat
# statistics: X0=0.0193948; dX=0.0180399;
# signal: Min=3.85171e+08; Max=1.35542e+12; Mean=2.08122e+11;
# values: 2.08122e+13 3.49224e+11 258038
# xvar: q
# yvar: (I,I_err)
# xlabel: q [1 / AA]
# ylabel: I(q)
# xlimits: 0 0.151561
# variables: q I I_err N
0.0007578035702 1.191330278e+12 2.349056954e+11 39 
0.002273410711 1.226187156e+12 1.424159943e+11 109 
0.003789017851 1.345816438e+12 1.131631928e+11 209 
0.005304624991 1.294852375e+12 9.671510305e+10 278 
0.006820232132 1.355420828e+12 8.516837458e+10 407 
0.008335839272 1.086042196e+12 6.300370679e+10 458 
0.009851446413 1.05211711e+12 5.869053807e+10 533 
0.01136705355 9.729122547e+11 4.888078757e+10 618 
0.01288266069 9.005834101e+11 4.20479066e+10 749 
0.01439826783 8.157350423e+11 3.797419604e+10 771 
0.01591387497 7.341572433e+11 3.177598576e+10 890 
0.01742948211 6.346131204e+11 2.655791056e+10 922 
0.01894508925 6.377273673e+11 2.492457467e+10 1087 
0.0204606964 5.635622248e+11 2.184823538e+10 1065 
0.02197630354 5.159172996e+11 1.873247949e+10 1184 
0.02349191068 4.853228705e+11 1.670360306e+10 1328 
0.02500751782 4.361373366e+11 1.481392644e+10 1342 
0.02652312496 4.007611595e+11 1.325868575e+10 1436 
0.0280387321 3.764619501e+11 1.190657492e+10 1534 
0.02955433924 3.412263581e+11 1.051011225e+10 1593 
0.03106994638 3.227296995e+11 9987493671 1667 
0.03258555352 2.878456382e+11 8600284994 1690 
0.03410116066 2.888534161e+11 8145558976 1923 
0.0356167678 2.622462548e+11 7352165267 1943 
0.03713237494 2.46708197e+11 6716038125 2037 
0.03864798208 2.307743426e+11 6189714243 2084 
0.04016358922 2.091915256e+11 5473484462 2144 
0.04167919636 1.971987411e+11 4972444855 2288 
0.0431948035 1.866672225e+11 4646332714 2323 
0.04471041064 1.744983141e+11 4280417484 2450 
0.04622601778 1.630406851e+11 3924321766 2549 
0.04774162492 1.489590119e+11 3484790425 2584 
0.04925723206 1.439365381e+11 3342176672 2704 
0.0507728392 1.349261316e+11 3009903033 2888 
0.05228844634 1.280061294e+11 2855290627 2951 
0.05380405348 1.175833719e+11 2552016605 3067 
0.05531966062 1.031687377e+11 2277671950 2999 
0.05683526776 9.96142754e+10 2143155043 3141 
0.05835087491 9.213603772e+10 1943980597 3250 
0.05986648205 8.47703624e+10 1753256430 3356 
0.06138208919 7.537256224e+10 1587461382 3239 
0.06289769633 7.414518077e+10 1505181303 3501 
0.06441330347 6.408991957e+10 1313335459 3413 
0.06592891061 6.058573061e+10 1225116064 3486 
0.06744451775 5.52211422e+10 1095406869 3584 
0.06896012489 5.036139883e+10 990798762.3 3630 
0.07047573203 4.650368784e+10 923895691.1 3647 
0.07199133917 4.134216463e+10 813440734.4 3662 
0.07350694631 3.704384577e+10 722765370.2 3706 
0.07502255345 3.589225046e+10 696632797 3826 
0.07653816059 3.244975179e+10 619257977.7 3937 
0.07805376773 2.879035324e+10 555878007.6 3815 
0.07956937487 2.537918163e+10 489107498.5 3848 
0.08108498201 2.289198194e+10 444366561.1 3860 
0.08260058915 2.113058107e+10 403026998.2 4007 
0.08411619629 1.842427015e+10 356008972.6 3992 
0.08563180343 1.617706599e+10 317286691.9 3857 
0.08714741057 1.463777729e+10 283308993.3 3942 
0.08866301771 1.262614032e+10 248784048.9 3875 
0.09017862485 1.158071771e+10 227046741.7 3958 
0.09169423199 9935094066 195494309.3 3955 
0.09320983913 8635371989 176186363.5 3811 
0.09472544627 7530737746 153871552.7 3869 
0.09624105341 6927136902 139435884.8 3914 
0.09775666056 5791617187 121544216.5 3775 
0.0992722677 4778468250 101229802.7 3694 
0.1007878748 4260953886 90720048.06 3705 
0.102303482 3400454510 74433854.54 3584 
0.1038190891 3100852454 69553121.4 3612 
0.1053346963 2633033114 60206681.66 3594 
0.1068503034 2206431259 51189357.43 3510 
0.1083659105 1918980502 45699183.42 3534 
0.1098815177 1592256692 39255378.72 3360 
0.1113971248 1376559062 34467872.41 3342 
0.112912732 1181935582 30113208.54 3331 
0.1144283391 1011689622 25871550.66 3231 
0.1159439462 839875177 21530279.25 3167 
0.1174595534 731346809.8 19068315.31 3090 
0.1189751605 645529701.9 16768677.43 3080 
0.1204907677 588414770.7 16003170.04 2966 
0.1220063748 532056486 14063183.91 2927 
0.1235219819 526045495.8 13877056.86 2956 
0.1250375891 455725361.9 12385234.99 2770 
0.1265531962 452253784.2 12628332.58 2715 
0.1280688034 438149277.8 11975113.92 2722 
0.1295844105 415887211.4 11913689.15 2588 
0.1311000176 410339275.1 11704139.19 2511 
0.1326156248 445080460.6 12752434.62 2554 
0.1341312319 439438326.9 12790631.44 2513 
0.1356468391 414065648.3 12143879.01 2296 
0.1371624462 444659008.6 12775623.95 2342 
0.1386780533 430088485 12777765.79 2190 
0.1401936605 417642052.8 12238581.11 2142 
0.1417092676 443613693.2 12841400.61 2130 
0.1432248748 416970208.2 12384239.61 1963 
0.1447404819 437090841.2 12514060.81 2033 
0.146256089 425702257.9 12420659.23 1932 
0.1477716962 402546574.6 11947768.09 1803 
0.1492873033 402068713.6 11845093.72 1769 
0.1508029105 385170640.3 11464815.57 1683 
