# Format: McCode with text headers
# URL: http://www.mccode.org
# Creator:  3.8.5, git
# Instrument: eqsans_sans.instr
# Ncount: 10000000
# Trace: no
# Gravitation: no
# Seed: 1790183954404447
# Directory: /Users/georgeyumnam/WORK/PANRAID/PaNRAID-results/Group2/panraidproject/scan_sans_sample/x+08_y+12
# Param: gx=0.008
# Param: gy=0.012
# Param: sample_on=1
# Param: R_sphere=100
# Param: Phi=0.01
# Param: bs_radius=0
# Param: samp_ap=0.01
# Date: Wed Sep 23 19:19:48 2026 (1790183988)
# type: array_1d(100)
# Source: EQ_SANS_sample (eqsans_sans.instr)
# component: qmon
# position: 0 0 22.281
# title: QMonitor - Radially averaged distribution
# Ncount: 10000000
# filename: rdet.dat
# statistics: X0=0.0739595; dX=0.0508342;
# signal: Min=0; Max=8.86994e+07; Mean=1.04438e+07;
# values: 1.04438e+09 1.04369e+08 2395
# xvar: r
# yvar: (I,I_err)
# xlabel: Radius [m]
# ylabel: I(r)
# xlimits: 0 0.5
# variables: r I I_err N
0.0025 0 0 0 
0.0075 0 0 0 
0.0125 0 0 0 
0.0175 63914636.94 47220139.49 2 
0.0225 85519670.09 47275009.54 4 
0.0275 21946958.21 21946958.21 1 
0.0325 67805642.16 35863906.58 4 
0.0375 46741204.15 29164582.97 3 
0.0425 39903085.32 20700255.87 4 
0.0475 88699444.05 29401772.48 10 
0.0525 54887751.57 21756686.74 7 
0.0575 20065653.07 12164673.2 4 
0.0625 48691423.55 19118495.75 7 
0.0675 37598197.69 16116514.85 6 
0.0725 46845873.04 17279058.87 9 
0.0775 43347947.34 15091613.02 10 
0.0825 40226769.76 14572002.12 9 
0.0875 46520004.82 14606995.28 13 
0.0925 29400554.22 11126049.77 8 
0.0975 18332069.43 7594204.182 8 
0.1025 30177270.95 9052506.437 14 
0.1075 37377703.08 11179776.29 14 
0.1125 15583346.17 6750752.363 8 
0.1175 12155449.87 6049738.547 6 
0.1225 9499295.379 3992349.462 9 
0.1275 16760808.14 6239482.992 11 
0.1325 11254204.65 5000297.519 8 
0.1375 13211114.97 5095121.823 12 
0.1425 8829990.546 3416059.677 15 
0.1475 3840840.094 2626190.411 9 
0.1525 7131153.214 2929314.128 16 
0.1575 9680421.024 3364362.363 17 
0.1625 12002446.47 3539297.929 21 
0.1675 9074984.393 3365826.58 17 
0.1725 3214819.878 1608531.471 15 
0.1775 5553917.875 2228134.498 15 
0.1825 4512322.166 1423259.49 21 
0.1875 2351634.601 940178.6309 16 
0.1925 2709788.292 1087566.118 19 
0.1975 2686611.239 878725.4692 21 
0.2025 2587590.421 1649809.918 10 
0.2075 2298733.334 1148834.637 20 
0.2125 1304399.473 679610.2962 16 
0.2175 1781899.022 1104970.992 20 
0.2225 1800859.672 1072572.933 18 
0.2275 1336306.865 561113.1199 28 
0.2325 867137.0621 432651.2606 19 
0.2375 1921051.778 832617.8248 23 
0.2425 1351026.99 545634.7598 25 
0.2475 791077.9989 470881.5495 21 
0.2525 1720014.924 653250.068 32 
0.2575 523072.5953 217743.2913 21 
0.2625 401143.9342 131343.3152 23 
0.2675 621457.2436 342574.4943 32 
0.2725 567824.1065 226786.1871 30 
0.2775 366700.5599 108182.9399 28 
0.2825 487911.1689 219717.7296 16 
0.2875 335928.9195 66340.34215 42 
0.2925 235931.9038 52449.35703 33 
0.2975 200132.7386 56678.29639 31 
0.3025 507384.2933 253915.8497 25 
0.3075 215418.4872 52448.60056 36 
0.3125 272799.6381 77455.90871 32 
0.3175 203336.2786 58768.9901 32 
0.3225 190746.1123 70736.55832 24 
0.3275 132914.0378 36762.34799 29 
0.3325 215002.7139 54282.80433 34 
0.3375 160717.3071 38276.17171 32 
0.3425 169467.6808 39702.84369 42 
0.3475 142553.988 38382.07661 31 
0.3525 154590.7155 37022.10806 34 
0.3575 104962.0032 29257.34495 32 
0.3625 66381.82606 18155.21211 35 
0.3675 154112.8083 38995.33973 33 
0.3725 92666.248 24068.32373 33 
0.3775 144327.19 32265.20265 46 
0.3825 164118.0497 36889.53048 42 
0.3875 99380.75144 27753.68172 33 
0.3925 146773.4878 34826.65071 46 
0.3975 63168.67311 19386.52976 25 
0.4025 72075.24817 23848.23225 34 
0.4075 118483.1231 29374.2433 42 
0.4125 104056.1556 29005.87405 35 
0.4175 94359.65177 24814.44491 40 
0.4225 118721.8971 29417.53956 46 
0.4275 99708.10371 24018.1225 48 
0.4325 67977.78976 17031.26495 36 
0.4375 81068.27523 25546.88108 38 
0.4425 44105.35199 14788.99988 33 
0.4475 64443.27562 18625.75496 36 
0.4525 121692.3906 29104.7847 61 
0.4575 59805.12957 16997.51694 44 
0.4625 77251.49791 21039.77321 47 
0.4675 37833.31384 12209.89023 32 
0.4725 29293.7023 9836.323854 42 
0.4775 45666.8621 12480.70012 42 
0.4825 56744.9014 16109.83216 46 
0.4875 31665.87032 8901.371086 40 
0.4925 61337.79567 16918.61139 53 
0.4975 42185.87583 11174.93692 43 
