# Format: McCode with text headers
# URL: http://www.mccode.org
# Creator:  3.8.5, git
# Instrument: eqsans_cylinder.instr
# Ncount: 5000000
# Trace: no
# Gravitation: no
# Seed: 1790193771750681
# Directory: /Users/georgeyumnam/WORK/PANRAID/PaNRAID-results/Group2/panraidproject/dataset_cylinder/cyl_000591
# Param: gx=0
# Param: gy=0
# Param: sample_on=1
# Param: bs_radius=0
# Param: samp_ap=0.01
# Param: sld=5.79282
# Param: sld_solvent=1
# Param: radius=25.4799
# Param: length=711.195
# Param: pd_radius=0.225944
# Param: pd_length=0.107364
# Param: model_scale=1
# Param: model_abs=0
# Date: Wed Sep 23 22:03:09 2026 (1790193789)
# type: array_1d(120)
# Source: EQ_SANS_cylinder (eqsans_cylinder.instr)
# component: lambda_det
# position: 0 0 22.28
# title: Wavelength monitor
# Ncount: 5000000
# filename: lambda_det.dat
# statistics: X0=4.34103; dX=1.02971;
# signal: Min=0; Max=5.1344e+10; Mean=1.07414e+10;
# values: 1.28897e+12 8.35371e+09 291039
# xvar: L
# yvar: (I,I_err)
# xlabel: Wavelength [AA]
# ylabel: Intensity
# xlimits: 0 12
# variables: L I I_err N
0.05 0 0 0 
0.15 0 0 0 
0.25 0 0 0 
0.35 0 0 0 
0.45 0 0 0 
0.55 0 0 0 
0.65 0 0 0 
0.75 0 0 0 
0.85 0 0 0 
0.95 0 0 0 
1.05 0 0 0 
1.15 0 0 0 
1.25 0 0 0 
1.35 0 0 0 
1.45 0 0 0 
1.55 0 0 0 
1.65 0 0 0 
1.75 0 0 0 
1.85 0 0 0 
1.95 0 0 0 
2.05 0 0 0 
2.15 18665599.37 6397231.419 50 
2.25 153277710.4 43559852.94 150 
2.35 429398438.2 106594745.5 300 
2.45 949193815.4 189718174.6 550 
2.55 1444568083 217144965.8 800 
2.65 5911610503 410452886.8 3100 
2.75 1.58809207e+10 1011949519 7850 
2.85 3.160120591e+10 1129024053 13949 
2.95 4.928301036e+10 1454619516 19750 
3.05 5.134399277e+10 1606472699 18249 
3.15 4.21146591e+10 1300021967 15549 
3.25 4.993992576e+10 1636820226 17249 
3.35 4.512719657e+10 1721549369 13699 
3.45 4.441179615e+10 1505516630 13349 
3.55 4.59151178e+10 1569734435 13050 
3.65 4.618010767e+10 1655378726 12300 
3.75 4.244928842e+10 1668566612 10799 
3.85 4.444445608e+10 1486050025 10700 
3.95 4.150070788e+10 1337961836 9749 
4.05 4.009453347e+10 1333465440 8800 
4.15 3.997708285e+10 1235424073 8649 
4.25 4.229030166e+10 1507456659 8450 
4.35 3.426374735e+10 1302923530 6750 
4.45 3.371122553e+10 1158888915 6500 
4.55 3.810762793e+10 1877148807 6600 
4.65 3.560852672e+10 1347242064 5900 
4.75 3.156666421e+10 1254415823 5499 
4.85 3.61906167e+10 1434903453 4950 
4.95 3.018176572e+10 1060639763 4700 
5.05 3.659282567e+10 1490886129 5199 
5.15 2.544505135e+10 1233525350 3500 
5.25 2.525959726e+10 1098794501 3500 
5.35 2.705773796e+10 1052801168 3650 
5.45 2.825621308e+10 1255144083 3400 
5.55 2.321878971e+10 1212563403 2650 
5.65 3.254981663e+10 1598913557 3550 
5.75 2.486175077e+10 1170949426 2950 
5.85 2.222106811e+10 974873587.9 2650 
5.95 2.229806151e+10 1248913975 2350 
6.05 2.159561886e+10 1085940116 2150 
6.15 2.066167537e+10 1241390669 2000 
6.25 2.448428415e+10 1344162280 2300 
6.35 1.642629536e+10 948409153.8 1650 
6.45 1.206714939e+10 1022338615 1050 
6.55 3446470447 421058020.4 350 
6.65 1435609050 209314315.4 150 
6.75 0 0 0 
6.85 0 0 0 
6.95 0 0 0 
7.05 0 0 0 
7.15 0 0 0 
7.25 0 0 0 
7.35 0 0 0 
7.45 0 0 0 
7.55 0 0 0 
7.65 0 0 0 
7.75 0 0 0 
7.85 0 0 0 
7.95 0 0 0 
8.05 0 0 0 
8.15 0 0 0 
8.25 0 0 0 
8.35 0 0 0 
8.45 0 0 0 
8.55 0 0 0 
8.65 0 0 0 
8.75 0 0 0 
8.85 0 0 0 
8.95 0 0 0 
9.05 0 0 0 
9.15 0 0 0 
9.25 0 0 0 
9.35 0 0 0 
9.45 0 0 0 
9.55 0 0 0 
9.65 0 0 0 
9.75 0 0 0 
9.85 0 0 0 
9.95 0 0 0 
10.05 0 0 0 
10.15 0 0 0 
10.25 0 0 0 
10.35 0 0 0 
10.45 0 0 0 
10.55 0 0 0 
10.65 0 0 0 
10.75 0 0 0 
10.85 0 0 0 
10.95 0 0 0 
11.05 0 0 0 
11.15 0 0 0 
11.25 0 0 0 
11.35 0 0 0 
11.45 0 0 0 
11.55 0 0 0 
11.65 0 0 0 
11.75 0 0 0 
11.85 0 0 0 
11.95 0 0 0 
