# Format: McCode with text headers
# URL: http://www.mccode.org
# Creator:  3.8.5, git
# Instrument: eqsans_1_fixed.instr
# Ncount: 1000000
# Trace: no
# Gravitation: no
# Seed: 1790169544077854
# Directory: /Users/georgeyumnam/WORK/PANRAID/PaNRAID-results/Group2/panraidproject/scan_guide_xy/x-16_y+13
# Param: gx=-0.016
# Param: gy=0.013
# Date: Wed Sep 23 15:19:07 2026 (1790169547)
# type: array_1d(120)
# Source: EQ_SANS (eqsans_1_fixed.instr)
# component: lambda_det
# position: 0 0 22.28
# title: Wavelength monitor
# Ncount: 1000000
# filename: lambda_det.dat
# statistics: X0=3.9925; dX=0.965586;
# signal: Min=0; Max=1.61837e+06; Mean=257159;
# values: 3.08591e+07 442828 8950
# xvar: L
# yvar: (I,I_err)
# xlabel: Wavelength [AA]
# ylabel: Intensity
# xlimits: 0 12
# variables: L I I_err N
0.05 0 0 0 
0.15 0 0 0 
0.25 0 0 0 
0.35 0 0 0 
0.45 0 0 0 
0.55 0 0 0 
0.65 0 0 0 
0.75 0 0 0 
0.85 0 0 0 
0.95 0 0 0 
1.05 0 0 0 
1.15 0 0 0 
1.25 0 0 0 
1.35 0 0 0 
1.45 0 0 0 
1.55 0 0 0 
1.65 0 0 0 
1.75 0 0 0 
1.85 0 0 0 
1.95 0 0 0 
2.05 0 0 0 
2.15 0 0 0 
2.25 0 0 0 
2.35 24024.3042 13852.9879 6 
2.45 30969.57374 15182.97852 10 
2.55 117030.2704 28042.75226 31 
2.65 300452 43422.6251 89 
2.75 1030806.117 82164.16607 285 
2.85 1486478.069 98831.59271 426 
2.95 1609116.899 102582.1956 475 
3.05 1604347.595 102690.6519 470 
3.15 1618374.125 104270.5197 449 
3.25 1570075.734 100622.5044 465 
3.35 1362300.027 93802.82519 403 
3.45 1232786.166 88135.18046 368 
3.55 1174207.399 86129.33737 367 
3.65 1316472.845 93332.45791 361 
3.75 1131312.651 83363.32236 326 
3.85 1089537.778 83708.15424 303 
3.95 1075835.288 83360.31514 295 
4.05 897244.535 75173.76225 272 
4.15 958542.0776 76302.22956 276 
4.25 889578.5128 72373.15191 257 
4.35 939750.9253 76735.4979 253 
4.45 939634.3736 78861.87433 249 
4.55 659743.8407 64926.18053 181 
4.65 739220.6735 66801.99959 224 
4.75 572532.0236 57971.83528 190 
4.85 563337.3888 58800.98971 182 
4.95 560270.6915 60040.85115 159 
5.05 541491.0118 56849.86529 161 
5.15 533472.3747 56638.20123 165 
5.25 424150.5895 51726.93663 125 
5.35 409877.8914 50047.94487 119 
5.45 457697.3122 51784.70278 140 
5.55 388295.818 49056.03246 118 
5.65 270344.1428 39318.3237 85 
5.75 332549.7914 46387.62217 96 
5.85 370098.3203 48564.36735 99 
5.95 359840.4941 48628.86404 111 
6.05 267363.5525 39504.85141 81 
6.15 272909.7051 42914.91619 68 
6.25 341636.5716 47616.33734 85 
6.35 212142.5692 37365.79589 67 
6.45 127795.0275 28268.34581 40 
6.55 52188.19537 17783.97179 17 
6.65 3233.191767 3233.191767 1 
6.75 0 0 0 
6.85 0 0 0 
6.95 0 0 0 
7.05 0 0 0 
7.15 0 0 0 
7.25 0 0 0 
7.35 0 0 0 
7.45 0 0 0 
7.55 0 0 0 
7.65 0 0 0 
7.75 0 0 0 
7.85 0 0 0 
7.95 0 0 0 
8.05 0 0 0 
8.15 0 0 0 
8.25 0 0 0 
8.35 0 0 0 
8.45 0 0 0 
8.55 0 0 0 
8.65 0 0 0 
8.75 0 0 0 
8.85 0 0 0 
8.95 0 0 0 
9.05 0 0 0 
9.15 0 0 0 
9.25 0 0 0 
9.35 0 0 0 
9.45 0 0 0 
9.55 0 0 0 
9.65 0 0 0 
9.75 0 0 0 
9.85 0 0 0 
9.95 0 0 0 
10.05 0 0 0 
10.15 0 0 0 
10.25 0 0 0 
10.35 0 0 0 
10.45 0 0 0 
10.55 0 0 0 
10.65 0 0 0 
10.75 0 0 0 
10.85 0 0 0 
10.95 0 0 0 
11.05 0 0 0 
11.15 0 0 0 
11.25 0 0 0 
11.35 0 0 0 
11.45 0 0 0 
11.55 0 0 0 
11.65 0 0 0 
11.75 0 0 0 
11.85 0 0 0 
11.95 0 0 0 
