# Format: McCode with text headers
# URL: http://www.mccode.org
# Creator:  3.8.5, git
# Instrument: eqsans_cylinder.instr
# Ncount: 5000000
# Trace: no
# Gravitation: no
# Seed: 1790194061037498
# Directory: /Users/georgeyumnam/WORK/PANRAID/PaNRAID-results/Group2/panraidproject/dataset_cylinder/cyl_000756
# Param: gx=0
# Param: gy=0
# Param: sample_on=1
# Param: bs_radius=0
# Param: samp_ap=0.01
# Param: sld=3.74839
# Param: sld_solvent=1
# Param: radius=151.038
# Param: length=890.007
# Param: pd_radius=0.261875
# Param: pd_length=0.282778
# Param: model_scale=1
# Param: model_abs=0
# Date: Wed Sep 23 22:07:58 2026 (1790194078)
# type: array_1d(120)
# Source: EQ_SANS_cylinder (eqsans_cylinder.instr)
# component: lambda_det
# position: 0 0 22.28
# title: Wavelength monitor
# Ncount: 5000000
# filename: lambda_det.dat
# statistics: X0=4.36779; dX=1.03856;
# signal: Min=0; Max=4.45489e+12; Mean=8.48554e+11;
# values: 1.01826e+14 3.032e+12 290492
# xvar: L
# yvar: (I,I_err)
# xlabel: Wavelength [AA]
# ylabel: Intensity
# xlimits: 0 12
# variables: L I I_err N
0.05 0 0 0 
0.15 0 0 0 
0.25 0 0 0 
0.35 0 0 0 
0.45 0 0 0 
0.55 0 0 0 
0.65 0 0 0 
0.75 0 0 0 
0.85 0 0 0 
0.95 0 0 0 
1.05 0 0 0 
1.15 0 0 0 
1.25 0 0 0 
1.35 0 0 0 
1.45 0 0 0 
1.55 0 0 0 
1.65 0 0 0 
1.75 0 0 0 
1.85 0 0 0 
1.95 0 0 0 
2.05 0 0 0 
2.15 0 0 0 
2.25 9.558545015e+10 6.100944144e+10 250 
2.35 1.278285581e+10 8323665234 350 
2.45 3.723085935e+10 2.608355101e+10 599 
2.55 3.864335128e+11 2.626726905e+11 1350 
2.65 4.832041676e+11 2.531753898e+11 2300 
2.75 1.399145661e+12 3.64732334e+11 8300 
2.85 3.167087209e+12 6.832526753e+11 13800 
2.95 3.626854064e+12 6.52631687e+11 17750 
3.05 3.098243925e+12 3.854431421e+11 17648 
3.15 3.654727209e+12 5.915478471e+11 16199 
3.25 3.1800363e+12 4.354997223e+11 15800 
3.35 2.942315583e+12 4.49556843e+11 14550 
3.45 4.021346892e+12 6.425008125e+11 13750 
3.55 3.475485011e+12 5.609089663e+11 13100 
3.65 2.701473442e+12 3.930933648e+11 10750 
3.75 3.436974304e+12 4.691788458e+11 11800 
3.85 3.207383066e+12 5.224682502e+11 10500 
3.95 4.202142611e+12 5.865553416e+11 10150 
4.05 2.439087618e+12 3.986018361e+11 8600 
4.15 3.091556605e+12 4.004379805e+11 8549 
4.25 2.581083426e+12 3.839117439e+11 8250 
4.35 4.454891715e+12 8.690114237e+11 8350 
4.45 2.571217814e+12 4.634922989e+11 6250 
4.55 2.837301724e+12 3.745719089e+11 6850 
4.65 2.820170083e+12 5.525294846e+11 6100 
4.75 2.544855236e+12 4.652680535e+11 4950 
4.85 2.767772609e+12 5.069538196e+11 4950 
4.95 2.42901215e+12 4.318940517e+11 5299 
5.05 1.969162939e+12 3.471724709e+11 4400 
5.15 1.595040736e+12 3.607276207e+11 3750 
5.25 3.733093792e+12 9.005742158e+11 3450 
5.35 2.469520602e+12 4.444302811e+11 3550 
5.45 2.746535024e+12 6.948087877e+11 4000 
5.55 2.059913038e+12 3.950196926e+11 3050 
5.65 2.163117315e+12 3.436481343e+11 3150 
5.75 2.18653898e+12 3.567725578e+11 3449 
5.85 1.162106431e+12 2.126251064e+11 1800 
5.95 1.835254817e+12 4.389605417e+11 2450 
6.05 1.726838375e+12 3.069627054e+11 2200 
6.15 1.199544915e+12 2.136769596e+11 1750 
6.25 2.223344094e+12 3.960780914e+11 2449 
6.35 1.317121972e+12 3.358707383e+11 1400 
6.45 1.282872208e+12 2.749534403e+11 1600 
6.55 4.452647004e+11 1.143608e+11 750 
6.65 4.57842016e+10 1.63232747e+10 200 
6.75 0 0 0 
6.85 0 0 0 
6.95 0 0 0 
7.05 0 0 0 
7.15 0 0 0 
7.25 0 0 0 
7.35 0 0 0 
7.45 0 0 0 
7.55 0 0 0 
7.65 0 0 0 
7.75 0 0 0 
7.85 0 0 0 
7.95 0 0 0 
8.05 0 0 0 
8.15 0 0 0 
8.25 0 0 0 
8.35 0 0 0 
8.45 0 0 0 
8.55 0 0 0 
8.65 0 0 0 
8.75 0 0 0 
8.85 0 0 0 
8.95 0 0 0 
9.05 0 0 0 
9.15 0 0 0 
9.25 0 0 0 
9.35 0 0 0 
9.45 0 0 0 
9.55 0 0 0 
9.65 0 0 0 
9.75 0 0 0 
9.85 0 0 0 
9.95 0 0 0 
10.05 0 0 0 
10.15 0 0 0 
10.25 0 0 0 
10.35 0 0 0 
10.45 0 0 0 
10.55 0 0 0 
10.65 0 0 0 
10.75 0 0 0 
10.85 0 0 0 
10.95 0 0 0 
11.05 0 0 0 
11.15 0 0 0 
11.25 0 0 0 
11.35 0 0 0 
11.45 0 0 0 
11.55 0 0 0 
11.65 0 0 0 
11.75 0 0 0 
11.85 0 0 0 
11.95 0 0 0 
