# Format: McCode with text headers
# URL: http://www.mccode.org
# Creator:  3.8.5, git
# Instrument: eqsans_cylinder.instr
# Ncount: 5000000
# Trace: no
# Gravitation: no
# Seed: 1790195658593997
# Directory: /Users/georgeyumnam/WORK/PANRAID/PaNRAID-results/Group2/panraidproject/dataset_cylinder/cyl_001644
# Param: gx=0
# Param: gy=0
# Param: sample_on=1
# Param: bs_radius=0
# Param: samp_ap=0.01
# Param: sld=1.23644
# Param: sld_solvent=1
# Param: radius=133.374
# Param: length=847.12
# Param: pd_radius=0.245713
# Param: pd_length=0.297763
# Param: model_scale=1
# Param: model_abs=0
# Date: Wed Sep 23 22:34:36 2026 (1790195676)
# type: array_1d(100)
# Source: EQ_SANS_cylinder (eqsans_cylinder.instr)
# component: qmon
# position: 0 0 22.281
# title: QMonitor - Radially averaged distribution
# Ncount: 5000000
# filename: rdet.dat
# statistics: X0=0.0366955; dX=0.0318196;
# signal: Min=4.29136e+10; Max=8.25295e+14; Mean=7.5136e+13;
# values: 7.5136e+15 5.26559e+14 165125
# xvar: r
# yvar: (I,I_err)
# xlabel: Radius [m]
# ylabel: I(r)
# xlimits: 0 0.5
# variables: r I I_err N
0.0025 6.805765859e+14 3.96194904e+14 12 
0.0075 7.56992893e+14 1.988449653e+14 55 
0.0125 4.224019191e+14 7.055365027e+13 82 
0.0175 5.620327127e+14 8.921788448e+13 108 
0.0225 8.252949694e+14 2.19224469e+14 163 
0.0275 6.138880521e+14 9.817182383e+13 189 
0.0325 5.588445335e+14 7.678086818e+13 219 
0.0375 4.830068513e+14 8.530285724e+13 231 
0.0425 3.943161034e+14 4.971896257e+13 253 
0.0475 3.451116975e+14 4.62027804e+13 300 
0.0525 2.940044133e+14 3.14692408e+13 334 
0.0575 2.353349766e+14 2.583190171e+13 347 
0.0625 2.154656667e+14 2.082193895e+13 407 
0.0675 1.996845468e+14 1.830907649e+13 455 
0.0725 1.607498236e+14 1.822466655e+13 462 
0.0775 1.187766942e+14 1.207549477e+13 501 
0.0825 1.064675435e+14 8.739547697e+12 580 
0.0875 8.082826347e+13 6.919785672e+12 565 
0.0925 7.962727584e+13 6.737531419e+12 605 
0.0975 6.69431042e+13 6.235182404e+12 698 
0.1025 5.392371116e+13 4.047363244e+12 737 
0.1075 4.97507886e+13 6.07689712e+12 757 
0.1125 3.601189294e+13 2.888507946e+12 762 
0.1175 2.60098847e+13 2.357726363e+12 757 
0.1225 2.462419513e+13 2.100962001e+12 835 
0.1275 1.692618662e+13 1.397299802e+12 829 
0.1325 1.533154562e+13 1.326613237e+12 878 
0.1375 1.191871502e+13 9.262293387e+11 924 
0.1425 1.00223639e+13 8.06198327e+11 934 
0.1475 7.812888098e+12 6.301778903e+11 939 
0.1525 7.183005555e+12 5.507612633e+11 1009 
0.1575 6.691998594e+12 5.342919673e+11 1032 
0.1625 4.887461131e+12 3.586153943e+11 1005 
0.1675 4.301423289e+12 3.487730231e+11 1072 
0.1725 4.21949269e+12 3.300512257e+11 1160 
0.1775 3.370908777e+12 2.604302091e+11 1140 
0.1825 2.739549058e+12 2.122010868e+11 1159 
0.1875 2.426117913e+12 1.446893413e+11 1268 
0.1925 1.911408005e+12 1.278730822e+11 1224 
0.1975 1.843460282e+12 1.22370157e+11 1289 
0.2025 1.640958465e+12 1.088927361e+11 1288 
0.2075 1.443885353e+12 7.809022702e+10 1318 
0.2125 1.300516742e+12 6.247871214e+10 1421 
0.2175 1.254231293e+12 6.821631486e+10 1444 
0.2225 1.188995897e+12 5.817073629e+10 1532 
0.2275 1.015637866e+12 5.296651342e+10 1465 
0.2325 9.291113933e+11 4.597945461e+10 1492 
0.2375 8.695226372e+11 4.165331745e+10 1536 
0.2425 7.836390222e+11 3.98930071e+10 1544 
0.2475 7.76738687e+11 3.763195332e+10 1698 
0.2525 6.570347941e+11 3.146444709e+10 1611 
0.2575 6.095992108e+11 2.89179684e+10 1650 
0.2625 5.578922547e+11 2.728294906e+10 1721 
0.2675 5.507308929e+11 2.720014877e+10 1742 
0.2725 4.989122144e+11 2.263866894e+10 1902 
0.2775 4.461824272e+11 1.949988163e+10 1823 
0.2825 4.366255807e+11 2.041920283e+10 1826 
0.2875 4.126347446e+11 1.939113381e+10 1870 
0.2925 3.745898417e+11 1.646434485e+10 1987 
0.2975 3.519708794e+11 1.533313662e+10 1978 
0.3025 3.362577692e+11 1.552966816e+10 1995 
0.3075 3.178846699e+11 1.293493209e+10 2150 
0.3125 2.930791028e+11 1.19116759e+10 2086 
0.3175 2.686474272e+11 1.232097899e+10 2088 
0.3225 2.441726819e+11 1.015841402e+10 2159 
0.3275 2.408528364e+11 1.031964943e+10 2187 
0.3325 2.216888838e+11 9381852652 2229 
0.3375 2.087095393e+11 8526822564 2240 
0.3425 1.963565911e+11 7987179425 2232 
0.3475 1.952996488e+11 7698234923 2307 
0.3525 1.739899456e+11 6718906618 2439 
0.3575 1.583650979e+11 6013952410 2351 
0.3625 1.631555518e+11 6633314909 2408 
0.3675 1.459333539e+11 5706912733 2381 
0.3725 1.353942629e+11 5365042747 2447 
0.3775 1.316317488e+11 4761627182 2537 
0.3825 1.265285579e+11 4829095577 2548 
0.3875 1.205012932e+11 4549950984 2577 
0.3925 1.057430108e+11 3907446480 2542 
0.3975 1.079513747e+11 4046399825 2681 
0.4025 1.048395109e+11 4140289258 2548 
0.4075 9.762376105e+10 3728032387 2692 
0.4125 9.807143876e+10 3617540382 2840 
0.4175 8.654739859e+10 3182391178 2769 
0.4225 8.19961071e+10 2973176439 2768 
0.4275 7.765103919e+10 2789715690 2786 
0.4325 7.468947861e+10 2619019154 2844 
0.4375 7.523111409e+10 2645423433 2964 
0.4425 6.711673156e+10 2532638677 2799 
0.4475 6.615081083e+10 2397621451 2998 
0.4525 6.384119328e+10 2247740825 2996 
0.4575 5.863601032e+10 2007539331 3014 
0.4625 5.718321831e+10 1933351667 2996 
0.4675 5.655007314e+10 1952980378 3121 
0.4725 5.339361688e+10 1857558364 3056 
0.4775 4.921044918e+10 1678450382 3151 
0.4825 5.08299197e+10 1710670991 3276 
0.4875 4.769966889e+10 1526848421 3297 
0.4925 4.556208374e+10 1467949188 3268 
0.4975 4.291359455e+10 1482562195 3234 
