# Format: McCode with text headers
# URL: http://www.mccode.org
# Creator:  3.8.5, git
# Instrument: eqsans_cylinder.instr
# Ncount: 5000000
# Trace: no
# Gravitation: no
# Seed: 1790195070541450
# Directory: /Users/georgeyumnam/WORK/PANRAID/PaNRAID-results/Group2/panraidproject/dataset_cylinder/cyl_001317
# Param: gx=0
# Param: gy=0
# Param: sample_on=1
# Param: bs_radius=0
# Param: samp_ap=0.01
# Param: sld=6.93589
# Param: sld_solvent=1
# Param: radius=27.0704
# Param: length=360.539
# Param: pd_radius=0.07021
# Param: pd_length=0.282629
# Param: model_scale=1
# Param: model_abs=0
# Date: Wed Sep 23 22:24:48 2026 (1790195088)
# type: array_1d(120)
# Source: EQ_SANS_cylinder (eqsans_cylinder.instr)
# component: lambda_det
# position: 0 0 22.28
# title: Wavelength monitor
# Ncount: 5000000
# filename: lambda_det.dat
# statistics: X0=4.3144; dX=1.02312;
# signal: Min=0; Max=4.0613e+10; Mean=8.62677e+09;
# values: 1.03521e+12 4.65262e+09 298792
# xvar: L
# yvar: (I,I_err)
# xlabel: Wavelength [AA]
# ylabel: Intensity
# xlimits: 0 12
# variables: L I I_err N
0.05 0 0 0 
0.15 0 0 0 
0.25 0 0 0 
0.35 0 0 0 
0.45 0 0 0 
0.55 0 0 0 
0.65 0 0 0 
0.75 0 0 0 
0.85 0 0 0 
0.95 0 0 0 
1.05 0 0 0 
1.15 0 0 0 
1.25 0 0 0 
1.35 0 0 0 
1.45 0 0 0 
1.55 0 0 0 
1.65 0 0 0 
1.75 0 0 0 
1.85 0 0 0 
1.95 0 0 0 
2.05 0 0 0 
2.15 0 0 0 
2.25 73352847.71 27406005.57 100 
2.35 176538038.2 42312627.97 150 
2.45 765752883.7 128206390.1 550 
2.55 1782941140 189587642 1200 
2.65 4032543757 291203918.9 2750 
2.75 1.54631843e+10 530939116.3 9049 
2.85 2.97787917e+10 831255028.1 15200 
2.95 3.515438031e+10 821916330.8 18500 
3.05 4.046408942e+10 966220434.7 18750 
3.15 4.061297766e+10 947309122.2 17649 
3.25 4.024283281e+10 868210259.3 17349 
3.35 3.456268247e+10 848518513.9 13600 
3.45 3.310394652e+10 797623550.3 12550 
3.55 3.332008834e+10 856702926.3 11800 
3.65 3.911976578e+10 901852772.3 13198 
3.75 3.861021728e+10 878751068.6 12350 
3.85 3.768651336e+10 873363703.6 11350 
3.95 3.472422614e+10 810360224.2 10600 
4.05 3.350296268e+10 786951073.2 9550 
4.15 2.875751828e+10 751151374.6 7800 
4.25 3.176620934e+10 806301809.3 8250 
4.35 3.240026872e+10 776104898 7899 
4.45 3.016624737e+10 812130047.5 6850 
4.55 2.907493833e+10 771722814.6 6500 
4.65 3.091754878e+10 860177268.1 6300 
4.75 2.382593293e+10 731188573.1 4900 
4.85 2.54311085e+10 699841538.7 5150 
4.95 2.427775937e+10 702367762 4799 
5.05 2.458247631e+10 725869968.2 4450 
5.15 2.848895393e+10 766659172.1 4950 
5.25 2.133820297e+10 722133921.6 3550 
5.35 2.310748143e+10 705634370.2 3800 
5.45 2.003452632e+10 596128489.7 3450 
5.55 1.792257091e+10 654380928.2 2750 
5.65 1.791490283e+10 629899822.2 2799 
5.75 2.227926967e+10 692235674.2 3600 
5.85 1.298482078e+10 523891841.2 1950 
5.95 1.861262444e+10 631573633.4 2800 
6.05 1.883992375e+10 657624828.1 2600 
6.15 1.41307944e+10 592105044.1 1750 
6.25 1.604797785e+10 589595014.5 2150 
6.35 1.403083082e+10 553068092.9 1650 
6.45 1.075191783e+10 457018382.7 1400 
6.55 4349334147 347503136.2 450 
6.65 0 0 0 
6.75 0 0 0 
6.85 0 0 0 
6.95 0 0 0 
7.05 0 0 0 
7.15 0 0 0 
7.25 0 0 0 
7.35 0 0 0 
7.45 0 0 0 
7.55 0 0 0 
7.65 0 0 0 
7.75 0 0 0 
7.85 0 0 0 
7.95 0 0 0 
8.05 0 0 0 
8.15 0 0 0 
8.25 0 0 0 
8.35 0 0 0 
8.45 0 0 0 
8.55 0 0 0 
8.65 0 0 0 
8.75 0 0 0 
8.85 0 0 0 
8.95 0 0 0 
9.05 0 0 0 
9.15 0 0 0 
9.25 0 0 0 
9.35 0 0 0 
9.45 0 0 0 
9.55 0 0 0 
9.65 0 0 0 
9.75 0 0 0 
9.85 0 0 0 
9.95 0 0 0 
10.05 0 0 0 
10.15 0 0 0 
10.25 0 0 0 
10.35 0 0 0 
10.45 0 0 0 
10.55 0 0 0 
10.65 0 0 0 
10.75 0 0 0 
10.85 0 0 0 
10.95 0 0 0 
11.05 0 0 0 
11.15 0 0 0 
11.25 0 0 0 
11.35 0 0 0 
11.45 0 0 0 
11.55 0 0 0 
11.65 0 0 0 
11.75 0 0 0 
11.85 0 0 0 
11.95 0 0 0 
