# Format: McCode with text headers
# URL: http://www.mccode.org
# Creator:  3.8.5, git
# Instrument: eqsans_sans.instr
# Ncount: 10000000
# Trace: no
# Gravitation: no
# Seed: 1790180366850100
# Directory: /Users/georgeyumnam/WORK/PANRAID/PaNRAID-results/Group2/panraidproject/scan_sans_sample/x-17_y+09
# Param: gx=-0.017
# Param: gy=0.009
# Param: sample_on=1
# Param: R_sphere=100
# Param: Phi=0.01
# Param: bs_radius=0
# Param: samp_ap=0.01
# Date: Wed Sep 23 18:20:01 2026 (1790180401)
# type: array_1d(100)
# Source: EQ_SANS_sample (eqsans_sans.instr)
# component: qmon
# position: 0 0 22.281
# title: QMonitor - Distribution in q (Radially averaged)
# Ncount: 10000000
# filename: qdet.dat
# statistics: X0=0.0136381; dX=0.0101436;
# signal: Min=0; Max=3.34187e+08; Mean=1.97817e+07;
# values: 1.97817e+09 2.81076e+08 2942
# xvar: q
# yvar: (I,I_err)
# xlabel: q [1 / AA]
# ylabel: I(q)
# xlimits: 0 0.151561
# variables: q I I_err N
0.0007578035702 0 0 0 
0.002273410711 334186919.1 213676835 3 
0.003789017851 115388453.4 81848308.88 2 
0.005304624991 68903090.3 42942020.75 3 
0.006820232132 107423651.9 67477140.96 3 
0.008335839272 88139937.85 51919467.75 3 
0.009851446413 34127512.01 34127512.01 1 
0.01136705355 213126296.6 85729676.4 8 
0.01288266069 199062192.9 72737086.14 13 
0.01439826783 64560248.69 33573937.47 5 
0.01591387497 136579009.4 46354162.25 13 
0.01742948211 84789694.72 32838201.32 9 
0.01894508925 90097772.56 30369891.61 14 
0.0204606964 54751670.16 18895581.17 12 
0.02197630354 83856184.14 29876503.48 16 
0.02349191068 48485717.07 12831146.07 18 
0.02500751782 47851960.48 16166630.66 16 
0.02652312496 29146239.17 8878456.757 16 
0.0280387321 33843040.91 12040457.43 13 
0.02955433924 36747224.46 13326587.38 16 
0.03106994638 27869788.97 8103732.019 27 
0.03258555352 18473802.88 7723762.204 15 
0.03410116066 5749500 2024038.99 20 
0.0356167678 11619093.28 3824869.628 30 
0.03713237494 6000715.905 2764581.527 20 
0.03864798208 7489407.478 2612903.282 25 
0.04016358922 4665829.467 2423248.738 25 
0.04167919636 3327910.435 1444128.531 25 
0.0431948035 1271208.786 445150.0665 24 
0.04471041064 2905002.767 2150438.262 28 
0.04622601778 621845.3262 171756.5482 30 
0.04774162492 1417297.793 578445.189 39 
0.04925723206 703347.5272 160699.7459 31 
0.0507728392 752755.0824 169429.1136 35 
0.05228844634 849941.5511 193395.125 30 
0.05380405348 1203656.767 242337.9964 40 
0.05531966062 1196471.56 225374.9901 39 
0.05683526776 790401.9267 191822.667 27 
0.05835087491 1421277.413 257716.2835 47 
0.05986648205 781069.0936 170203.515 30 
0.06138208919 1136294.861 214584.6059 38 
0.06289769633 715878.4751 160258.8938 34 
0.06441330347 639528.7376 149207.3589 35 
0.06592891061 810848.5292 168654.8309 36 
0.06744451775 713560.0961 146721.8041 47 
0.06896012489 313493.849 72888.28831 35 
0.07047573203 332579.4175 81680.42954 38 
0.07199133917 290364.2069 73131.37742 54 
0.07350694631 70855.72303 20957.43668 28 
0.07502255345 126320.3792 42510.53538 36 
0.07653816059 96285.05655 31049.12702 35 
0.07805376773 93498.08735 32614.88106 49 
0.07956937487 110322.1366 23780.01637 55 
0.08108498201 82837.7438 24650.54568 44 
0.08260058915 111276.5877 23217.14692 39 
0.08411619629 143767.1592 26551.38584 55 
0.08563180343 145975.0721 27284.16557 46 
0.08714741057 149740.3204 26311.3816 52 
0.08866301771 190426.1454 32115.90226 48 
0.09017862485 174590.1896 30414.53791 46 
0.09169423199 93631.24475 18628.52165 31 
0.09320983913 179992.968 30155.90272 48 
0.09472544627 166207.8534 27228.13543 52 
0.09624105341 125824.9991 22883.46967 39 
0.09775666056 136835.2187 25044.9745 51 
0.0992722677 112833.9731 21946.69676 47 
0.1007878748 50520.82397 12803.699 35 
0.102303482 76756.16661 16393.53259 53 
0.1038190891 72700.23118 15977.78737 57 
0.1053346963 31461.63874 8548.426306 30 
0.1068503034 20482.97638 5886.014683 32 
0.1083659105 31837.66103 9299.354873 38 
0.1098815177 18544.52522 4089.661621 42 
0.1113971248 19727.43586 5093.916015 39 
0.112912732 24134.53689 5254.117673 36 
0.1144283391 23563.69053 4761.569911 40 
0.1159439462 22049.33284 5558.184118 28 
0.1174595534 10225.2394 3255.787751 18 
0.1189751605 22973.28228 4638.967891 34 
0.1204907677 30633.39408 5999.511757 33 
0.1220063748 37195.05599 6982.572904 34 
0.1235219819 22875.09783 5117.1643 24 
0.1250375891 22213.64256 4634.898124 30 
0.1265531962 28354.61223 5639.637637 34 
0.1280688034 36737.74284 6743.101905 39 
0.1295844105 28275.32868 5181.068816 42 
0.1311000176 10043.53152 2815.576912 23 
0.1326156248 11143.04213 3123.997873 29 
0.1341312319 15147.69272 3603.361673 34 
0.1356468391 16265.02016 3885.205715 33 
0.1371624462 3454.851828 1135.559555 23 
0.1386780533 4093.941691 1501.104464 21 
0.1401936605 5136.634374 1420.49536 28 
0.1417092676 4505.29528 1434.094264 24 
0.1432248748 4318.403503 1536.126114 15 
0.1447404819 3308.485694 973.8125841 21 
0.146256089 4580.299866 1178.232868 24 
0.1477716962 5579.754657 1451.439574 25 
0.1492873033 4925.157683 1412.879428 15 
0.1508029105 5732.299604 1546.184953 20 
