# Format: McCode with text headers
# URL: http://www.mccode.org
# Creator:  3.8.5, git
# Instrument: eqsans_1_fixed.instr
# Ncount: 1000000
# Trace: no
# Gravitation: no
# Seed: 1790169808972171
# Directory: /Users/georgeyumnam/WORK/PANRAID/PaNRAID-results/Group2/panraidproject/scan_guide_xy/x+01_y+01
# Param: gx=0.001
# Param: gy=0.001
# Date: Wed Sep 23 15:23:32 2026 (1790169812)
# type: array_1d(120)
# Source: EQ_SANS (eqsans_1_fixed.instr)
# component: lambda_det
# position: 0 0 22.28
# title: Wavelength monitor
# Ncount: 1000000
# filename: lambda_det.dat
# statistics: X0=4.05816; dX=0.977356;
# signal: Min=0; Max=7.83927e+06; Mean=1.26641e+06;
# values: 1.5197e+08 935659 51749
# xvar: L
# yvar: (I,I_err)
# xlabel: Wavelength [AA]
# ylabel: Intensity
# xlimits: 0 12
# variables: L I I_err N
0.05 0 0 0 
0.15 0 0 0 
0.25 0 0 0 
0.35 0 0 0 
0.45 0 0 0 
0.55 0 0 0 
0.65 0 0 0 
0.75 0 0 0 
0.85 0 0 0 
0.95 0 0 0 
1.05 0 0 0 
1.15 0 0 0 
1.25 0 0 0 
1.35 0 0 0 
1.45 0 0 0 
1.55 0 0 0 
1.65 0 0 0 
1.75 0 0 0 
1.85 0 0 0 
1.95 0 0 0 
2.05 0 0 0 
2.15 16575.47792 10142.80481 5 
2.25 13919.8771 8152.249531 8 
2.35 57349.09303 17720.9257 25 
2.45 167888.5159 33436.7365 55 
2.55 355788.3457 46235.15146 146 
2.65 983925.4183 77005.79801 358 
2.75 3031159.391 134997.3397 1006 
2.85 6529213.092 196927.4107 2174 
2.95 7801676.336 212357.6233 2687 
3.05 7839271.326 213236.2305 2737 
3.15 7372572.74 207384.0493 2521 
3.25 7513418.465 207741.1785 2509 
3.35 7223614.205 204531.4453 2476 
3.45 6834912.818 199613.3414 2328 
3.55 6399858.465 191775.6802 2199 
3.65 5819600.04 182235.7528 2010 
3.75 5700810.41 181010.5443 1911 
3.85 5499797.962 176983.1975 1889 
3.95 4951433.631 168277.4232 1761 
4.05 4668593.73 164086.5901 1625 
4.15 4883462.467 167969.1492 1652 
4.25 4554426.761 161233.8551 1498 
4.35 4142370.899 154356.9008 1439 
4.45 3552314.672 141573.945 1257 
4.55 3907588.921 149981.3614 1292 
4.65 3591040.425 143419.8564 1222 
4.75 3289549.39 136488.6868 1145 
4.85 3084017.359 134430.1191 1046 
4.95 3031759.662 131305.6593 1050 
5.05 2820564.626 125546.1479 939 
5.15 2567083.172 120276.2483 906 
5.25 2491363.997 118458.9164 841 
5.35 2267152.502 114128.3267 768 
5.45 2252443.284 113742.5941 720 
5.55 2101119.854 109457.6759 708 
5.65 2087073.727 110676.8696 657 
5.75 1891874.817 104535.4353 644 
5.85 1775972.244 100899.4497 591 
5.95 1630990.024 94221.20624 568 
6.05 1665406.227 98589.23542 571 
6.15 1427346.288 92544.62419 464 
6.25 1398509.807 88544.25248 436 
6.35 1325312.601 86539.03136 432 
6.45 874195.7439 71030.21308 297 
6.55 463962.9729 50990.1836 146 
6.65 111348.6568 25434.66319 30 
6.75 0 0 0 
6.85 0 0 0 
6.95 0 0 0 
7.05 0 0 0 
7.15 0 0 0 
7.25 0 0 0 
7.35 0 0 0 
7.45 0 0 0 
7.55 0 0 0 
7.65 0 0 0 
7.75 0 0 0 
7.85 0 0 0 
7.95 0 0 0 
8.05 0 0 0 
8.15 0 0 0 
8.25 0 0 0 
8.35 0 0 0 
8.45 0 0 0 
8.55 0 0 0 
8.65 0 0 0 
8.75 0 0 0 
8.85 0 0 0 
8.95 0 0 0 
9.05 0 0 0 
9.15 0 0 0 
9.25 0 0 0 
9.35 0 0 0 
9.45 0 0 0 
9.55 0 0 0 
9.65 0 0 0 
9.75 0 0 0 
9.85 0 0 0 
9.95 0 0 0 
10.05 0 0 0 
10.15 0 0 0 
10.25 0 0 0 
10.35 0 0 0 
10.45 0 0 0 
10.55 0 0 0 
10.65 0 0 0 
10.75 0 0 0 
10.85 0 0 0 
10.95 0 0 0 
11.05 0 0 0 
11.15 0 0 0 
11.25 0 0 0 
11.35 0 0 0 
11.45 0 0 0 
11.55 0 0 0 
11.65 0 0 0 
11.75 0 0 0 
11.85 0 0 0 
11.95 0 0 0 
