# Format: McCode with text headers
# URL: http://www.mccode.org
# Creator:  3.8.5, git
# Instrument: eqsans_cylinder.instr
# Ncount: 5000000
# Trace: no
# Gravitation: no
# Seed: 1790196087641873
# Directory: /Users/georgeyumnam/WORK/PANRAID/PaNRAID-results/Group2/panraidproject/dataset_cylinder/cyl_001882
# Param: gx=0
# Param: gy=0
# Param: sample_on=1
# Param: bs_radius=0
# Param: samp_ap=0.01
# Param: sld=1.18049
# Param: sld_solvent=1
# Param: radius=129.49
# Param: length=701.057
# Param: pd_radius=0.282487
# Param: pd_length=0.018581
# Param: model_scale=1
# Param: model_abs=0
# Date: Wed Sep 23 22:41:45 2026 (1790196105)
# type: array_1d(120)
# Source: EQ_SANS_cylinder (eqsans_cylinder.instr)
# component: lambda_det
# position: 0 0 22.28
# title: Wavelength monitor
# Ncount: 5000000
# filename: lambda_det.dat
# statistics: X0=4.39892; dX=1.05709;
# signal: Min=0; Max=9.10443e+09; Mean=1.89874e+09;
# values: 2.27849e+11 5.46034e+09 294885
# xvar: L
# yvar: (I,I_err)
# xlabel: Wavelength [AA]
# ylabel: Intensity
# xlimits: 0 12
# variables: L I I_err N
0.05 0 0 0 
0.15 0 0 0 
0.25 0 0 0 
0.35 0 0 0 
0.45 0 0 0 
0.55 0 0 0 
0.65 0 0 0 
0.75 0 0 0 
0.85 0 0 0 
0.95 0 0 0 
1.05 0 0 0 
1.15 0 0 0 
1.25 0 0 0 
1.35 0 0 0 
1.45 0 0 0 
1.55 0 0 0 
1.65 0 0 0 
1.75 0 0 0 
1.85 0 0 0 
1.95 0 0 0 
2.05 0 0 0 
2.15 0 0 0 
2.25 1321255.787 564279.5685 100 
2.35 9057527.689 7411676.352 150 
2.45 443946495 301313717.5 500 
2.55 187407015.7 76612501.08 1100 
2.65 578941920.5 185427832.6 2800 
2.75 3539842067 684996585.5 7348 
2.85 4770162688 808970211.4 13249 
2.95 8486373795 1219268443 19348 
3.05 8968519457 1392164042 18000 
3.15 7835083509 801582158.6 17249 
3.25 9104429925 1173628388 16800 
3.35 8101032555 1357136071 14850 
3.45 8777130761 1082759521 14149 
3.55 5873005555 712228682.4 12700 
3.65 8585293677 1016620193 13500 
3.75 6488153177 814840973.7 10550 
3.85 6892485270 900601866.1 11150 
3.95 5077367427 559952327.4 8800 
4.05 6538468345 868127162.4 8650 
4.15 6577001831 841092504.8 8799 
4.25 7319200283 886806186.4 7950 
4.35 4485418594 497934030.4 6950 
4.45 7527693369 1075985077 7648 
4.55 6402602735 771522898.8 6500 
4.65 6491875288 855498630.5 6149 
4.75 4395774496 786714044.3 4450 
4.85 6384709228 1036308789 4899 
4.95 4588700317 679243324.2 4600 
5.05 6649730894 1047434722 4400 
5.15 5383500249 787339971.4 4399 
5.25 6747822783 1225591149 3800 
5.35 5546856155 851684711.7 3949 
5.45 5012048558 708674894.6 3550 
5.55 4925513450 662269500.2 3100 
5.65 6273911978 1063429843 3350 
5.75 5445995401 939268870.4 3450 
5.85 3561216507 634911167.7 2600 
5.95 4683132889 646343820.6 3099 
6.05 3262348359 525194702.1 2100 
6.15 3323458251 546154017.1 2300 
6.25 3871564537 536099092.9 2100 
6.35 4301018267 713876247.3 1850 
6.45 3553227481 669263328.3 1400 
6.55 744635982.6 315629209.5 400 
6.65 132332042.1 73231635.63 100 
6.75 0 0 0 
6.85 0 0 0 
6.95 0 0 0 
7.05 0 0 0 
7.15 0 0 0 
7.25 0 0 0 
7.35 0 0 0 
7.45 0 0 0 
7.55 0 0 0 
7.65 0 0 0 
7.75 0 0 0 
7.85 0 0 0 
7.95 0 0 0 
8.05 0 0 0 
8.15 0 0 0 
8.25 0 0 0 
8.35 0 0 0 
8.45 0 0 0 
8.55 0 0 0 
8.65 0 0 0 
8.75 0 0 0 
8.85 0 0 0 
8.95 0 0 0 
9.05 0 0 0 
9.15 0 0 0 
9.25 0 0 0 
9.35 0 0 0 
9.45 0 0 0 
9.55 0 0 0 
9.65 0 0 0 
9.75 0 0 0 
9.85 0 0 0 
9.95 0 0 0 
10.05 0 0 0 
10.15 0 0 0 
10.25 0 0 0 
10.35 0 0 0 
10.45 0 0 0 
10.55 0 0 0 
10.65 0 0 0 
10.75 0 0 0 
10.85 0 0 0 
10.95 0 0 0 
11.05 0 0 0 
11.15 0 0 0 
11.25 0 0 0 
11.35 0 0 0 
11.45 0 0 0 
11.55 0 0 0 
11.65 0 0 0 
11.75 0 0 0 
11.85 0 0 0 
11.95 0 0 0 
