# Format: McCode with text headers
# URL: http://www.mccode.org
# Creator:  3.8.5, git
# Instrument: eqsans_sans.instr
# Ncount: 10000000
# Trace: no
# Gravitation: no
# Seed: 1790183646589514
# Directory: /Users/georgeyumnam/WORK/PANRAID/PaNRAID-results/Group2/panraidproject/scan_sans_sample/x+06_y+08
# Param: gx=0.006
# Param: gy=0.008
# Param: sample_on=1
# Param: R_sphere=100
# Param: Phi=0.01
# Param: bs_radius=0
# Param: samp_ap=0.01
# Date: Wed Sep 23 19:14:42 2026 (1790183682)
# type: array_1d(100)
# Source: EQ_SANS_sample (eqsans_sans.instr)
# component: qmon
# position: 0 0 22.281
# title: QMonitor - Distribution in q (Radially averaged)
# Ncount: 10000000
# filename: qdet.dat
# statistics: X0=0.0136888; dX=0.00995091;
# signal: Min=0; Max=3.56732e+08; Mean=3.29162e+07;
# values: 3.29162e+09 3.55158e+08 4946
# xvar: q
# yvar: (I,I_err)
# xlabel: q [1 / AA]
# ylabel: I(q)
# xlimits: 0 0.151561
# variables: q I I_err N
0.0007578035702 0 0 0 
0.002273410711 356732259 220010381.6 3 
0.003789017851 224338173.7 133497424.2 4 
0.005304624991 211090813.9 120044050.4 4 
0.006820232132 308299073.2 129241751.8 8 
0.008335839272 134061380.4 68199217.14 4 
0.009851446413 258706521.1 82522058.72 13 
0.01136705355 140404456.9 50971611.85 9 
0.01288266069 236745428.9 78147239.8 13 
0.01439826783 172305767.1 55189197.66 14 
0.01591387497 131299900 43797233.92 14 
0.01742948211 163831071.3 48368522.23 18 
0.01894508925 194337522.5 44061348.07 31 
0.0204606964 156089485.3 41693843.47 23 
0.02197630354 109196306.5 33662924.96 22 
0.02349191068 115763348.6 29391977.92 26 
0.02500751782 59510681.14 14708158.16 25 
0.02652312496 63332532.97 18246530.63 30 
0.0280387321 44404048.21 11339757.18 26 
0.02955433924 33803536.12 9144057.629 25 
0.03106994638 35368976.53 8717856.11 35 
0.03258555352 34494117.09 7036773.146 41 
0.03410116066 14521783.99 4346416.102 28 
0.0356167678 15706859.77 4515920.258 39 
0.03713237494 17544352.06 4855952.373 44 
0.03864798208 12095042.53 3249437.394 33 
0.04016358922 4674242.651 1389264.39 46 
0.04167919636 4679900.874 1526450.871 42 
0.0431948035 4077618.09 1477699.085 53 
0.04471041064 5495123.605 1759778.83 60 
0.04622601778 3081930.865 1611025.96 53 
0.04774162492 1430730.509 390844.9613 47 
0.04925723206 856127.9798 271511.3249 36 
0.0507728392 803206.5119 160109.6608 48 
0.05228844634 1597962.186 264031.4307 60 
0.05380405348 1578378.986 268155.9689 59 
0.05531966062 1304958.563 226100.9653 50 
0.05683526776 1518361.403 254375.2158 54 
0.05835087491 1367595.067 229663.046 53 
0.05986648205 1582580.495 234168.9059 62 
0.06138208919 1845345.425 260545.0076 71 
0.06289769633 1419325.762 215043.0403 70 
0.06441330347 1392161.73 204688.3756 71 
0.06592891061 1029559.473 169128.7163 66 
0.06744451775 1046577.152 164586.9936 87 
0.06896012489 620968.4896 127474.4457 55 
0.07047573203 592079.6383 115363.7607 67 
0.07199133917 401590.7717 82140.69066 71 
0.07350694631 267343.7563 57608.33273 84 
0.07502255345 317613.281 84437.07983 75 
0.07653816059 204868.2287 48057.89077 70 
0.07805376773 141654.9572 31713.72424 78 
0.07956937487 126223.1967 27221.23363 73 
0.08108498201 98235.29148 16804.15699 62 
0.08260058915 191521.5882 32415.29658 76 
0.08411619629 183176.2525 28052.10136 66 
0.08563180343 261327.9419 35946.30997 84 
0.08714741057 297317.2554 38192.08392 88 
0.08866301771 243629.4411 32272.63967 80 
0.09017862485 274549.2404 38401.21821 68 
0.09169423199 320571.6023 40255.67751 85 
0.09320983913 282314.9496 35348.94015 84 
0.09472544627 260932.6731 34711.03119 78 
0.09624105341 232153.3989 30711.17424 83 
0.09775666056 166143.2342 25388.24045 72 
0.0992722677 149412.9127 25151.06975 64 
0.1007878748 141163.4947 23213.56996 84 
0.102303482 77861.50109 14545.72848 67 
0.1038190891 68896.96446 12509.74217 70 
0.1053346963 86171.06416 17005.48581 77 
0.1068503034 55714.38007 10013.65706 80 
0.1083659105 36748.61698 6941.81698 67 
0.1098815177 32929.35815 6632.728565 62 
0.1113971248 37075.58007 7192.589111 58 
0.112912732 30179.66746 6230.111072 55 
0.1144283391 38565.35399 6394.808965 72 
0.1159439462 43634.02492 7723.12741 60 
0.1174595534 43720.74393 7140.290512 57 
0.1189751605 59903.69756 8778.409433 63 
0.1204907677 46887.3848 7690.841993 53 
0.1220063748 52311.53242 7665.507569 57 
0.1235219819 39432.95913 6792.082722 42 
0.1250375891 46690.06336 7192.000722 54 
0.1265531962 37588.25659 6507.634341 42 
0.1280688034 34649.403 6060.404292 52 
0.1295844105 36154.90793 6462.129122 44 
0.1311000176 24424.54247 5067.519559 40 
0.1326156248 26905.30537 5272.413253 48 
0.1341312319 17017.91825 3923.419833 37 
0.1356468391 18100.07575 3957.963618 43 
0.1371624462 13276.17068 3038.168219 37 
0.1386780533 11007.60711 2686.127496 47 
0.1401936605 8342.829835 2053.132117 41 
0.1417092676 4740.182035 1047.657738 41 
0.1432248748 6185.306628 1696.396424 29 
0.1447404819 8743.962523 1975.825414 40 
0.146256089 9564.096866 1922.765141 41 
0.1477716962 5996.989533 1530.063194 30 
0.1492873033 9818.907867 1815.160156 40 
0.1508029105 8737.912131 1871.481451 33 
