# Format: McCode with text headers
# URL: http://www.mccode.org
# Creator:  3.8.5, git
# Instrument: eqsans_sans.instr
# Ncount: 10000000
# Trace: no
# Gravitation: no
# Seed: 1790182730725468
# Directory: /Users/georgeyumnam/WORK/PANRAID/PaNRAID-results/Group2/panraidproject/scan_sans_sample/x+00_y-07
# Param: gx=0
# Param: gy=-0.007
# Param: sample_on=1
# Param: R_sphere=100
# Param: Phi=0.01
# Param: bs_radius=0
# Param: samp_ap=0.01
# Date: Wed Sep 23 18:59:25 2026 (1790182765)
# type: array_1d(100)
# Source: EQ_SANS_sample (eqsans_sans.instr)
# component: qmon
# position: 0 0 22.281
# title: QMonitor - Radially averaged distribution
# Ncount: 10000000
# filename: rdet.dat
# statistics: X0=0.0641241; dX=0.0563864;
# signal: Min=60910.2; Max=1.92572e+08; Mean=2.00607e+07;
# values: 2.00607e+09 2.45236e+08 4496
# xvar: r
# yvar: (I,I_err)
# xlabel: Radius [m]
# ylabel: I(r)
# xlimits: 0 0.5
# variables: r I I_err N
0.0025 177279000.2 177279000.2 1 
0.0075 192572405.5 112784732 3 
0.0125 116520086.6 68658441.68 3 
0.0175 26195793.53 26195793.53 1 
0.0225 84522813.72 42323524.32 4 
0.0275 37768454.79 26709234.13 2 
0.0325 64482685.97 30985651.25 5 
0.0375 70410909.3 28065484.28 8 
0.0425 86126012.18 32794189.03 8 
0.0475 96500150.26 32056649.98 10 
0.0525 91558019.42 29211083.54 10 
0.0575 66074366.71 22359939.31 11 
0.0625 67984299.1 22259365.37 12 
0.0675 50324834.25 17123816.48 11 
0.0725 112206645.2 26050173.94 20 
0.0775 47572190.06 15071969.02 11 
0.0825 55625752.26 16592040.64 14 
0.0875 55832283.98 16646568.78 14 
0.0925 43094435.86 12297616.26 16 
0.0975 32247204.42 9378405.825 16 
0.1025 27432134.63 9486296.486 15 
0.1075 36964179.71 9602596.935 18 
0.1125 22495811.71 6504847.129 16 
0.1175 47812879.59 10583673.63 29 
0.1225 34046370.29 8555382.861 24 
0.1275 30481134.73 7284200.345 26 
0.1325 28004781.65 6743094.627 27 
0.1375 19447546.75 5226161.807 23 
0.1425 26179832.88 6524854.338 36 
0.1475 17535985.05 5143600.102 18 
0.1525 7173181.857 2260053.925 23 
0.1575 10775345.37 3749365.175 24 
0.1625 12094473.35 3873861.579 25 
0.1675 9055830.315 3231184.609 26 
0.1725 11294332.16 3080034.413 31 
0.1775 11411292.46 3012509.444 33 
0.1825 7607515.176 1918411.525 39 
0.1875 6502610.273 2161579.935 30 
0.1925 10436240.17 2367712.264 48 
0.1975 5054378.889 1438166.78 41 
0.2025 4598863.441 1472674.566 37 
0.2075 4707682.22 1340745.734 33 
0.2125 3370239.509 1053732.436 33 
0.2175 3698172.284 1346728.405 43 
0.2225 2442687.972 830523.8119 35 
0.2275 3335548.41 953346.0951 46 
0.2325 2795379.628 812449.2869 39 
0.2375 1970424.146 845565.1541 49 
0.2425 2331712.189 797346.734 52 
0.2475 1898741.282 575506.5564 43 
0.2525 1783658.748 589468.2856 50 
0.2575 1145317.253 315571.4791 50 
0.2625 799916.5329 178302.6957 56 
0.2675 1100316.303 325382.1837 47 
0.2725 1172744.011 397867.2613 52 
0.2775 1103221.963 340700.5164 57 
0.2825 1178485.343 349187.2507 62 
0.2875 613701.5011 219139.3159 44 
0.2925 558255.0215 152400.9554 52 
0.2975 292085.5031 67188.21604 37 
0.3025 305043.9281 56817.85582 47 
0.3075 417879.2143 85219.0189 56 
0.3125 404321.0562 126688.236 52 
0.3175 361942.7257 65548.72507 61 
0.3225 482608.7279 118928.5277 59 
0.3275 473727.0332 101305.6759 78 
0.3325 315768.8611 81027.13091 53 
0.3375 360016.824 59411.17637 71 
0.3425 319387.6154 54441.376 71 
0.3475 236801.3986 52100.52478 51 
0.3525 235273.6368 44324.35781 62 
0.3575 171693.7563 33523.58184 67 
0.3625 228694.5553 43471.94334 65 
0.3675 187424.608 37021.99074 61 
0.3725 259406.8534 44492.61717 76 
0.3775 237169.1896 46518.50588 64 
0.3825 237029.2093 41026.4223 71 
0.3875 248697.4997 45235.21555 68 
0.3925 206790.1883 39906.12462 64 
0.3975 166682.7992 31010.61673 76 
0.4025 149605.3555 31292.41479 67 
0.4075 180985.2892 34735.18563 57 
0.4125 203679.497 35238.53177 88 
0.4175 160989.3404 33544.29797 66 
0.4225 218008.3718 40742.30103 85 
0.4275 185461.1235 37383.54166 77 
0.4325 142851.114 29491.41321 73 
0.4375 134759.0848 26619.45288 80 
0.4425 149451.4264 28862.44919 78 
0.4475 90399.051 21223.25808 69 
0.4525 122114.5821 25714.21662 75 
0.4575 161634.8726 31335.69239 96 
0.4625 129572.1543 26557.30934 84 
0.4675 84233.21994 18459.44189 76 
0.4725 60910.18492 15146.99789 78 
0.4775 114699.4793 24397.92467 95 
0.4825 89072.76577 21537.55809 74 
0.4875 93556.72034 19063.12574 82 
0.4925 72090.88097 16386.37872 92 
0.4975 68375.97873 16332.56074 82 
