# Format: McCode with text headers
# URL: http://www.mccode.org
# Creator:  3.8.5, git
# Instrument: eqsans_sans.instr
# Ncount: 10000000
# Trace: no
# Gravitation: no
# Seed: 1790174075474195
# Directory: /Users/georgeyumnam/WORK/PANRAID/PaNRAID-results/Group2/panraidproject/scan_sans_nosample/x-15_y-07
# Param: gx=-0.015
# Param: gy=-0.007
# Param: sample_on=0
# Param: R_sphere=100
# Param: Phi=0.01
# Param: bs_radius=0
# Param: samp_ap=0.01
# Date: Wed Sep 23 16:35:10 2026 (1790174110)
# type: array_1d(120)
# Source: EQ_SANS_sample (eqsans_sans.instr)
# component: lambda_det
# position: 0 0 22.28
# title: Wavelength monitor
# Ncount: 10000000
# filename: lambda_det.dat
# statistics: X0=3.86338; dX=0.921524;
# signal: Min=0; Max=186205; Mean=24975.1;
# values: 2.99701e+06 48764 3916
# xvar: L
# yvar: (I,I_err)
# xlabel: Wavelength [AA]
# ylabel: Intensity
# xlimits: 0 12
# variables: L I I_err N
0.05 0 0 0 
0.15 0 0 0 
0.25 0 0 0 
0.35 0 0 0 
0.45 0 0 0 
0.55 0 0 0 
0.65 0 0 0 
0.75 0 0 0 
0.85 0 0 0 
0.95 0 0 0 
1.05 0 0 0 
1.15 0 0 0 
1.25 0 0 0 
1.35 0 0 0 
1.45 0 0 0 
1.55 0 0 0 
1.65 0 0 0 
1.75 0 0 0 
1.85 0 0 0 
1.95 0 0 0 
2.05 0 0 0 
2.15 1373.536498 971.4561149 2 
2.25 2380.117927 1396.825352 3 
2.35 3137.909042 1574.306636 4 
2.45 4124.217286 1852.134766 5 
2.55 16564.33896 3680.322308 21 
2.65 30775.11199 4780.275749 43 
2.75 99140.26611 8572.559165 139 
2.85 186204.7207 12085.612 247 
2.95 180359.3591 11968.5028 236 
3.05 185210.5466 12316.246 233 
3.15 163191.0734 11280.37689 217 
3.25 163654.5974 11368.66908 215 
3.35 142867.6581 10627.63029 187 
3.45 158353.2613 11259.04972 205 
3.55 141308.3326 10714.13828 180 
3.65 116723.3754 9698.528596 150 
3.75 132055.313 10247.59075 172 
3.85 98279.44454 8824.677098 129 
3.95 89397.68393 8559.265254 113 
4.05 79745.31474 7897.006631 106 
4.15 86284.52169 8217.238103 114 
4.25 73953.80959 7593.084914 98 
4.35 69601.84346 7503.531104 89 
4.45 61266.18848 7010.155251 79 
4.55 68131.14608 7381.018154 88 
4.65 56165.61177 6684.766032 73 
4.75 43388.07811 5855.386951 57 
4.85 65517.30958 7204.818768 86 
4.95 53485.34 6553.934376 69 
5.05 42150.59314 5835.354689 54 
5.15 51092.3922 6417.366043 66 
5.25 43084.49227 5674.394227 60 
5.35 40889.13535 5773.249996 52 
5.45 31946.58768 5087.288466 41 
5.55 29039.80252 4798.78058 38 
5.65 27953.26917 4792.134946 35 
5.75 20230.76849 3897.534668 28 
5.85 30761.60364 4965.077973 40 
5.95 23169.26282 4208.615932 32 
6.05 20245.83624 3903.379437 28 
6.15 14727.70204 3446.155058 19 
6.25 18837.42997 3734.154269 26 
6.35 14695.48163 3415.198689 19 
6.45 12843.71652 3350.039065 15 
6.55 2706.299853 1568.511182 3 
6.65 0 0 0 
6.75 0 0 0 
6.85 0 0 0 
6.95 0 0 0 
7.05 0 0 0 
7.15 0 0 0 
7.25 0 0 0 
7.35 0 0 0 
7.45 0 0 0 
7.55 0 0 0 
7.65 0 0 0 
7.75 0 0 0 
7.85 0 0 0 
7.95 0 0 0 
8.05 0 0 0 
8.15 0 0 0 
8.25 0 0 0 
8.35 0 0 0 
8.45 0 0 0 
8.55 0 0 0 
8.65 0 0 0 
8.75 0 0 0 
8.85 0 0 0 
8.95 0 0 0 
9.05 0 0 0 
9.15 0 0 0 
9.25 0 0 0 
9.35 0 0 0 
9.45 0 0 0 
9.55 0 0 0 
9.65 0 0 0 
9.75 0 0 0 
9.85 0 0 0 
9.95 0 0 0 
10.05 0 0 0 
10.15 0 0 0 
10.25 0 0 0 
10.35 0 0 0 
10.45 0 0 0 
10.55 0 0 0 
10.65 0 0 0 
10.75 0 0 0 
10.85 0 0 0 
10.95 0 0 0 
11.05 0 0 0 
11.15 0 0 0 
11.25 0 0 0 
11.35 0 0 0 
11.45 0 0 0 
11.55 0 0 0 
11.65 0 0 0 
11.75 0 0 0 
11.85 0 0 0 
11.95 0 0 0 
