# Format: McCode with text headers
# URL: http://www.mccode.org
# Creator:  3.8.5, git
# Instrument: eqsans_sans.instr
# Ncount: 10000000
# Trace: no
# Gravitation: no
# Seed: 1790184162668964
# Directory: /Users/georgeyumnam/WORK/PANRAID/PaNRAID-results/Group2/panraidproject/scan_sans_sample/x+10_y-10
# Param: gx=0.01
# Param: gy=-0.01
# Param: sample_on=1
# Param: R_sphere=100
# Param: Phi=0.01
# Param: bs_radius=0
# Param: samp_ap=0.01
# Date: Wed Sep 23 19:23:18 2026 (1790184198)
# type: array_1d(100)
# Source: EQ_SANS_sample (eqsans_sans.instr)
# component: qmon
# position: 0 0 22.281
# title: QMonitor - Distribution in q (Radially averaged)
# Ncount: 10000000
# filename: qdet.dat
# statistics: X0=0.0134561; dX=0.00997654;
# signal: Min=0; Max=3.47648e+08; Mean=2.6003e+07;
# values: 2.6003e+09 3.59405e+08 3845
# xvar: q
# yvar: (I,I_err)
# xlabel: q [1 / AA]
# ylabel: I(q)
# xlimits: 0 0.151561
# variables: q I I_err N
0.0007578035702 261511792.8 261511792.8 1 
0.002273410711 0 0 0 
0.003789017851 190634766.3 112476471 3 
0.005304624991 60845519.74 54069958.85 2 
0.006820232132 347648289.6 138695556.2 9 
0.008335839272 133921474 62876131.8 6 
0.009851446413 150514745.7 56542131.28 8 
0.01136705355 169911822.6 59439708.4 11 
0.01288266069 157809661.4 72523775.78 8 
0.01439826783 166776925 62030376.44 13 
0.01591387497 149340240.7 45809025.6 15 
0.01742948211 155467481.5 47715279.08 16 
0.01894508925 116385251.1 31178435.36 21 
0.0204606964 102469940.9 31143781 18 
0.02197630354 40973234.5 13910679.44 12 
0.02349191068 58553533.95 26456432.89 10 
0.02500751782 69124194.74 21026644.36 20 
0.02652312496 83210132.68 20363330.64 27 
0.0280387321 26803229.76 7786738.959 18 
0.02955433924 27530767.2 7575258.7 26 
0.03106994638 28165341.03 8902580.963 32 
0.03258555352 13445591.54 4650557.237 25 
0.03410116066 13874135.98 4390647.095 24 
0.0356167678 18578419.22 6343636.514 31 
0.03713237494 10449418.44 3289837.841 34 
0.03864798208 8061219.943 2190486.557 36 
0.04016358922 4332004.507 1634449.042 27 
0.04167919636 8295617.415 4432268.201 35 
0.0431948035 806536.4757 319644.813 33 
0.04471041064 2857331.087 1257551.686 35 
0.04622601778 1152063.122 352836.7071 43 
0.04774162492 395636.1161 103467.679 28 
0.04925723206 1410130.436 325352.7441 48 
0.0507728392 1200889.673 541145.5684 34 
0.05228844634 1003251.962 187352.8367 45 
0.05380405348 1167755.948 238344.6287 43 
0.05531966062 1207391.954 233717.5381 38 
0.05683526776 1253267.38 198068.7836 52 
0.05835087491 1298979.722 234605.3081 41 
0.05986648205 1790392.687 266168.9692 63 
0.06138208919 986098.2205 203013.7976 34 
0.06289769633 1041153.779 172284.2787 53 
0.06441330347 1056717.569 177305.3434 61 
0.06592891061 799604.0989 137172.6758 61 
0.06744451775 815943.2602 152597.0365 48 
0.06896012489 557003.7862 110033.3058 50 
0.07047573203 300613.8392 66457.55664 44 
0.07199133917 440494.4129 97878.94043 68 
0.07350694631 323954.6106 65715.84384 63 
0.07502255345 245531.829 79125.58089 47 
0.07653816059 108744.193 28287.87859 51 
0.07805376773 160487.2012 42151.25461 48 
0.07956937487 131089.8611 33793.07723 62 
0.08108498201 124875.8846 26135.3505 55 
0.08260058915 128356.8655 22827.40967 63 
0.08411619629 123294.5586 24847.34322 48 
0.08563180343 201721.7865 30884.24653 70 
0.08714741057 210908.7587 32087.97643 59 
0.08866301771 159057.7685 25919.26692 50 
0.09017862485 224583.2007 34182.6635 58 
0.09169423199 256644.4174 33823.50161 74 
0.09320983913 173997.6815 29820.72217 51 
0.09472544627 148415.6393 25048.17671 52 
0.09624105341 156093.292 26013.71409 62 
0.09775666056 148667.274 26051.14735 55 
0.0992722677 108213.9568 20258.48072 49 
0.1007878748 116663.8235 20713.24678 55 
0.102303482 68583.91307 15009.21646 48 
0.1038190891 71503.75257 15271.60693 59 
0.1053346963 51969.05579 12183.40946 50 
0.1068503034 48612.22362 10769.68433 53 
0.1083659105 30357.85279 7766.821491 49 
0.1098815177 22847.83024 5365.675765 41 
0.1113971248 26365.91376 5522.916345 51 
0.112912732 32713.48226 6608.14059 55 
0.1144283391 21333.03289 4583.073469 36 
0.1159439462 26103.99592 4996.596611 46 
0.1174595534 31713.1967 5672.854659 44 
0.1189751605 34173.82711 6292.456416 44 
0.1204907677 41639.41803 7165.315539 44 
0.1220063748 42276.40646 6730.513312 56 
0.1235219819 30938.94914 6050.296072 35 
0.1250375891 40457.12198 6873.272574 44 
0.1265531962 29233.54245 5924.32624 34 
0.1280688034 32019.60861 6013.994774 43 
0.1295844105 29056.11165 5841.257751 41 
0.1311000176 23169.96573 4727.00108 43 
0.1326156248 20210.25833 4484.371739 32 
0.1341312319 20680.18473 4114.66884 43 
0.1356468391 16041.36202 3713.537265 40 
0.1371624462 8449.798697 2490.787007 32 
0.1386780533 8072.40993 1913.416355 39 
0.1401936605 8185.97287 2357.009838 35 
0.1417092676 5086.869009 1392.383881 35 
0.1432248748 9467.219651 2617.524763 34 
0.1447404819 4924.486596 1079.45973 31 
0.146256089 6982.42954 1490.240945 30 
0.1477716962 4372.592429 1348.728153 22 
0.1492873033 13361.8607 2462.772589 40 
0.1508029105 10927.09639 2119.464756 34 
