# Format: McCode with text headers
# URL: http://www.mccode.org
# Creator:  3.8.5, git
# Instrument: eqsans_sans.instr
# Ncount: 10000000
# Trace: no
# Gravitation: no
# Seed: 1790181822714008
# Directory: /Users/georgeyumnam/WORK/PANRAID/PaNRAID-results/Group2/panraidproject/scan_sans_sample/x-07_y+20
# Param: gx=-0.007
# Param: gy=0.02
# Param: sample_on=1
# Param: R_sphere=100
# Param: Phi=0.01
# Param: bs_radius=0
# Param: samp_ap=0.01
# Date: Wed Sep 23 18:44:16 2026 (1790181856)
# type: array_1d(100)
# Source: EQ_SANS_sample (eqsans_sans.instr)
# component: qmon
# position: 0 0 22.281
# title: QMonitor - Distribution in q (Radially averaged)
# Ncount: 10000000
# filename: qdet.dat
# statistics: X0=0.0155199; dX=0.00937808;
# signal: Min=0; Max=2.3459e+08; Mean=1.5023e+07;
# values: 1.5023e+09 1.82923e+08 2601
# xvar: q
# yvar: (I,I_err)
# xlabel: q [1 / AA]
# ylabel: I(q)
# xlimits: 0 0.151561
# variables: q I I_err N
0.0007578035702 0 0 0 
0.002273410711 0 0 0 
0.003789017851 31102729.47 31102729.47 1 
0.005304624991 111300327.5 66261157.58 3 
0.006820232132 234590069.9 116801517.8 6 
0.008335839272 82851903.7 35088464.79 6 
0.009851446413 63017098.89 39194140.26 3 
0.01136705355 48102522 30710263.8 4 
0.01288266069 123842718.6 51569139.76 7 
0.01439826783 122804548.2 62114151.88 7 
0.01591387497 94959840.89 35359472.99 10 
0.01742948211 92625247.59 33820289.17 11 
0.01894508925 75148410.58 26391264.06 12 
0.0204606964 126653117.5 36821104.25 17 
0.02197630354 49484022.34 18776977.87 13 
0.02349191068 38221842.69 14859620.14 14 
0.02500751782 33400096.87 10851887.4 14 
0.02652312496 45854400.93 15668983.62 14 
0.0280387321 31331065.02 12657836.45 14 
0.02955433924 9389634.071 4615336.725 8 
0.03106994638 19274283.36 6087759.962 15 
0.03258555352 23596380.38 7764266.769 20 
0.03410116066 8354769.741 3301815.427 16 
0.0356167678 4296671.724 2071864.666 12 
0.03713237494 5762840.82 2912282.204 17 
0.03864798208 3171543.084 1359857.455 15 
0.04016358922 2326317.767 657219.2889 29 
0.04167919636 2212700.161 1463330.899 22 
0.0431948035 2130400.959 891207.8414 25 
0.04471041064 695242.8847 417139.9793 26 
0.04622601778 1419288.709 472725.7384 38 
0.04774162492 720371.973 252537.7804 33 
0.04925723206 700238.5903 174892.9777 32 
0.0507728392 735154.5157 161136.5426 37 
0.05228844634 893950.9091 195605.9613 35 
0.05380405348 587463.3295 150405.9347 25 
0.05531966062 1031389.906 218760.9434 32 
0.05683526776 748123.1026 196819.3431 23 
0.05835087491 881077.4257 179127.782 34 
0.05986648205 1107945.446 215410.5494 38 
0.06138208919 755759.6964 151741.2098 32 
0.06289769633 579021.7392 126751.5073 34 
0.06441330347 684679.3772 144427.1055 32 
0.06592891061 553303.4202 114446.0724 39 
0.06744451775 506744.5965 116453.9231 33 
0.06896012489 538511.56 125760.5267 43 
0.07047573203 375385.6243 101388.9877 31 
0.07199133917 232617.1942 61987.36202 37 
0.07350694631 277620.229 94118.47692 41 
0.07502255345 184927.4999 52296.55943 39 
0.07653816059 67259.17678 19980.27259 39 
0.07805376773 43537.44188 10393.03233 50 
0.07956937487 79485.26932 16209.07771 53 
0.08108498201 69349.63418 17671.59536 35 
0.08260058915 101770.4458 21812.7675 46 
0.08411619629 135241.1097 24942.96697 47 
0.08563180343 88218.44262 21165.61734 28 
0.08714741057 108637.5562 22132.38909 34 
0.08866301771 97882.62063 20328.64235 32 
0.09017862485 137601.1261 25296.16562 41 
0.09169423199 154532.898 27454.91677 42 
0.09320983913 162006.9388 28456.28698 42 
0.09472544627 112298.4471 22862.40227 36 
0.09624105341 115056.958 21331.77812 43 
0.09775666056 76112.35826 16109.47256 34 
0.0992722677 100482.5108 19286.29294 44 
0.1007878748 63815.42465 15580.85403 35 
0.102303482 50745.55255 13658.59709 29 
0.1038190891 36252.25645 11030.43847 32 
0.1053346963 31734.51994 8679.807239 31 
0.1068503034 31523.42317 9165.213101 35 
0.1083659105 14188.50066 4471.438044 28 
0.1098815177 8737.002143 3182.059428 23 
0.1113971248 15090.95413 4002.10101 30 
0.112912732 9686.034507 2615.607223 27 
0.1144283391 23807.15874 5414.387765 33 
0.1159439462 11603.35523 3217.309056 27 
0.1174595534 32151.20713 5938.573143 40 
0.1189751605 28226.8283 5709.174338 36 
0.1204907677 24277.5527 5350.695046 28 
0.1220063748 32493.56207 6523.879693 31 
0.1235219819 30529.98978 6265.489338 30 
0.1250375891 28141.20172 5504.472265 30 
0.1265531962 40604.59725 7497.252054 37 
0.1280688034 19670.61519 5046.625068 22 
0.1295844105 17023.93068 4026.903541 29 
0.1311000176 14721.98536 4013.282415 23 
0.1326156248 12557.2007 3171.08077 29 
0.1341312319 12381.51844 3609.036671 23 
0.1356468391 9702.406442 2846.562297 30 
0.1371624462 5017.317993 1758.559627 19 
0.1386780533 6013.352608 1914.24941 25 
0.1401936605 2319.36137 769.241993 20 
0.1417092676 2401.775628 962.4698121 16 
0.1432248748 3759.844172 1189.933871 18 
0.1447404819 5300.912712 1517.629653 24 
0.146256089 3331.239819 1094.171749 18 
0.1477716962 3267.694704 934.5174495 21 
0.1492873033 3080.90986 1116.539372 14 
0.1508029105 2889.745985 971.7903822 13 
