# Format: McCode with text headers
# URL: http://www.mccode.org
# Creator:  3.8.5, git
# Instrument: eqsans_sans.instr
# Ncount: 10000000
# Trace: no
# Gravitation: no
# Seed: 1790181686927660
# Directory: /Users/georgeyumnam/WORK/PANRAID/PaNRAID-results/Group2/panraidproject/scan_sans_sample/x-07_y-16
# Param: gx=-0.007
# Param: gy=-0.016
# Param: sample_on=1
# Param: R_sphere=100
# Param: Phi=0.01
# Param: bs_radius=0
# Param: samp_ap=0.01
# Date: Wed Sep 23 18:42:02 2026 (1790181722)
# type: array_1d(100)
# Source: EQ_SANS_sample (eqsans_sans.instr)
# component: qmon
# position: 0 0 22.281
# title: QMonitor - Distribution in q (Radially averaged)
# Ncount: 10000000
# filename: qdet.dat
# statistics: X0=0.0099206; dX=0.00989628;
# signal: Min=2935.3; Max=6.41242e+08; Mean=2.86657e+07;
# values: 2.86657e+09 7.12936e+08 3232
# xvar: q
# yvar: (I,I_err)
# xlabel: q [1 / AA]
# ylabel: I(q)
# xlimits: 0 0.151561
# variables: q I I_err N
0.0007578035702 641241870.7 641241870.7 1 
0.002273410711 292131218.7 207548986.4 2 
0.003789017851 89825939.57 75381229.82 2 
0.005304624991 251248080.5 128649075.3 5 
0.006820232132 167058153.5 98009478.4 4 
0.008335839272 223660129.9 94473640.38 7 
0.009851446413 79120719.1 37295786.81 5 
0.01136705355 199777194.3 69459568.56 11 
0.01288266069 145258695.1 53178226.89 10 
0.01439826783 113989845.6 46485320.06 9 
0.01591387497 93305257.14 37572411.81 8 
0.01742948211 75506743.55 36002887.32 8 
0.01894508925 81437521.37 27422621.2 13 
0.0204606964 54614266.78 17032503.19 13 
0.02197630354 31724192.36 9877944.035 12 
0.02349191068 101370181.6 25798693.03 24 
0.02500751782 24978016.1 11668557.29 11 
0.02652312496 24873101.37 7448565.238 19 
0.0280387321 25040548.27 9748703.869 16 
0.02955433924 32793572.32 10074421.43 22 
0.03106994638 30918363.75 7597173.325 25 
0.03258555352 32508456 8481777.997 30 
0.03410116066 9515657.934 2473352.274 25 
0.0356167678 4839138.918 1605923.146 22 
0.03713237494 7648476.448 3431730.686 16 
0.03864798208 3190760.299 805164.8058 31 
0.04016358922 4686579.838 2284305.385 34 
0.04167919636 2789346.784 1238517.176 25 
0.0431948035 2054436.923 1096345.365 32 
0.04471041064 1014660.458 502015.6035 20 
0.04622601778 433294.4161 113849.5477 32 
0.04774162492 280360.456 86017.40767 22 
0.04925723206 1195965.096 407505.303 35 
0.0507728392 828886.7352 186703.011 32 
0.05228844634 852288.6212 179654.8186 37 
0.05380405348 1266169.006 246102.1277 44 
0.05531966062 1166719.874 229895.3193 40 
0.05683526776 1301804.734 234012.2118 44 
0.05835087491 1258288.907 224749.1397 43 
0.05986648205 897507.647 163004.8575 38 
0.06138208919 773469.3365 141298.1983 38 
0.06289769633 1074927.023 203282.0107 45 
0.06441330347 977460.7181 173429.9079 49 
0.06592891061 1054050.927 170077.5932 62 
0.06744451775 535342.1852 120794.4114 44 
0.06896012489 691690.0338 139007.9207 55 
0.07047573203 311843.03 69740.22412 40 
0.07199133917 319754.3826 84589.653 44 
0.07350694631 261920.0937 66009.99642 48 
0.07502255345 197203.6791 58102.90956 46 
0.07653816059 127355.9785 34206.81662 44 
0.07805376773 58264.84274 16298.36605 42 
0.07956937487 78577.87491 17624.203 43 
0.08108498201 77554.79613 17242.02636 44 
0.08260058915 124277.8484 22592.10338 55 
0.08411619629 105150.5891 20422.56697 47 
0.08563180343 187478.4715 31425.7609 52 
0.08714741057 181805.0264 28472.20454 63 
0.08866301771 133970.2642 25591.39593 41 
0.09017862485 163982.1573 28566.01039 46 
0.09169423199 143478.7203 25158.5815 43 
0.09320983913 163584.3415 30740.78958 41 
0.09472544627 150821.8752 24721.85905 51 
0.09624105341 130741.8203 22830.75488 47 
0.09775666056 123906.6805 22791.90883 52 
0.0992722677 85781.41268 18068.86839 38 
0.1007878748 58755.08071 14660.13474 32 
0.102303482 44324.12258 10610.20825 42 
0.1038190891 30471.78768 8016.369972 36 
0.1053346963 26710.52937 7138.279792 31 
0.1068503034 33044.39995 7866.335073 50 
0.1083659105 28924.93822 6897.169541 55 
0.1098815177 19037.73686 4171.928367 44 
0.1113971248 20029.9809 4374.338618 41 
0.112912732 28054.8455 5294.025764 49 
0.1144283391 24709.81348 5280.252211 42 
0.1159439462 22002.14169 4651.778517 35 
0.1174595534 31803.03784 6041.208317 43 
0.1189751605 30993.44259 6055.264074 36 
0.1204907677 31383.77082 6147.842994 35 
0.1220063748 40526.01504 6924.033867 43 
0.1235219819 28967.52259 5363.670189 39 
0.1250375891 20381.3603 4797.606255 28 
0.1265531962 36101.8773 6484.472942 42 
0.1280688034 26987.0328 5550.339187 30 
0.1295844105 17725.61421 4408.745182 30 
0.1311000176 21254.42361 4885.303509 39 
0.1326156248 17983.0767 4083.557355 34 
0.1341312319 14594.74194 3671.617717 26 
0.1356468391 14415.04587 3766.73747 33 
0.1371624462 11603.52115 2717.069073 43 
0.1386780533 5295.073779 1749.364648 24 
0.1401936605 5143.49594 1626.16583 27 
0.1417092676 2935.298221 907.0493819 20 
0.1432248748 3822.623004 1035.041215 28 
0.1447404819 4137.98255 1327.138965 16 
0.146256089 5931.145585 1424.67354 28 
0.1477716962 7245.826945 1755.821075 31 
0.1492873033 5987.837787 1547.948815 19 
0.1508029105 9523.275163 1958.661572 32 
