# Format: McCode with text headers
# URL: http://www.mccode.org
# Creator:  3.8.5, git
# Instrument: eqsans_cylinder.instr
# Ncount: 5000000
# Trace: no
# Gravitation: no
# Seed: 1790193394411110
# Directory: /Users/georgeyumnam/WORK/PANRAID/PaNRAID-results/Group2/panraidproject/dataset_cylinder/cyl_000382
# Param: gx=0
# Param: gy=0
# Param: sample_on=1
# Param: bs_radius=0
# Param: samp_ap=0.01
# Param: sld=1.17177
# Param: sld_solvent=1
# Param: radius=110.653
# Param: length=269.723
# Param: pd_radius=0.201975
# Param: pd_length=0.17958
# Param: model_scale=1
# Param: model_abs=0
# Date: Wed Sep 23 21:56:52 2026 (1790193412)
# type: array_1d(100)
# Source: EQ_SANS_cylinder (eqsans_cylinder.instr)
# component: qmon
# position: 0 0 22.281
# title: QMonitor - Distribution in q (Radially averaged)
# Ncount: 5000000
# filename: qdet.dat
# statistics: X0=0.00955819; dX=0.00787098;
# signal: Min=1.03361e+09; Max=1.07912e+14; Mean=9.75587e+12;
# values: 9.75587e+14 2.90324e+13 257999
# xvar: q
# yvar: (I,I_err)
# xlabel: q [1 / AA]
# ylabel: I(q)
# xlimits: 0 0.151561
# variables: q I I_err N
0.0007578035702 8.700784231e+13 1.906564084e+13 37 
0.002273410711 1.079121451e+14 1.289410569e+13 139 
0.003789017851 9.07848209e+13 9.543224346e+12 187 
0.005304624991 8.980886747e+13 7.380154151e+12 297 
0.006820232132 9.705821808e+13 7.794374716e+12 411 
0.008335839272 8.019386848e+13 5.66429569e+12 443 
0.009851446413 6.696950888e+13 4.923684194e+12 523 
0.01136705355 6.612443113e+13 4.322525314e+12 575 
0.01288266069 6.10768635e+13 3.862060922e+12 749 
0.01439826783 4.378860335e+13 2.697527287e+12 780 
0.01591387497 3.73235419e+13 2.27141938e+12 847 
0.01742948211 3.156728069e+13 1.855524441e+12 947 
0.01894508925 2.788461665e+13 1.64851916e+12 1093 
0.0204606964 1.853548587e+13 1.121629594e+12 1107 
0.02197630354 1.684481017e+13 1.145017698e+12 1126 
0.02349191068 1.254618101e+13 7.331860538e+11 1301 
0.02500751782 9.09625418e+12 5.648477061e+11 1358 
0.02652312496 6.566309483e+12 3.889190552e+11 1424 
0.0280387321 4.695148656e+12 2.54218845e+11 1487 
0.02955433924 4.022337221e+12 2.393160715e+11 1674 
0.03106994638 2.58388404e+12 1.403628884e+11 1650 
0.03258555352 2.109608485e+12 1.29403007e+11 1821 
0.03410116066 1.63545331e+12 8.288353631e+10 1916 
0.0356167678 1.165949162e+12 4.737519549e+10 1945 
0.03713237494 1.030078283e+12 4.435201818e+10 2048 
0.03864798208 8.631817458e+11 3.33431164e+10 2101 
0.04016358922 7.101081402e+11 2.459625008e+10 2225 
0.04167919636 6.144978231e+11 2.01525872e+10 2231 
0.0431948035 5.515306176e+11 1.779920116e+10 2350 
0.04471041064 4.572718084e+11 1.442974987e+10 2339 
0.04622601778 4.138545771e+11 1.178682986e+10 2538 
0.04774162492 3.659534728e+11 1.047667419e+10 2591 
0.04925723206 3.39771111e+11 9442534723 2790 
0.0507728392 2.908124403e+11 7994978111 2854 
0.05228844634 2.561634928e+11 7033668808 2853 
0.05380405348 2.22229549e+11 5867395131 2855 
0.05531966062 2.002363517e+11 5212094172 3012 
0.05683526776 1.762393584e+11 4517996726 3076 
0.05835087491 1.649790477e+11 4087055424 3279 
0.05986648205 1.381087642e+11 3504833818 3225 
0.06138208919 1.267580845e+11 3041049902 3319 
0.06289769633 1.192153476e+11 2819609248 3489 
0.06441330347 1.081943406e+11 2557320246 3588 
0.06592891061 9.595367659e+10 2228946886 3564 
0.06744451775 8.676842524e+10 1995281874 3577 
0.06896012489 7.848940078e+10 1789281556 3625 
0.07047573203 7.058440858e+10 1603753826 3677 
0.07199133917 6.135233538e+10 1372470654 3658 
0.07350694631 5.874653109e+10 1304991512 3776 
0.07502255345 5.289786659e+10 1171346852 3751 
0.07653816059 5.278495252e+10 1147192924 3906 
0.07805376773 4.526472922e+10 979382741.2 3871 
0.07956937487 3.980886404e+10 860630703.9 3808 
0.08108498201 3.895577899e+10 808155519.3 3991 
0.08260058915 3.510701249e+10 748718220.6 3902 
0.08411619629 3.225681e+10 678586079.5 3950 
0.08563180343 3.060794731e+10 654515645.8 3931 
0.08714741057 2.75174988e+10 579033176.8 3921 
0.08866301771 2.562595597e+10 540866268.7 3978 
0.09017862485 2.336991414e+10 495712284.8 3916 
0.09169423199 2.237600389e+10 467320388.4 4004 
0.09320983913 2.031478474e+10 422257657.8 3962 
0.09472544627 1.844372587e+10 387286341 3906 
0.09624105341 1.677816167e+10 357563380.4 3759 
0.09775666056 1.580927856e+10 334175929.1 3775 
0.0992722677 1.480263662e+10 312234021.3 3817 
0.1007878748 1.366074836e+10 289607456.5 3704 
0.102303482 1.216041366e+10 259723300.9 3639 
0.1038190891 1.166275325e+10 250385569.1 3608 
0.1053346963 1.102214063e+10 232972527.1 3625 
0.1068503034 9921141544 216855992.5 3485 
0.1083659105 9295154351 198890974.6 3547 
0.1098815177 8479983027 187367995.1 3328 
0.1113971248 7858228109 171400859.4 3382 
0.112912732 7262025091 161370014.2 3195 
0.1144283391 7091907620 156915666.3 3322 
0.1159439462 6664582686 147422769 3292 
0.1174595534 5819125442 131276057.1 3138 
0.1189751605 5788902741 129616211 3215 
0.1204907677 5102316655 115956014.1 3038 
0.1220063748 4645786201 108002885.9 2920 
0.1235219819 4308529087 102549220.7 2832 
0.1250375891 4144095423 98569496.5 2816 
0.1265531962 3647766228 87783686.47 2709 
0.1280688034 3393140140 82169650.55 2659 
0.1295844105 3072507351 75527163.52 2544 
0.1311000176 3036327344 74953196.29 2558 
0.1326156248 2689302462 67140525.08 2444 
0.1341312319 2450434568 62514194.35 2369 
0.1356468391 2272436925 58966445.81 2268 
0.1371624462 2045990373 54069889.87 2196 
0.1386780533 1960602804 51213629.3 2206 
0.1401936605 1863730445 48912867.07 2190 
0.1417092676 1601921703 44146752.38 1975 
0.1432248748 1553491600 43328533.08 1970 
0.1447404819 1480507006 40902216.82 1978 
0.146256089 1358500244 38030577.11 1919 
0.1477716962 1275264111 36471727.28 1824 
0.1492873033 1175936109 33378175.78 1826 
0.1508029105 1033605882 31414651.4 1653 
