# Format: McCode with text headers
# URL: http://www.mccode.org
# Creator:  3.8.5, git
# Instrument: eqsans_cylinder.instr
# Ncount: 5000000
# Trace: no
# Gravitation: no
# Seed: 1790196036792173
# Directory: /Users/georgeyumnam/WORK/PANRAID/PaNRAID-results/Group2/panraidproject/dataset_cylinder/cyl_001855
# Param: gx=0
# Param: gy=0
# Param: sample_on=1
# Param: bs_radius=0
# Param: samp_ap=0.01
# Param: sld=4.03721
# Param: sld_solvent=1
# Param: radius=34.1437
# Param: length=545.659
# Param: pd_radius=0.293836
# Param: pd_length=0.09331
# Param: model_scale=1
# Param: model_abs=0
# Date: Wed Sep 23 22:40:55 2026 (1790196055)
# type: array_1d(120)
# Source: EQ_SANS_cylinder (eqsans_cylinder.instr)
# component: lambda_det
# position: 0 0 22.28
# title: Wavelength monitor
# Ncount: 5000000
# filename: lambda_det.dat
# statistics: X0=4.37709; dX=1.02769;
# signal: Min=0; Max=3.67594e+10; Mean=8.37183e+09;
# values: 1.00462e+12 8.59751e+09 288891
# xvar: L
# yvar: (I,I_err)
# xlabel: Wavelength [AA]
# ylabel: Intensity
# xlimits: 0 12
# variables: L I I_err N
0.05 0 0 0 
0.15 0 0 0 
0.25 0 0 0 
0.35 0 0 0 
0.45 0 0 0 
0.55 0 0 0 
0.65 0 0 0 
0.75 0 0 0 
0.85 0 0 0 
0.95 0 0 0 
1.05 0 0 0 
1.15 0 0 0 
1.25 0 0 0 
1.35 0 0 0 
1.45 0 0 0 
1.55 0 0 0 
1.65 0 0 0 
1.75 0 0 0 
1.85 0 0 0 
1.95 0 0 0 
2.05 0 0 0 
2.15 65501315.47 35237847.02 100 
2.25 126997121.8 66221585.5 150 
2.35 374426768.7 231426130.2 150 
2.45 508076005 163232236.3 350 
2.55 711481581.7 135009035.3 650 
2.65 4225954661 467964803 2600 
2.75 1.107769181e+10 732369847.4 8000 
2.85 2.918379985e+10 1543663960 15050 
2.95 3.635140569e+10 1642769755 19050 
3.05 3.420488492e+10 1493450771 16850 
3.15 3.113655919e+10 1342614367 15050 
3.25 3.280573791e+10 1457176963 14800 
3.35 3.372307845e+10 1418538427 14149 
3.45 3.391955035e+10 1550332169 12649 
3.55 3.24348478e+10 1387931061 12250 
3.65 3.630813705e+10 1448330638 13150 
3.75 3.675939468e+10 1572088716 11900 
3.85 3.169419103e+10 1641789948 9698 
3.95 3.300722976e+10 1733858626 8950 
4.05 3.64504704e+10 1645396586 10099 
4.15 2.917976891e+10 1845603496 8449 
4.25 2.553735917e+10 1351024321 6848 
4.35 2.620772326e+10 1312643962 6700 
4.45 2.829211402e+10 1408701219 6750 
4.55 2.778053544e+10 1452819173 6000 
4.65 3.264954875e+10 1757048150 6850 
4.75 3.091558207e+10 1602122079 6750 
4.85 2.695314222e+10 1614706483 5350 
4.95 2.50976074e+10 1274833949 4800 
5.05 2.267864379e+10 1216883894 4050 
5.15 2.795305841e+10 1411545421 4899 
5.25 2.385641297e+10 1415720256 3950 
5.35 2.287394147e+10 1259785504 3700 
5.45 1.884681048e+10 1311976839 2900 
5.55 1.972360051e+10 1077056791 3250 
5.65 2.342640202e+10 1222737146 3600 
5.75 1.696083321e+10 1122869372 2500 
5.85 1.974894438e+10 1435787000 2900 
5.95 2.081733407e+10 1275149125 2600 
6.05 2.013062557e+10 1117495639 2750 
6.15 1.568316755e+10 907757737.2 2250 
6.25 1.600269934e+10 1014311493 2100 
6.35 1.626402971e+10 1064894789 1900 
6.45 8033697087 834887456.7 950 
6.55 3421722841 480637454.7 400 
6.65 514290116.4 154111868.4 50 
6.75 0 0 0 
6.85 0 0 0 
6.95 0 0 0 
7.05 0 0 0 
7.15 0 0 0 
7.25 0 0 0 
7.35 0 0 0 
7.45 0 0 0 
7.55 0 0 0 
7.65 0 0 0 
7.75 0 0 0 
7.85 0 0 0 
7.95 0 0 0 
8.05 0 0 0 
8.15 0 0 0 
8.25 0 0 0 
8.35 0 0 0 
8.45 0 0 0 
8.55 0 0 0 
8.65 0 0 0 
8.75 0 0 0 
8.85 0 0 0 
8.95 0 0 0 
9.05 0 0 0 
9.15 0 0 0 
9.25 0 0 0 
9.35 0 0 0 
9.45 0 0 0 
9.55 0 0 0 
9.65 0 0 0 
9.75 0 0 0 
9.85 0 0 0 
9.95 0 0 0 
10.05 0 0 0 
10.15 0 0 0 
10.25 0 0 0 
10.35 0 0 0 
10.45 0 0 0 
10.55 0 0 0 
10.65 0 0 0 
10.75 0 0 0 
10.85 0 0 0 
10.95 0 0 0 
11.05 0 0 0 
11.15 0 0 0 
11.25 0 0 0 
11.35 0 0 0 
11.45 0 0 0 
11.55 0 0 0 
11.65 0 0 0 
11.75 0 0 0 
11.85 0 0 0 
11.95 0 0 0 
