# Format: McCode with text headers
# URL: http://www.mccode.org
# Creator:  3.8.5, git
# Instrument: eqsans_sans.instr
# Ncount: 10000000
# Trace: no
# Gravitation: no
# Seed: 1790185178467945
# Directory: /Users/georgeyumnam/WORK/PANRAID/PaNRAID-results/Group2/panraidproject/scan_sans_sample/x+17_y-03
# Param: gx=0.017
# Param: gy=-0.003
# Param: sample_on=1
# Param: R_sphere=100
# Param: Phi=0.01
# Param: bs_radius=0
# Param: samp_ap=0.01
# Date: Wed Sep 23 19:40:13 2026 (1790185213)
# type: array_1d(120)
# Source: EQ_SANS_sample (eqsans_sans.instr)
# component: lambda_det
# position: 0 0 22.28
# title: Wavelength monitor
# Ncount: 10000000
# filename: lambda_det.dat
# statistics: X0=4.31047; dX=1.00771;
# signal: Min=0; Max=7001.12; Mean=1026.16;
# values: 123139 8455.51 3961
# xvar: L
# yvar: (I,I_err)
# xlabel: Wavelength [AA]
# ylabel: Intensity
# xlimits: 0 12
# variables: L I I_err N
0.05 0 0 0 
0.15 0 0 0 
0.25 0 0 0 
0.35 0 0 0 
0.45 0 0 0 
0.55 0 0 0 
0.65 0 0 0 
0.75 0 0 0 
0.85 0 0 0 
0.95 0 0 0 
1.05 0 0 0 
1.15 0 0 0 
1.25 0 0 0 
1.35 0 0 0 
1.45 0 0 0 
1.55 0 0 0 
1.65 0 0 0 
1.75 0 0 0 
1.85 0 0 0 
1.95 0 0 0 
2.05 0 0 0 
2.15 0 0 0 
2.25 0 0 0 
2.35 0.03135463527 0.03797422258 2 
2.45 0.02544216445 0.02544216445 1 
2.55 16.44940939 11.34205248 12 
2.65 849.6891867 854.9046191 27 
2.75 2623.672938 1296.893208 56 
2.85 2050.793253 921.8558937 142 
2.95 3299.264626 1213.060996 262 
3.05 6882.842779 2141.626401 248 
3.15 2327.370353 913.9894822 234 
3.25 3014.745117 1530.146317 216 
3.35 7001.116957 2086.927829 233 
3.45 5109.050979 1605.254085 192 
3.55 4433.277678 1558.982868 171 
3.65 1075.383818 404.7785804 139 
3.75 4609.365645 1690.784974 149 
3.85 4178.872854 1736.913692 133 
3.95 4249.151375 1374.477505 152 
4.05 4448.819532 1579.813008 136 
4.15 5686.229252 2080.88211 110 
4.25 4379.872774 1426.980827 130 
4.35 6540.97793 2228.911245 117 
4.45 5579.366699 1918.393909 108 
4.55 2183.354703 1007.043411 89 
4.65 2366.330829 1116.196121 75 
4.75 3401.128727 1263.104936 71 
4.85 2011.254472 1105.828886 73 
4.95 3198.868115 1348.776362 70 
5.05 3124.583813 1216.559127 54 
5.15 2708.595637 1434.873282 49 
5.25 3988.401439 1448.796787 55 
5.35 892.0048232 360.6647895 50 
5.45 1714.301986 888.275295 48 
5.55 753.0145555 455.1888145 36 
5.65 1958.120855 1282.270478 49 
5.75 2948.835632 1272.836896 32 
5.85 1796.577589 1150.891134 38 
5.95 2581.366025 1434.882372 34 
6.05 1852.726729 1272.547403 33 
6.15 1101.979452 528.9793003 30 
6.25 1198.386525 589.2187749 26 
6.35 2836.993089 1208.536715 28 
6.45 962.4879983 725.24366 24 
6.55 688.4469576 460.9079994 24 
6.65 515.3516988 587.423537 3 
6.75 0 0 0 
6.85 0 0 0 
6.95 0 0 0 
7.05 0 0 0 
7.15 0 0 0 
7.25 0 0 0 
7.35 0 0 0 
7.45 0 0 0 
7.55 0 0 0 
7.65 0 0 0 
7.75 0 0 0 
7.85 0 0 0 
7.95 0 0 0 
8.05 0 0 0 
8.15 0 0 0 
8.25 0 0 0 
8.35 0 0 0 
8.45 0 0 0 
8.55 0 0 0 
8.65 0 0 0 
8.75 0 0 0 
8.85 0 0 0 
8.95 0 0 0 
9.05 0 0 0 
9.15 0 0 0 
9.25 0 0 0 
9.35 0 0 0 
9.45 0 0 0 
9.55 0 0 0 
9.65 0 0 0 
9.75 0 0 0 
9.85 0 0 0 
9.95 0 0 0 
10.05 0 0 0 
10.15 0 0 0 
10.25 0 0 0 
10.35 0 0 0 
10.45 0 0 0 
10.55 0 0 0 
10.65 0 0 0 
10.75 0 0 0 
10.85 0 0 0 
10.95 0 0 0 
11.05 0 0 0 
11.15 0 0 0 
11.25 0 0 0 
11.35 0 0 0 
11.45 0 0 0 
11.55 0 0 0 
11.65 0 0 0 
11.75 0 0 0 
11.85 0 0 0 
11.95 0 0 0 
