# Format: McCode with text headers
# URL: http://www.mccode.org
# Creator:  3.8.5, git
# Instrument: eqsans_sans.instr
# Ncount: 10000000
# Trace: no
# Gravitation: no
# Seed: 1790183185208155
# Directory: /Users/georgeyumnam/WORK/PANRAID/PaNRAID-results/Group2/panraidproject/scan_sans_sample/x+03_y-02
# Param: gx=0.003
# Param: gy=-0.002
# Param: sample_on=1
# Param: R_sphere=100
# Param: Phi=0.01
# Param: bs_radius=0
# Param: samp_ap=0.01
# Date: Wed Sep 23 19:07:00 2026 (1790183220)
# type: array_1d(100)
# Source: EQ_SANS_sample (eqsans_sans.instr)
# component: qmon
# position: 0 0 22.281
# title: QMonitor - Distribution in q (Radially averaged)
# Ncount: 10000000
# filename: qdet.dat
# statistics: X0=0.012567; dX=0.0101973;
# signal: Min=8532.01; Max=6.08872e+08; Mean=5.77002e+07;
# values: 5.77002e+09 6.05079e+08 7842
# xvar: q
# yvar: (I,I_err)
# xlabel: q [1 / AA]
# ylabel: I(q)
# xlimits: 0 0.151561
# variables: q I I_err N
0.0007578035702 608872112.4 431542791.3 2 
0.002273410711 599051554.7 281172916.1 5 
0.003789017851 126963206.1 94711324.53 3 
0.005304624991 441446095.6 166669522.8 10 
0.006820232132 403968286 135291285 12 
0.008335839272 256343385.5 87613659.28 11 
0.009851446413 293123907.9 78039194.33 18 
0.01136705355 357390129.8 87277196.84 22 
0.01288266069 422752461.5 92356474.6 29 
0.01439826783 360272448.9 81871651.63 25 
0.01591387497 186399935.1 46742788.92 22 
0.01742948211 296301485.5 60653967.52 38 
0.01894508925 252007326.4 51979857.66 37 
0.0204606964 136309482.4 34685029.58 25 
0.02197630354 199870281.6 36084998.43 44 
0.02349191068 148545571.3 25116232.8 56 
0.02500751782 115535636.6 25260702.83 39 
0.02652312496 108984969.1 23779046.99 40 
0.0280387321 112052396.2 22679260.17 57 
0.02955433924 70647130.92 13039977.74 51 
0.03106994638 65839612.32 13685252.82 56 
0.03258555352 42314381.86 8496493.248 55 
0.03410116066 31157393.92 9271108.857 43 
0.0356167678 32872138.68 6968900.289 72 
0.03713237494 13396280.3 3600021.452 58 
0.03864798208 12135720.71 3068167.399 65 
0.04016358922 14740401.26 3683560.939 68 
0.04167919636 4577606.903 1739746.873 58 
0.0431948035 3894962.128 911345.3519 81 
0.04471041064 2009911.83 668484.7585 67 
0.04622601778 5743768.866 1817783.675 89 
0.04774162492 2130758.609 397454.2044 88 
0.04925723206 2089154.751 441307.4914 76 
0.0507728392 2106530.148 319644.0926 87 
0.05228844634 2406423.063 327528.112 91 
0.05380405348 3593082.428 444368.3075 125 
0.05531966062 2962908.362 350309.283 98 
0.05683526776 2216327.308 273919.0016 89 
0.05835087491 2587721.007 310107.4111 99 
0.05986648205 2812266.151 336198.3067 95 
0.06138208919 2856175.149 326112.4889 109 
0.06289769633 2539204.764 286783.9808 118 
0.06441330347 2146144.099 261802.9175 114 
0.06592891061 1645886.002 218311.0753 104 
0.06744451775 1666435.994 212429.9591 115 
0.06896012489 1327716.676 180550.2881 124 
0.07047573203 925040.361 140928.4935 111 
0.07199133917 686345.9734 119434.653 97 
0.07350694631 261631.5255 48662.8492 92 
0.07502255345 377597.6619 64141.73554 116 
0.07653816059 307682.5667 52891.27619 128 
0.07805376773 327192.1556 71282.6655 133 
0.07956937487 242637.7641 35729.22819 123 
0.08108498201 273791.6456 38882.90492 126 
0.08260058915 306379.3531 41454.44272 116 
0.08411619629 303215.3338 36182.04248 118 
0.08563180343 341598.3267 38314.77353 129 
0.08714741057 340089.6002 39438.22908 106 
0.08866301771 344709.6002 38306.11253 120 
0.09017862485 337057.0806 38974.56397 96 
0.09169423199 413576.3628 43560.1158 115 
0.09320983913 392748.2484 41945.91432 118 
0.09472544627 437071.269 45400.55832 127 
0.09624105341 354606.9668 38718.20828 124 
0.09775666056 283924.0379 32585.27945 116 
0.0992722677 235223.9067 29297.66477 114 
0.1007878748 194871.8762 26164.0152 100 
0.102303482 146170.0365 22851.789 105 
0.1038190891 121642.201 18704.01788 105 
0.1053346963 110527.5544 16441.93981 111 
0.1068503034 96555.23062 14373.792 110 
0.1083659105 54261.45807 9401.88695 92 
0.1098815177 58528.03225 7939.837876 112 
0.1113971248 59831.9013 9182.735612 102 
0.112912732 55609.86633 10404.77945 105 
0.1144283391 43087.16032 6326.285377 83 
0.1159439462 72904.48325 9381.490828 92 
0.1174595534 53785.5241 7368.908671 84 
0.1189751605 94296.67327 11143.54572 102 
0.1204907677 81539.30443 10109.2741 85 
0.1220063748 83930.84475 10044.06206 93 
0.1235219819 100417.0857 11177.89978 109 
0.1250375891 59862.0181 7955.371049 77 
0.1265531962 70609.99866 8998.51665 87 
0.1280688034 71168.97795 8882.851076 86 
0.1295844105 39152.33325 6162.439501 63 
0.1311000176 37272.59191 6148.459998 65 
0.1326156248 24072.72947 4371.718683 56 
0.1341312319 25701.66503 5017.885147 68 
0.1356468391 18856.42157 3766.217228 61 
0.1371624462 24154.47509 4082.38052 75 
0.1386780533 14780.68201 2965.076709 62 
0.1401936605 15232.70152 3181.100306 61 
0.1417092676 9110.933162 1874.386865 51 
0.1432248748 17158.98152 2670.73256 64 
0.1447404819 8532.009059 1794.747318 48 
0.146256089 11866.89475 2094.271212 54 
0.1477716962 15276.24991 2450.314412 61 
0.1492873033 12713.7747 2119.240885 51 
0.1508029105 15400.71819 2675.780079 47 
