# Format: McCode with text headers
# URL: http://www.mccode.org
# Creator:  3.8.5, git
# Instrument: eqsans_sans.instr
# Ncount: 10000000
# Trace: no
# Gravitation: no
# Seed: 1790181512110175
# Directory: /Users/georgeyumnam/WORK/PANRAID/PaNRAID-results/Group2/panraidproject/scan_sans_sample/x-09_y+16
# Param: gx=-0.009
# Param: gy=0.016
# Param: sample_on=1
# Param: R_sphere=100
# Param: Phi=0.01
# Param: bs_radius=0
# Param: samp_ap=0.01
# Date: Wed Sep 23 18:39:06 2026 (1790181546)
# type: array_1d(100)
# Source: EQ_SANS_sample (eqsans_sans.instr)
# component: qmon
# position: 0 0 22.281
# title: QMonitor - Radially averaged distribution
# Ncount: 10000000
# filename: rdet.dat
# statistics: X0=0.0756584; dX=0.053425;
# signal: Min=0; Max=8.05632e+07; Mean=8.35953e+06;
# values: 8.35953e+08 9.22383e+07 1895
# xvar: r
# yvar: (I,I_err)
# xlabel: Radius [m]
# ylabel: I(r)
# xlimits: 0 0.5
# variables: r I I_err N
0.0025 0 0 0 
0.0075 0 0 0 
0.0125 48993211.73 34964041.77 2 
0.0175 40768606.28 40768606.28 1 
0.0225 21018234.73 21018234.73 1 
0.0275 24839259.25 24839259.25 1 
0.0325 54655102.02 28541416.44 4 
0.0375 38874864.52 22988297.59 3 
0.0425 25358821.72 18701447.59 2 
0.0475 80563201.11 28950948.3 9 
0.0525 41824446.63 19737369.21 5 
0.0575 49281759.69 19164345.72 7 
0.0625 38679430.63 17545504.84 6 
0.0675 31729211.6 14584984.53 5 
0.0725 13506489.17 8596130.16 3 
0.0775 23487402.27 10985712.33 5 
0.0825 18367761.84 9651435.722 4 
0.0875 15249214.74 7585001.187 5 
0.0925 19095152.87 7460950.963 8 
0.0975 3755761.297 2357810.359 3 
0.1025 24098843.3 8298811.495 9 
0.1075 15978239.32 5958006.524 10 
0.1125 19582187.23 7623804.609 10 
0.1175 25351967.25 7978910.208 14 
0.1225 22065326.55 6898499.098 15 
0.1275 21875648.37 7215759.908 14 
0.1325 7844201.495 3308094.006 10 
0.1375 13854311.66 4889060.432 15 
0.1425 7819587.437 3948120.271 10 
0.1475 7621080.808 2805338.379 13 
0.1525 14563022.04 4846929.644 16 
0.1575 3882498.547 2149915.544 8 
0.1625 5817075.658 2575672.48 15 
0.1675 7542230.34 2391862.599 17 
0.1725 10436372.85 3631369.834 15 
0.1775 3771008.77 2011880.222 10 
0.1825 4707700.239 1939652.015 16 
0.1875 4509529.991 1652088.17 23 
0.1925 1952150.399 1069774.724 13 
0.1975 3903669.406 1484161.384 18 
0.2025 2542106.46 1159747.92 17 
0.2075 1246404.911 549420.9088 19 
0.2125 2495869.054 1165524.573 20 
0.2175 1231236.613 719505.5095 11 
0.2225 425272.2083 228170.8201 11 
0.2275 768028.3362 344691.2458 16 
0.2325 660448.714 290357.3623 18 
0.2375 458203.9433 236494.4122 17 
0.2425 626953.773 360033.0627 14 
0.2475 815162.5076 353162.4643 23 
0.2525 685284.863 397831.3286 21 
0.2575 361538.3175 225781.928 16 
0.2625 310906.0344 107300.4306 18 
0.2675 503002.2317 182300.6147 25 
0.2725 475679.7093 223465.1955 17 
0.2775 383658.0711 167480.5465 29 
0.2825 655589.3786 244434.6046 27 
0.2875 375988.6395 169314.3286 16 
0.2925 174487.188 69112.97592 17 
0.2975 187759.5636 68975.82883 19 
0.3025 161898.2668 58518.05466 20 
0.3075 113893.3662 34860.47046 19 
0.3125 196236.0338 84036.52991 16 
0.3175 112394.4806 32706.27141 22 
0.3225 176254.4773 43649.0079 29 
0.3275 85760.97318 25757.97128 21 
0.3325 59036.67468 19715.55439 18 
0.3375 115489.2796 31634.17978 31 
0.3425 89483.75287 28264.87379 21 
0.3475 108556.0411 30486.88032 33 
0.3525 138082.0994 37458.14845 27 
0.3575 78115.59826 28699.319 19 
0.3625 66477.3866 22518.46638 28 
0.3675 116992.793 32736.07649 30 
0.3725 85275.30427 23246.85604 44 
0.3775 86605.72559 25633.42507 37 
0.3825 113207.0053 33029.90577 23 
0.3875 63334.90684 23707.06181 20 
0.3925 65011.22468 19419.93231 29 
0.3975 82178.84061 26265.37122 25 
0.4025 72394.29594 22729.28012 31 
0.4075 63085.53905 23394.71394 21 
0.4125 55700.59855 17531.29482 26 
0.4175 99215.75191 26310.42142 44 
0.4225 91361.85509 27514.98739 30 
0.4275 84365.5834 23033.14563 30 
0.4325 52830.25546 17914.88899 33 
0.4375 59669.03558 17590.8954 28 
0.4425 92707.72717 26361.07724 31 
0.4475 67477.10689 22707.0742 28 
0.4525 57455.38504 18320.44765 37 
0.4575 37398.7037 13160.86113 31 
0.4625 65010.57987 19056.2333 40 
0.4675 72701.53601 21456.82608 42 
0.4725 54416.73446 14175.80823 40 
0.4775 33106.72303 12167.00645 37 
0.4825 25799.02103 8975.603625 33 
0.4875 77519.50078 22118.18691 43 
0.4925 26660.63385 8543.594114 33 
0.4975 41566.12842 15746.06624 29 
