# Format: McCode with text headers
# URL: http://www.mccode.org
# Creator:  3.8.5, git
# Instrument: eqsans_sans.instr
# Ncount: 10000000
# Trace: no
# Gravitation: no
# Seed: 1790182096797875
# Directory: /Users/georgeyumnam/WORK/PANRAID/PaNRAID-results/Group2/panraidproject/scan_sans_sample/x-05_y+15
# Param: gx=-0.005
# Param: gy=0.015
# Param: sample_on=1
# Param: R_sphere=100
# Param: Phi=0.01
# Param: bs_radius=0
# Param: samp_ap=0.01
# Date: Wed Sep 23 18:48:51 2026 (1790182131)
# type: array_1d(100)
# Source: EQ_SANS_sample (eqsans_sans.instr)
# component: qmon
# position: 0 0 22.281
# title: QMonitor - Distribution in q (Radially averaged)
# Ncount: 10000000
# filename: qdet.dat
# statistics: X0=0.010904; dX=0.0102161;
# signal: Min=0; Max=6.07882e+08; Mean=2.98333e+07;
# values: 2.98333e+09 5.03977e+08 3784
# xvar: q
# yvar: (I,I_err)
# xlabel: q [1 / AA]
# ylabel: I(q)
# xlimits: 0 0.151561
# variables: q I I_err N
0.0007578035702 420868854.5 298041474 2 
0.002273410711 607882124.9 331266848.7 4 
0.003789017851 198526487.4 194302112.5 2 
0.005304624991 0 0 0 
0.006820232132 108161254.4 61617004.67 5 
0.008335839272 125373527.9 74034869.35 4 
0.009851446413 213051279.1 89416554.75 8 
0.01136705355 142577522.2 56423892.06 9 
0.01288266069 130138284.6 46755234.82 10 
0.01439826783 122578130.7 42176746.4 11 
0.01591387497 141524306.9 36100773.64 18 
0.01742948211 96385488.03 33689290.98 12 
0.01894508925 147611269.1 49666452.58 14 
0.0204606964 88730634.15 30876403.83 13 
0.02197630354 97789623.82 29868575.61 19 
0.02349191068 65516979.36 19562340.72 23 
0.02500751782 59052831.2 19413645.59 17 
0.02652312496 39881843.56 12725200.28 17 
0.0280387321 38775434.46 10287317.33 21 
0.02955433924 23228243.88 7270216.062 18 
0.03106994638 31873296.36 9894667.272 31 
0.03258555352 21575376.59 5392174.268 29 
0.03410116066 9453888.51 5706770.907 15 
0.0356167678 9797133.922 3947808.675 22 
0.03713237494 4722059.207 1369515.368 29 
0.03864798208 3640022.73 1270117.755 29 
0.04016358922 6302087.327 1900231.917 41 
0.04167919636 6201257.514 2761918.497 41 
0.0431948035 1220847.962 326447.0884 38 
0.04471041064 992387.9892 271853.5848 34 
0.04622601778 589211.4743 246189.7974 25 
0.04774162492 1007533.572 390034.3898 34 
0.04925723206 825580.2335 272708.3972 33 
0.0507728392 1117473.032 230044.6872 38 
0.05228844634 726734.7293 178444.656 27 
0.05380405348 1046235.353 209312.377 38 
0.05531966062 908190.8959 193185.6935 34 
0.05683526776 1256471.66 218924.4318 45 
0.05835087491 1435946.994 256930.383 45 
0.05986648205 1233677.903 218522.8852 44 
0.06138208919 1064468.563 190050.2 48 
0.06289769633 768056.7814 157231.218 38 
0.06441330347 995901.9805 178478.4417 53 
0.06592891061 770582.9745 159476.2722 48 
0.06744451775 645760.3668 123876.6691 54 
0.06896012489 507795.6764 112030.1598 44 
0.07047573203 501627.6003 96559.26942 57 
0.07199133917 338945.0066 92552.05556 54 
0.07350694631 272410.7294 68779.86053 61 
0.07502255345 204525.2841 55949.00239 62 
0.07653816059 121660.2569 44450.24856 46 
0.07805376773 185173.0019 46808.01491 73 
0.07956937487 145099.4246 28703.66569 61 
0.08108498201 119939.7684 22922.17617 63 
0.08260058915 108014.5944 22639.09185 52 
0.08411619629 168523.7043 27537.44627 61 
0.08563180343 134411.4125 27425.90396 44 
0.08714741057 196953.9846 29493.45801 62 
0.08866301771 188379.3616 27408.98697 60 
0.09017862485 207256.5921 29365.91238 61 
0.09169423199 187541.565 31036.7779 54 
0.09320983913 169336.1643 28128.52392 51 
0.09472544627 209261.7168 30648.85598 69 
0.09624105341 169194.5665 26979.01696 62 
0.09775666056 190535.3262 27644.07331 74 
0.0992722677 154739.5405 25305.38933 59 
0.1007878748 107590.5455 19875.52273 48 
0.102303482 75429.40417 13911.95866 58 
0.1038190891 69959.84739 13266.22311 62 
0.1053346963 49852.60322 10108.74668 58 
0.1068503034 56114.54795 10756.03577 58 
0.1083659105 32559.0373 8570.850391 40 
0.1098815177 34426.70741 7953.939227 50 
0.1113971248 37047.61234 7555.36513 55 
0.112912732 25406.0984 5216.838512 48 
0.1144283391 19225.664 4156.532141 39 
0.1159439462 37942.97072 6203.134628 57 
0.1174595534 39315.8548 7366.566521 51 
0.1189751605 46555.81408 7493.621484 49 
0.1204907677 40027.14944 7393.021762 42 
0.1220063748 39644.64568 6775.199373 46 
0.1235219819 37815.30503 6546.841763 45 
0.1250375891 49977.09844 8030.173045 52 
0.1265531962 33263.0889 6458.363832 34 
0.1280688034 29157.83592 5960.106361 32 
0.1295844105 29539.33832 6008.612318 40 
0.1311000176 26460.9747 5121.382552 42 
0.1326156248 23893.18655 5037.694343 43 
0.1341312319 8470.852299 2444.264376 31 
0.1356468391 13138.27385 3085.829699 39 
0.1371624462 14886.16134 3692.34175 43 
0.1386780533 7489.966412 2331.252597 30 
0.1401936605 4883.626913 1183.309243 34 
0.1417092676 8369.252322 1819.802852 37 
0.1432248748 3929.596502 1276.428818 23 
0.1447404819 4999.788184 1220.902571 28 
0.146256089 5655.086488 1502.128588 25 
0.1477716962 4489.010466 1120.78937 27 
0.1492873033 5084.897314 1390.955222 22 
0.1508029105 6165.937292 1512.532002 26 
