# Format: McCode with text headers
# URL: http://www.mccode.org
# Creator:  3.8.5, git
# Instrument: eqsans_cylinder.instr
# Ncount: 5000000
# Trace: no
# Gravitation: no
# Seed: 1790193037707888
# Directory: /Users/georgeyumnam/WORK/PANRAID/PaNRAID-results/Group2/panraidproject/dataset_cylinder/cyl_000185
# Param: gx=0
# Param: gy=0
# Param: sample_on=1
# Param: bs_radius=0
# Param: samp_ap=0.01
# Param: sld=3.78879
# Param: sld_solvent=1
# Param: radius=27.3527
# Param: length=335.381
# Param: pd_radius=0.024049
# Param: pd_length=0.118158
# Param: model_scale=1
# Param: model_abs=0
# Date: Wed Sep 23 21:50:55 2026 (1790193055)
# type: array_1d(120)
# Source: EQ_SANS_cylinder (eqsans_cylinder.instr)
# component: lambda_det
# position: 0 0 22.28
# title: Wavelength monitor
# Ncount: 5000000
# filename: lambda_det.dat
# statistics: X0=4.3254; dX=1.03531;
# signal: Min=0; Max=8.27403e+09; Mean=1.73173e+09;
# values: 2.07808e+11 8.62998e+08 292441
# xvar: L
# yvar: (I,I_err)
# xlabel: Wavelength [AA]
# ylabel: Intensity
# xlimits: 0 12
# variables: L I I_err N
0.05 0 0 0 
0.15 0 0 0 
0.25 0 0 0 
0.35 0 0 0 
0.45 0 0 0 
0.55 0 0 0 
0.65 0 0 0 
0.75 0 0 0 
0.85 0 0 0 
0.95 0 0 0 
1.05 0 0 0 
1.15 0 0 0 
1.25 0 0 0 
1.35 0 0 0 
1.45 0 0 0 
1.55 0 0 0 
1.65 0 0 0 
1.75 0 0 0 
1.85 0 0 0 
1.95 0 0 0 
2.05 0 0 0 
2.15 0 0 0 
2.25 0 0 0 
2.35 62977424.4 15680963.23 300 
2.45 177701329 24377044.22 650 
2.55 290874764.6 34587691.38 900 
2.65 955707942.4 58673277.96 2700 
2.75 2574715116 91220189.52 7299 
2.85 5692504015 139983714.8 15400 
2.95 7844891277 168908202.1 19750 
3.05 7619039542 158521494.4 18100 
3.15 8274034715 168915966.5 17400 
3.25 7778376501 165743625.2 15800 
3.35 7700119448 162531118.4 14899 
3.45 6681984115 150037639.3 12750 
3.55 7581825776 167181156.7 13249 
3.65 7474703097 155038228.9 12850 
3.75 7391025347 164610171.9 11350 
3.85 6137324657 143917384.8 9350 
3.95 6756519347 149253274.7 9799 
4.05 7306958614 161714461.2 9949 
4.15 6166819258 143445182.2 8200 
4.25 6305921303 146696607.1 7900 
4.35 5990135596 145585472.4 6850 
4.45 6485188159 147249571 7500 
4.55 5981473457 146558177.3 6449 
4.65 6132533287 152033776.5 6150 
4.75 5761403036 141164041.2 5900 
4.85 5698294964 142839151.1 5500 
4.95 4125750023 125463767.6 3649 
5.05 4770618127 125456412.1 4400 
5.15 4342043339 131437765.2 3600 
5.25 3910235171 121137403.9 3349 
5.35 4372823848 128026603.1 3700 
5.45 3564724691 113237788.2 2950 
5.55 3682357705 116010674.8 2900 
5.65 4991418517 138543130.8 3600 
5.75 3008030640 109130858.8 2100 
5.85 3542109517 113401731.4 2500 
5.95 3328630540 116094887.7 2149 
6.05 3310405370 116712055.6 2150 
6.15 4246738147 130144965.8 2700 
6.25 3074571380 113467490.9 1850 
6.35 2868082759 109157336.4 1700 
6.45 2304863960 96653975.62 1350 
6.55 1285763080 74248997.56 700 
6.65 255591706.6 31866900.4 150 
6.75 0 0 0 
6.85 0 0 0 
6.95 0 0 0 
7.05 0 0 0 
7.15 0 0 0 
7.25 0 0 0 
7.35 0 0 0 
7.45 0 0 0 
7.55 0 0 0 
7.65 0 0 0 
7.75 0 0 0 
7.85 0 0 0 
7.95 0 0 0 
8.05 0 0 0 
8.15 0 0 0 
8.25 0 0 0 
8.35 0 0 0 
8.45 0 0 0 
8.55 0 0 0 
8.65 0 0 0 
8.75 0 0 0 
8.85 0 0 0 
8.95 0 0 0 
9.05 0 0 0 
9.15 0 0 0 
9.25 0 0 0 
9.35 0 0 0 
9.45 0 0 0 
9.55 0 0 0 
9.65 0 0 0 
9.75 0 0 0 
9.85 0 0 0 
9.95 0 0 0 
10.05 0 0 0 
10.15 0 0 0 
10.25 0 0 0 
10.35 0 0 0 
10.45 0 0 0 
10.55 0 0 0 
10.65 0 0 0 
10.75 0 0 0 
10.85 0 0 0 
10.95 0 0 0 
11.05 0 0 0 
11.15 0 0 0 
11.25 0 0 0 
11.35 0 0 0 
11.45 0 0 0 
11.55 0 0 0 
11.65 0 0 0 
11.75 0 0 0 
11.85 0 0 0 
11.95 0 0 0 
