# Format: McCode with text headers
# URL: http://www.mccode.org
# Creator:  3.8.5, git
# Instrument: eqsans_cylinder.instr
# Ncount: 5000000
# Trace: no
# Gravitation: no
# Seed: 1790195371258071
# Directory: /Users/georgeyumnam/WORK/PANRAID/PaNRAID-results/Group2/panraidproject/dataset_cylinder/cyl_001483
# Param: gx=0
# Param: gy=0
# Param: sample_on=1
# Param: bs_radius=0
# Param: samp_ap=0.01
# Param: sld=1.95715
# Param: sld_solvent=1
# Param: radius=78.9541
# Param: length=514.353
# Param: pd_radius=0.099303
# Param: pd_length=0.065353
# Param: model_scale=1
# Param: model_abs=0
# Date: Wed Sep 23 22:29:48 2026 (1790195388)
# type: array_1d(100)
# Source: EQ_SANS_cylinder (eqsans_cylinder.instr)
# component: qmon
# position: 0 0 22.281
# title: QMonitor - Distribution in q (Radially averaged)
# Ncount: 5000000
# filename: qdet.dat
# statistics: X0=0.0103884; dX=0.00898139;
# signal: Min=4.03932e+10; Max=2.19878e+15; Mean=2.24512e+14;
# values: 2.24512e+16 5.63498e+14 258945
# xvar: q
# yvar: (I,I_err)
# xlabel: q [1 / AA]
# ylabel: I(q)
# xlimits: 0 0.151561
# variables: q I I_err N
0.0007578035702 2.007936922e+15 3.877368445e+14 37 
0.002273410711 2.198779808e+15 2.274625649e+14 131 
0.003789017851 2.089830256e+15 1.860306381e+14 198 
0.005304624991 2.149346644e+15 1.604342894e+14 313 
0.006820232132 2.115327061e+15 1.39159324e+14 411 
0.008335839272 1.839533456e+15 1.148198432e+14 457 
0.009851446413 1.489096525e+15 8.537193921e+13 540 
0.01136705355 1.296090015e+15 7.30525349e+13 590 
0.01288266069 1.156758354e+15 5.963327799e+13 693 
0.01439826783 9.949844695e+14 5.02575855e+13 771 
0.01591387497 9.112260792e+14 4.408477023e+13 893 
0.01742948211 6.612372411e+14 3.189692303e+13 880 
0.01894508925 6.183759277e+14 2.900039196e+13 999 
0.0204606964 4.894341766e+14 2.097769003e+13 1120 
0.02197630354 4.430655514e+14 1.877147857e+13 1214 
0.02349191068 3.545856298e+14 1.420808508e+13 1285 
0.02500751782 3.033594961e+14 1.152148025e+13 1390 
0.02652312496 2.497906277e+14 1.061310069e+13 1412 
0.0280387321 2.157873133e+14 8.45028659e+12 1577 
0.02955433924 1.631108333e+14 6.391335909e+12 1564 
0.03106994638 1.364720918e+14 5.146774437e+12 1701 
0.03258555352 1.127455521e+14 4.229243077e+12 1813 
0.03410116066 8.559078905e+13 3.184870757e+12 1839 
0.0356167678 6.692618315e+13 2.673536725e+12 1900 
0.03713237494 5.509688899e+13 2.091102695e+12 2054 
0.03864798208 4.071514832e+13 1.686256217e+12 2096 
0.04016358922 3.299363802e+13 1.391837156e+12 2236 
0.04167919636 2.319874499e+13 8.999102309e+11 2385 
0.0431948035 1.716668971e+13 7.686621443e+11 2328 
0.04471041064 1.350225284e+13 5.440332423e+11 2452 
0.04622601778 1.078062258e+13 4.409733137e+11 2576 
0.04774162492 8.759639679e+12 3.583471368e+11 2634 
0.04925723206 6.645301948e+12 2.29716562e+11 2741 
0.0507728392 5.866658203e+12 2.063365225e+11 2797 
0.05228844634 5.589133064e+12 1.792362368e+11 2843 
0.05380405348 5.303078599e+12 1.51472686e+11 3051 
0.05531966062 4.820991605e+12 1.210467304e+11 3073 
0.05683526776 4.790945537e+12 1.192106445e+11 3136 
0.05835087491 4.751555458e+12 1.126404875e+11 3181 
0.05986648205 4.664513388e+12 1.087442757e+11 3209 
0.06138208919 4.61272036e+12 1.037948309e+11 3352 
0.06289769633 4.464939446e+12 9.727943168e+10 3429 
0.06441330347 4.341324117e+12 9.335972128e+10 3475 
0.06592891061 4.133866444e+12 8.766954298e+10 3579 
0.06744451775 3.826746701e+12 8.083674117e+10 3517 
0.06896012489 3.565983819e+12 7.56158594e+10 3612 
0.07047573203 3.201420741e+12 6.828427917e+10 3612 
0.07199133917 2.85246593e+12 6.085355716e+10 3590 
0.07350694631 2.68570866e+12 5.679181033e+10 3817 
0.07502255345 2.293218846e+12 4.944011298e+10 3779 
0.07653816059 2.023433693e+12 4.393022036e+10 3853 
0.07805376773 1.814682673e+12 4.007415338e+10 3895 
0.07956937487 1.490777416e+12 3.307299756e+10 3868 
0.08108498201 1.311429219e+12 2.989148143e+10 3886 
0.08260058915 1.123353484e+12 2.504746565e+10 4004 
0.08411619629 9.619324956e+11 2.236261117e+10 3780 
0.08563180343 8.500842385e+11 1.970863648e+10 3831 
0.08714741057 7.757463739e+11 1.745798531e+10 3966 
0.08866301771 7.131487319e+11 1.614443698e+10 3930 
0.09017862485 6.444382421e+11 1.423204006e+10 3939 
0.09169423199 5.811163948e+11 1.29685459e+10 3888 
0.09320983913 5.646984032e+11 1.247644095e+10 3860 
0.09472544627 5.333110371e+11 1.161834398e+10 3826 
0.09624105341 5.427001268e+11 1.151261863e+10 3940 
0.09775666056 5.069326738e+11 1.085011401e+10 3805 
0.0992722677 5.063136833e+11 1.053911074e+10 3884 
0.1007878748 4.563152006e+11 9800349993 3622 
0.102303482 4.734491146e+11 9914762029 3748 
0.1038190891 4.230618182e+11 8992471374 3573 
0.1053346963 4.103342216e+11 8651815938 3571 
0.1068503034 3.967020769e+11 8464199060 3553 
0.1083659105 3.583181021e+11 7586897959 3453 
0.1098815177 3.371413615e+11 7129081245 3451 
0.1113971248 3.244765786e+11 6860696636 3414 
0.112912732 2.912723192e+11 6259702760 3415 
0.1144283391 2.632672636e+11 5760766494 3288 
0.1159439462 2.39133667e+11 5361614481 3196 
0.1174595534 2.089253441e+11 4706447990 3114 
0.1189751605 1.969487294e+11 4500084632 3093 
0.1204907677 1.772179448e+11 4089063966 3025 
0.1220063748 1.565787037e+11 3684148512 2904 
0.1235219819 1.462837196e+11 3487835003 2867 
0.1250375891 1.385082784e+11 3294070151 2874 
0.1265531962 1.222048238e+11 2953471532 2756 
0.1280688034 1.174723216e+11 2899375236 2728 
0.1295844105 1.054167176e+11 2603243655 2698 
0.1311000176 9.887617183e+10 2489498942 2562 
0.1326156248 9.348447346e+10 2354203618 2574 
0.1341312319 8.327105539e+10 2148405241 2437 
0.1356468391 7.939267069e+10 2070333510 2362 
0.1371624462 7.180018303e+10 1897204689 2243 
0.1386780533 6.997681826e+10 1843919252 2291 
0.1401936605 6.554218577e+10 1769342438 2141 
0.1417092676 6.08998743e+10 1660215040 2080 
0.1432248748 5.540727019e+10 1533746704 2005 
0.1447404819 5.166961711e+10 1458014578 1946 
0.146256089 5.133203369e+10 1402406760 2052 
0.1477716962 4.547053945e+10 1293459314 1888 
0.1492873033 4.039315756e+10 1182488383 1757 
0.1508029105 4.230787059e+10 1214234952 1827 
