# Format: McCode with text headers
# URL: http://www.mccode.org
# Creator:  3.8.5, git
# Instrument: eqsans_1_fixed.instr
# Ncount: 1000000
# Trace: no
# Gravitation: no
# Seed: 1790169775072090
# Directory: /Users/georgeyumnam/WORK/PANRAID/PaNRAID-results/Group2/panraidproject/scan_guide_xy/x-01_y-02
# Param: gx=-0.001
# Param: gy=-0.002
# Date: Wed Sep 23 15:22:58 2026 (1790169778)
# type: array_1d(120)
# Source: EQ_SANS (eqsans_1_fixed.instr)
# component: lambda_det
# position: 0 0 22.28
# title: Wavelength monitor
# Ncount: 1000000
# filename: lambda_det.dat
# statistics: X0=4.04858; dX=0.974079;
# signal: Min=0; Max=7.73862e+06; Mean=1.18673e+06;
# values: 1.42408e+08 903300 48881
# xvar: L
# yvar: (I,I_err)
# xlabel: Wavelength [AA]
# ylabel: Intensity
# xlimits: 0 12
# variables: L I I_err N
0.05 0 0 0 
0.15 0 0 0 
0.25 0 0 0 
0.35 0 0 0 
0.45 0 0 0 
0.55 0 0 0 
0.65 0 0 0 
0.75 0 0 0 
0.85 0 0 0 
0.95 0 0 0 
1.05 0 0 0 
1.15 0 0 0 
1.25 0 0 0 
1.35 0 0 0 
1.45 0 0 0 
1.55 0 0 0 
1.65 0 0 0 
1.75 0 0 0 
1.85 0 0 0 
1.95 0 0 0 
2.05 8020.890059 8020.890059 1 
2.15 11861.32148 7883.942144 3 
2.25 17311.3969 8230.46632 9 
2.35 90510.01489 23955.71132 28 
2.45 232641.9686 38162.54383 72 
2.55 411275.7428 49447.5116 144 
2.65 1216942.086 84970.88068 381 
2.75 2771274.7 126957.8228 1003 
2.85 6041349.448 187575.0422 2074 
2.95 7738624.72 210798.0193 2677 
3.05 7170409.551 203571.8403 2458 
3.15 7043922.12 201548.7547 2447 
3.25 6844222.111 199224.6874 2372 
3.35 6572968.907 193989.1343 2284 
3.45 6240495.287 190512.1 2083 
3.55 5785479.339 182843.7612 1990 
3.65 5512197.049 176306.5859 1876 
3.75 5482122.109 177689.5054 1929 
3.85 5331323.438 176748.8982 1778 
3.95 5026743.838 170825.3884 1686 
4.05 4519336.81 162487.1843 1518 
4.15 4357028.701 156535.7978 1511 
4.25 3858359.588 146446.6914 1371 
4.35 3722792.464 145676.8638 1301 
4.45 3364515.222 137058.8739 1192 
4.55 3417832.869 138511.0709 1183 
4.65 3310664.942 136969.6746 1152 
4.75 3213241.267 134764.5364 1091 
4.85 2948105.286 128803.248 1018 
4.95 2901490.371 127679.7331 989 
5.05 2899337.262 129397.2332 948 
5.15 2567803.146 119977.6972 887 
5.25 2470740.202 119769.3724 830 
5.35 1938118.437 103013.5165 734 
5.45 2241951.982 115866.1478 726 
5.55 1950195.835 103734.6751 670 
5.65 1919863.735 103707.8323 668 
5.75 1710952.953 97164.1728 588 
5.85 1705325.368 98187.08622 562 
5.95 1460912.828 92952.31122 502 
6.05 1403416.86 88683.30425 491 
6.15 1425265.215 92000.43192 464 
6.25 1097308.211 79004.73331 361 
6.35 1153992.922 80572.91567 395 
6.45 859286.8545 70684.94665 282 
6.55 357504.642 43149.32573 129 
6.65 82596.75181 21362.45838 23 
6.75 0 0 0 
6.85 0 0 0 
6.95 0 0 0 
7.05 0 0 0 
7.15 0 0 0 
7.25 0 0 0 
7.35 0 0 0 
7.45 0 0 0 
7.55 0 0 0 
7.65 0 0 0 
7.75 0 0 0 
7.85 0 0 0 
7.95 0 0 0 
8.05 0 0 0 
8.15 0 0 0 
8.25 0 0 0 
8.35 0 0 0 
8.45 0 0 0 
8.55 0 0 0 
8.65 0 0 0 
8.75 0 0 0 
8.85 0 0 0 
8.95 0 0 0 
9.05 0 0 0 
9.15 0 0 0 
9.25 0 0 0 
9.35 0 0 0 
9.45 0 0 0 
9.55 0 0 0 
9.65 0 0 0 
9.75 0 0 0 
9.85 0 0 0 
9.95 0 0 0 
10.05 0 0 0 
10.15 0 0 0 
10.25 0 0 0 
10.35 0 0 0 
10.45 0 0 0 
10.55 0 0 0 
10.65 0 0 0 
10.75 0 0 0 
10.85 0 0 0 
10.95 0 0 0 
11.05 0 0 0 
11.15 0 0 0 
11.25 0 0 0 
11.35 0 0 0 
11.45 0 0 0 
11.55 0 0 0 
11.65 0 0 0 
11.75 0 0 0 
11.85 0 0 0 
11.95 0 0 0 
