# Format: McCode with text headers
# URL: http://www.mccode.org
# Creator:  3.8.5, git
# Instrument: eqsans_cylinder.instr
# Ncount: 5000000
# Trace: no
# Gravitation: no
# Seed: 1790194924541472
# Directory: /Users/georgeyumnam/WORK/PANRAID/PaNRAID-results/Group2/panraidproject/dataset_cylinder/cyl_001233
# Param: gx=0
# Param: gy=0
# Param: sample_on=1
# Param: bs_radius=0
# Param: samp_ap=0.01
# Param: sld=4.99368
# Param: sld_solvent=1
# Param: radius=177.67
# Param: length=650.053
# Param: pd_radius=0.208801
# Param: pd_length=0.256718
# Param: model_scale=1
# Param: model_abs=0
# Date: Wed Sep 23 22:22:22 2026 (1790194942)
# type: array_1d(100)
# Source: EQ_SANS_cylinder (eqsans_cylinder.instr)
# component: qmon
# position: 0 0 22.281
# title: QMonitor - Distribution in q (Radially averaged)
# Ncount: 5000000
# filename: qdet.dat
# statistics: X0=0.00567059; dX=0.00533933;
# signal: Min=2.06476e+12; Max=2.34431e+18; Mean=9.62439e+16;
# values: 9.62439e+18 7.0071e+17 253756
# xvar: q
# yvar: (I,I_err)
# xlabel: q [1 / AA]
# ylabel: I(q)
# xlimits: 0 0.151561
# variables: q I I_err N
0.0007578035702 2.344306232e+18 6.110101775e+17 54 
0.002273410711 1.544069873e+18 2.503842324e+17 127 
0.003789017851 1.159322792e+18 1.664796425e+17 198 
0.005304624991 9.606844842e+17 1.129984194e+17 258 
0.006820232132 8.536773567e+17 9.330229329e+16 362 
0.008335839272 7.089598771e+17 6.804137601e+16 450 
0.009851446413 5.174127058e+17 4.531477858e+16 518 
0.01136705355 5.148572083e+17 5.15130405e+16 623 
0.01288266069 2.902838133e+17 2.818776822e+16 695 
0.01439826783 2.58018365e+17 2.743157216e+16 788 
0.01591387497 1.364130931e+17 1.192948283e+16 828 
0.01742948211 9.71069058e+16 1.33631687e+16 914 
0.01894508925 6.829117159e+16 8.824254862e+15 1000 
0.0204606964 4.530811292e+16 4.653741652e+15 1115 
0.02197630354 3.164118575e+16 3.671639016e+15 1206 
0.02349191068 2.550728658e+16 2.779029165e+15 1302 
0.02500751782 1.668794707e+16 1.592925841e+15 1293 
0.02652312496 9.795778488e+15 5.859225312e+14 1458 
0.0280387321 6.653034142e+15 4.266960715e+14 1473 
0.02955433924 5.855166094e+15 3.049386985e+14 1631 
0.03106994638 4.294310713e+15 2.095530762e+14 1640 
0.03258555352 3.63461891e+15 1.744176172e+14 1764 
0.03410116066 3.026109104e+15 1.318075395e+14 1885 
0.0356167678 2.549961766e+15 1.003724484e+14 1974 
0.03713237494 2.095215166e+15 8.429302224e+13 2017 
0.03864798208 1.769757581e+15 6.750965129e+13 2140 
0.04016358922 1.504567563e+15 5.502865203e+13 2231 
0.04167919636 1.206384079e+15 4.092037088e+13 2264 
0.0431948035 1.04834524e+15 3.659393403e+13 2309 
0.04471041064 9.172946161e+14 3.222580787e+13 2362 
0.04622601778 7.965642494e+14 2.406799787e+13 2552 
0.04774162492 6.507771542e+14 1.888045711e+13 2543 
0.04925723206 6.36556385e+14 1.906310718e+13 2765 
0.0507728392 5.341300264e+14 1.568314599e+13 2755 
0.05228844634 4.609560673e+14 1.294704107e+13 2785 
0.05380405348 3.946050022e+14 1.095566862e+13 2876 
0.05531966062 3.787504281e+14 1.009632588e+13 3021 
0.05683526776 3.193112606e+14 8.445295311e+12 3076 
0.05835087491 3.006806747e+14 7.69271894e+12 3180 
0.05986648205 2.698326424e+14 6.975255897e+12 3271 
0.06138208919 2.386792363e+14 6.101301471e+12 3312 
0.06289769633 2.135862703e+14 5.252563541e+12 3471 
0.06441330347 1.88205216e+14 4.637437756e+12 3437 
0.06592891061 1.770734307e+14 4.159662542e+12 3603 
0.06744451775 1.534744446e+14 3.728837626e+12 3551 
0.06896012489 1.478352794e+14 3.489886979e+12 3632 
0.07047573203 1.293541882e+14 3.104801834e+12 3585 
0.07199133917 1.245889074e+14 2.880857088e+12 3697 
0.07350694631 1.090233268e+14 2.493305553e+12 3711 
0.07502255345 9.938806226e+13 2.323150032e+12 3677 
0.07653816059 9.255732566e+13 2.106928133e+12 3706 
0.07805376773 8.350476478e+13 1.873543403e+12 3740 
0.07956937487 7.794810513e+13 1.733433094e+12 3847 
0.08108498201 7.178390523e+13 1.578646863e+12 3947 
0.08260058915 6.82471058e+13 1.485042883e+12 3964 
0.08411619629 6.079152326e+13 1.338531642e+12 3906 
0.08563180343 5.639584451e+13 1.242637997e+12 3963 
0.08714741057 4.965420845e+13 1.112343726e+12 3793 
0.08866301771 4.576635457e+13 1.004239053e+12 3850 
0.09017862485 4.28630086e+13 9.482597715e+11 3828 
0.09169423199 3.988292643e+13 8.882297283e+11 3804 
0.09320983913 3.735939443e+13 8.143569929e+11 3804 
0.09472544627 3.586737183e+13 7.97068076e+11 3825 
0.09624105341 3.211237002e+13 7.078663233e+11 3827 
0.09775666056 2.861789133e+13 6.276113688e+11 3723 
0.0992722677 2.708654931e+13 5.989603941e+11 3658 
0.1007878748 2.528568935e+13 5.558110018e+11 3599 
0.102303482 2.33216793e+13 5.205986391e+11 3600 
0.1038190891 2.142303068e+13 4.77373363e+11 3562 
0.1053346963 1.963871004e+13 4.364115623e+11 3456 
0.1068503034 1.863813049e+13 4.231040459e+11 3447 
0.1083659105 1.656403366e+13 3.733000326e+11 3362 
0.1098815177 1.596084827e+13 3.649642243e+11 3360 
0.1113971248 1.446464822e+13 3.350486162e+11 3240 
0.112912732 1.335333905e+13 3.057817641e+11 3240 
0.1144283391 1.245781555e+13 2.88033423e+11 3186 
0.1159439462 1.166836919e+13 2.720230193e+11 3131 
0.1174595534 1.078860282e+13 2.573316551e+11 3014 
0.1189751605 9.596776327e+12 2.287820711e+11 2931 
0.1204907677 9.204807329e+12 2.247896559e+11 2883 
0.1220063748 8.538475921e+12 2.085369305e+11 2848 
0.1235219819 7.99163323e+12 1.946311181e+11 2847 
0.1250375891 7.614653899e+12 1.866305864e+11 2804 
0.1265531962 7.211429763e+12 1.771901167e+11 2743 
0.1280688034 6.171663451e+12 1.583509812e+11 2538 
0.1295844105 6.143652983e+12 1.533798029e+11 2641 
0.1311000176 5.559814789e+12 1.425911397e+11 2543 
0.1326156248 5.135716097e+12 1.328698089e+11 2398 
0.1341312319 4.488268257e+12 1.193751372e+11 2298 
0.1356468391 4.409963916e+12 1.191696708e+11 2344 
0.1371624462 3.971841241e+12 1.091109898e+11 2194 
0.1386780533 3.558466679e+12 9.889718851e+10 2088 
0.1401936605 3.416527921e+12 9.552556381e+10 2063 
0.1417092676 3.191640158e+12 8.972008233e+10 2046 
0.1432248748 2.788123846e+12 8.080018044e+10 1929 
0.1447404819 2.754491433e+12 7.993812748e+10 1895 
0.146256089 2.529212696e+12 7.648035255e+10 1803 
0.1477716962 2.236332558e+12 6.834442861e+10 1748 
0.1492873033 2.106056276e+12 6.529919018e+10 1692 
0.1508029105 2.064759374e+12 6.30308008e+10 1719 
