# Format: McCode with text headers
# URL: http://www.mccode.org
# Creator:  3.8.5, git
# Instrument: eqsans_cylinder.instr
# Ncount: 5000000
# Trace: no
# Gravitation: no
# Seed: 1790193699579981
# Directory: /Users/georgeyumnam/WORK/PANRAID/PaNRAID-results/Group2/panraidproject/dataset_cylinder/cyl_000551
# Param: gx=0
# Param: gy=0
# Param: sample_on=1
# Param: bs_radius=0
# Param: samp_ap=0.01
# Param: sld=5.49703
# Param: sld_solvent=1
# Param: radius=97.0972
# Param: length=462.357
# Param: pd_radius=0.251152
# Param: pd_length=0.136181
# Param: model_scale=1
# Param: model_abs=0
# Date: Wed Sep 23 22:01:57 2026 (1790193717)
# type: array_1d(100)
# Source: EQ_SANS_cylinder (eqsans_cylinder.instr)
# component: qmon
# position: 0 0 22.281
# title: QMonitor - Distribution in q (Radially averaged)
# Ncount: 5000000
# filename: qdet.dat
# statistics: X0=0.00873058; dX=0.007577;
# signal: Min=9.83463e+11; Max=1.29647e+17; Mean=1.06947e+16;
# values: 1.06947e+18 4.47758e+16 260047
# xvar: q
# yvar: (I,I_err)
# xlabel: q [1 / AA]
# ylabel: I(q)
# xlimits: 0 0.151561
# variables: q I I_err N
0.0007578035702 1.296474661e+17 3.352650997e+16 38 
0.002273410711 1.117559918e+17 1.649608462e+16 106 
0.003789017851 1.258873757e+17 1.712062175e+16 224 
0.005304624991 1.13794412e+17 1.065671853e+16 316 
0.006820232132 8.865963015e+16 8.530846842e+15 365 
0.008335839272 8.113133687e+16 6.120010592e+15 454 
0.009851446413 8.505452136e+16 7.216726095e+15 548 
0.01136705355 6.454389027e+16 5.046402917e+15 657 
0.01288266069 5.321815462e+16 3.505889251e+15 718 
0.01439826783 4.647523637e+16 3.16661862e+15 826 
0.01591387497 3.550946212e+16 2.216430488e+15 910 
0.01742948211 3.169373624e+16 1.881286228e+15 1012 
0.01894508925 2.115267687e+16 1.214825753e+15 1011 
0.0204606964 1.800475446e+16 1.231948326e+15 1148 
0.02197630354 1.335493086e+16 7.387701164e+14 1248 
0.02349191068 1.046119423e+16 6.456179816e+14 1285 
0.02500751782 8.789350115e+15 4.656187351e+14 1462 
0.02652312496 6.552564749e+15 3.310155881e+14 1474 
0.0280387321 4.643710034e+15 2.215429269e+14 1554 
0.02955433924 4.066716598e+15 2.23019978e+14 1751 
0.03106994638 2.70946194e+15 1.398008114e+14 1809 
0.03258555352 2.031598402e+15 1.00440955e+14 1748 
0.03410116066 1.514053971e+15 7.785249781e+13 1809 
0.0356167678 1.310464417e+15 6.482025609e+13 1996 
0.03713237494 9.886516798e+14 4.205503996e+13 2057 
0.03864798208 7.683991276e+14 2.901950469e+13 2112 
0.04016358922 7.008003217e+14 2.791257306e+13 2212 
0.04167919636 5.408428227e+14 1.842343172e+13 2253 
0.0431948035 4.956887044e+14 1.700302746e+13 2426 
0.04471041064 4.399585701e+14 1.392560261e+13 2583 
0.04622601778 3.539529759e+14 1.09455496e+13 2575 
0.04774162492 3.150526325e+14 9.477742969e+12 2625 
0.04925723206 2.769426413e+14 8.10377138e+12 2733 
0.0507728392 2.510900541e+14 7.241098575e+12 2802 
0.05228844634 2.298535594e+14 6.467785434e+12 2894 
0.05380405348 1.989350026e+14 5.32463315e+12 2927 
0.05531966062 1.823739784e+14 4.909305112e+12 3100 
0.05683526776 1.636986583e+14 4.242622907e+12 3137 
0.05835087491 1.468980396e+14 3.840421441e+12 3229 
0.05986648205 1.332364883e+14 3.47233786e+12 3422 
0.06138208919 1.153688759e+14 2.916383908e+12 3406 
0.06289769633 1.056118968e+14 2.725173377e+12 3455 
0.06441330347 9.0774648e+13 2.215372409e+12 3387 
0.06592891061 8.368351512e+13 2.016355349e+12 3535 
0.06744451775 7.613838643e+13 1.841497932e+12 3611 
0.06896012489 6.853392861e+13 1.601380436e+12 3654 
0.07047573203 6.072408372e+13 1.4164162e+12 3637 
0.07199133917 5.907574309e+13 1.362159883e+12 3776 
0.07350694631 5.227718352e+13 1.191552421e+12 3763 
0.07502255345 4.860811617e+13 1.112773686e+12 3828 
0.07653816059 4.52186065e+13 1.040064227e+12 3855 
0.07805376773 3.960259091e+13 8.921540322e+11 3879 
0.07956937487 3.802361591e+13 8.580888032e+11 3903 
0.08108498201 3.515661391e+13 7.815303788e+11 3931 
0.08260058915 3.191999761e+13 7.005232434e+11 3964 
0.08411619629 2.952490157e+13 6.409946033e+11 4012 
0.08563180343 2.764989039e+13 6.001080872e+11 4037 
0.08714741057 2.506291091e+13 5.370426976e+11 4053 
0.08866301771 2.280557702e+13 4.918390843e+11 3948 
0.09017862485 2.029480142e+13 4.496945526e+11 3916 
0.09169423199 1.932178831e+13 4.267862322e+11 3877 
0.09320983913 1.708298639e+13 3.798789357e+11 3791 
0.09472544627 1.629478963e+13 3.51840333e+11 3842 
0.09624105341 1.511331142e+13 3.314893268e+11 3777 
0.09775666056 1.392632894e+13 2.98768808e+11 3866 
0.0992722677 1.283876658e+13 2.849273704e+11 3751 
0.1007878748 1.216978306e+13 2.658769989e+11 3805 
0.102303482 1.124753222e+13 2.492703871e+11 3683 
0.1038190891 1.052876069e+13 2.307379639e+11 3668 
0.1053346963 9.997192636e+12 2.192904786e+11 3622 
0.1068503034 9.008246803e+12 1.992419858e+11 3511 
0.1083659105 8.592996423e+12 1.91041593e+11 3562 
0.1098815177 7.543692755e+12 1.702752667e+11 3398 
0.1113971248 6.782904026e+12 1.561123679e+11 3285 
0.112912732 6.684033873e+12 1.528622023e+11 3375 
0.1144283391 6.177662613e+12 1.437688407e+11 3254 
0.1159439462 5.420418961e+12 1.286997718e+11 3092 
0.1174595534 5.320906162e+12 1.240004558e+11 3152 
0.1189751605 5.051834786e+12 1.166754195e+11 3223 
0.1204907677 4.680961676e+12 1.105309334e+11 2999 
0.1220063748 4.222425106e+12 9.899014736e+10 3013 
0.1235219819 4.10379977e+12 9.715223413e+10 2974 
0.1250375891 3.582768967e+12 8.821054799e+10 2775 
0.1265531962 3.295633831e+12 8.047411354e+10 2777 
0.1280688034 3.218095829e+12 7.972003826e+10 2714 
0.1295844105 2.691452523e+12 6.854548232e+10 2526 
0.1311000176 2.710329063e+12 6.909831734e+10 2574 
0.1326156248 2.431215028e+12 6.29033892e+10 2486 
0.1341312319 2.216687006e+12 5.976496472e+10 2332 
0.1356468391 2.038940946e+12 5.471233294e+10 2306 
0.1371624462 1.917403118e+12 5.108422262e+10 2304 
0.1386780533 1.710094934e+12 4.706819412e+10 2198 
0.1401936605 1.679907018e+12 4.577839919e+10 2186 
0.1417092676 1.499371303e+12 4.268011698e+10 2039 
0.1432248748 1.382607218e+12 4.01457145e+10 1955 
0.1447404819 1.269495868e+12 3.738888523e+10 1880 
0.146256089 1.23809412e+12 3.554049936e+10 1928 
0.1477716962 1.154960088e+12 3.361239848e+10 1915 
0.1492873033 1.030456772e+12 3.092034012e+10 1794 
0.1508029105 9.834628015e+11 3.052276266e+10 1732 
