# Format: McCode with text headers
# URL: http://www.mccode.org
# Creator:  3.8.5, git
# Instrument: eqsans_cylinder.instr
# Ncount: 5000000
# Trace: no
# Gravitation: no
# Seed: 1790193376261536
# Directory: /Users/georgeyumnam/WORK/PANRAID/PaNRAID-results/Group2/panraidproject/dataset_cylinder/cyl_000370
# Param: gx=0
# Param: gy=0
# Param: sample_on=1
# Param: bs_radius=0
# Param: samp_ap=0.01
# Param: sld=0.961928
# Param: sld_solvent=1
# Param: radius=33.6903
# Param: length=929.913
# Param: pd_radius=0.001286
# Param: pd_length=0.065922
# Param: model_scale=1
# Param: model_abs=0
# Date: Wed Sep 23 21:56:34 2026 (1790193394)
# type: array_1d(100)
# Source: EQ_SANS_cylinder (eqsans_cylinder.instr)
# component: qmon
# position: 0 0 22.281
# title: QMonitor - Distribution in q (Radially averaged)
# Ncount: 5000000
# filename: qdet.dat
# statistics: X0=0.0168576; dX=0.0166217;
# signal: Min=2.83865e+07; Max=2.56679e+11; Mean=3.27288e+10;
# values: 3.27288e+12 7.01482e+10 258768
# xvar: q
# yvar: (I,I_err)
# xlabel: q [1 / AA]
# ylabel: I(q)
# xlimits: 0 0.151561
# variables: q I I_err N
0.0007578035702 2.566791498e+11 5.252135493e+10 38 
0.002273410711 2.418561966e+11 2.671646779e+10 119 
0.003789017851 2.563575994e+11 2.208132613e+10 203 
0.005304624991 2.17037367e+11 1.649550419e+10 270 
0.006820232132 2.468797799e+11 1.577161969e+10 403 
0.008335839272 2.073568515e+11 1.253312117e+10 460 
0.009851446413 1.66285831e+11 9557771102 519 
0.01136705355 1.435600812e+11 8066574582 590 
0.01288266069 1.260963023e+11 6220572667 684 
0.01439826783 1.2334541e+11 5786791351 773 
0.01591387497 1.034355201e+11 4465510872 833 
0.01742948211 9.093403166e+10 3628109278 917 
0.01894508925 8.321606599e+10 3295804843 967 
0.0204606964 8.321226562e+10 2952130209 1158 
0.02197630354 7.095268581e+10 2489727403 1168 
0.02349191068 6.363899945e+10 2208692099 1207 
0.02500751782 6.369915834e+10 2032510713 1372 
0.02652312496 5.389334661e+10 1707573896 1397 
0.0280387321 5.300724926e+10 1624231311 1517 
0.02955433924 4.987054969e+10 1463283604 1653 
0.03106994638 4.49448554e+10 1272204595 1722 
0.03258555352 4.232374752e+10 1160822262 1850 
0.03410116066 3.856741718e+10 1058350637 1866 
0.0356167678 3.565545609e+10 944194810.2 1963 
0.03713237494 3.285192378e+10 860603948.5 2017 
0.03864798208 2.985618365e+10 767900379.3 2061 
0.04016358922 2.974215191e+10 739118186.2 2245 
0.04167919636 2.678214364e+10 656570529.5 2290 
0.0431948035 2.469709119e+10 596810137.1 2375 
0.04471041064 2.390871601e+10 557184248.6 2528 
0.04622601778 2.128722682e+10 493784330.7 2532 
0.04774162492 1.928588064e+10 450482171.4 2542 
0.04925723206 1.756433812e+10 401415337.7 2651 
0.0507728392 1.706144493e+10 383227473.1 2763 
0.05228844634 1.595734582e+10 350244037 2897 
0.05380405348 1.411751601e+10 306509250 2945 
0.05531966062 1.282749197e+10 274561062.6 3039 
0.05683526776 1.208171034e+10 255221232.5 3130 
0.05835087491 1.086058663e+10 231477467.9 3090 
0.05986648205 1.030283618e+10 212709728.9 3322 
0.06138208919 9468366589 195065510.3 3357 
0.06289769633 9086369915 182123137.8 3536 
0.06441330347 7731483615 157369675 3488 
0.06592891061 7182552276 143614467.8 3599 
0.06744451775 6694873017 131811432.1 3700 
0.06896012489 6166390004 121308802.5 3735 
0.07047573203 5318805944 104892244.6 3734 
0.07199133917 4788261809 95039619.9 3761 
0.07350694631 4398015478 85493228.42 3841 
0.07502255345 3833631239 75619244.81 3761 
0.07653816059 3407739735 66785655.26 3847 
0.07805376773 3068217282 60600464.62 3859 
0.07956937487 2695184400 53323492.8 3865 
0.08108498201 2371260454 46670840.15 3899 
0.08260058915 2052986285 40806434.15 3894 
0.08411619629 1803467795 35413583.13 4033 
0.08563180343 1566986384 31465112.17 3949 
0.08714741057 1361618753 27686512.17 3966 
0.08866301771 1119489105 23133322.07 3855 
0.09017862485 982403728.8 20278706.78 3946 
0.09169423199 783981453.3 16645350.55 3798 
0.09320983913 699460811.9 14828627.71 3875 
0.09472544627 587916040 12583250.49 3941 
0.09624105341 487025692.4 10748702.01 3866 
0.09775666056 392370594.3 8932139.149 3803 
0.0992722677 318795871.3 7335631.504 3769 
0.1007878748 257853408.2 6176178.289 3763 
0.102303482 203966134.3 5106028.2 3683 
0.1038190891 171420691.3 4296975.437 3782 
0.1053346963 128463536.4 3399330.488 3687 
0.1068503034 96439547.18 2588182.063 3512 
0.1083659105 71872858.46 2040540.841 3465 
0.1098815177 53965183.21 1557358.155 3359 
0.1113971248 43988550.1 1319637.524 3288 
0.112912732 38447146.5 1023503.502 3375 
0.1144283391 31440429.91 816218.8403 3222 
0.1159439462 31065884.51 752300.465 3249 
0.1174595534 28386480.82 654818.0164 3102 
0.1189751605 31476936.85 717488.4399 3060 
0.1204907677 34167120.59 799246.8005 2984 
0.1220063748 38212498.07 873687.1665 2998 
0.1235219819 41657172.14 948885.5989 2907 
0.1250375891 47063518.04 1065139.074 2859 
0.1265531962 51132886.84 1161257.685 2729 
0.1280688034 57112628.7 1279288.673 2695 
0.1295844105 61150299.12 1359708.841 2657 
0.1311000176 62429804.82 1405129.918 2528 
0.1326156248 66896657.71 1503388.071 2463 
0.1341312319 69222425.11 1566971.345 2392 
0.1356468391 72597294.05 1628689.487 2360 
0.1371624462 76893583.68 1723002.225 2326 
0.1386780533 73298111.17 1680652.303 2188 
0.1401936605 74797594.58 1734416.793 2118 
0.1417092676 75148684.66 1747737.969 2080 
0.1432248748 75046207.35 1772155.988 2001 
0.1447404819 75846143.92 1787856.885 2002 
0.146256089 74594486.83 1786351.136 1926 
0.1477716962 68877136.4 1707246.891 1794 
0.1492873033 69455115.18 1719618.473 1785 
0.1508029105 63998571.9 1634290.037 1676 
