# Format: McCode with text headers
# URL: http://www.mccode.org
# Creator:  3.8.5, git
# Instrument: eqsans_sans.instr
# Ncount: 10000000
# Trace: no
# Gravitation: no
# Seed: 1790183256599256
# Directory: /Users/georgeyumnam/WORK/PANRAID/PaNRAID-results/Group2/panraidproject/scan_sans_sample/x+03_y+19
# Param: gx=0.003
# Param: gy=0.019
# Param: sample_on=1
# Param: R_sphere=100
# Param: Phi=0.01
# Param: bs_radius=0
# Param: samp_ap=0.01
# Date: Wed Sep 23 19:08:11 2026 (1790183291)
# type: array_1d(120)
# Source: EQ_SANS_sample (eqsans_sans.instr)
# component: lambda_det
# position: 0 0 22.28
# title: Wavelength monitor
# Ncount: 10000000
# filename: lambda_det.dat
# statistics: X0=4.20591; dX=0.968426;
# signal: Min=0; Max=6071.03; Mean=909.921;
# values: 109191 7916.61 3667
# xvar: L
# yvar: (I,I_err)
# xlabel: Wavelength [AA]
# ylabel: Intensity
# xlimits: 0 12
# variables: L I I_err N
0.05 0 0 0 
0.15 0 0 0 
0.25 0 0 0 
0.35 0 0 0 
0.45 0 0 0 
0.55 0 0 0 
0.65 0 0 0 
0.75 0 0 0 
0.85 0 0 0 
0.95 0 0 0 
1.05 0 0 0 
1.15 0 0 0 
1.25 0 0 0 
1.35 0 0 0 
1.45 0 0 0 
1.55 0 0 0 
1.65 0 0 0 
1.75 0 0 0 
1.85 0 0 0 
1.95 0 0 0 
2.05 0 0 0 
2.15 0.320899555 0.320899555 1 
2.25 0.02906010234 0.02906010234 1 
2.35 0.6492749349 0.4848173269 3 
2.45 1.039890974 0.7978966829 7 
2.55 1.896694982 0.6484749414 15 
2.65 18.80087628 10.02899602 27 
2.75 1275.618515 669.4034691 89 
2.85 4416.986997 1424.220508 207 
2.95 4840.459212 1448.320888 262 
3.05 5272.940153 1923.708122 228 
3.15 4830.376996 1786.560033 205 
3.25 2589.165941 1256.135833 193 
3.35 5872.940771 2273.198185 201 
3.45 3405.748785 1510.415634 171 
3.55 1937.425066 787.9837162 158 
3.65 5057.789895 1524.760075 172 
3.75 3751.798927 1331.251738 145 
3.85 4168.037388 1319.279322 138 
3.95 4104.242097 1811.169815 114 
4.05 2819.038708 1163.198741 110 
4.15 5492.330409 1983.60691 111 
4.25 1330.110908 649.4637889 89 
4.35 6071.031986 2235.94237 91 
4.45 1358.66085 794.3854062 86 
4.55 3281.524812 1458.136055 78 
4.65 2548.961576 1147.878601 66 
4.75 5615.194422 1974.261632 73 
4.85 1941.312582 1032.541171 70 
4.95 4226.816821 1662.188247 57 
5.05 2133.516263 1158.427038 39 
5.15 1676.781188 811.4339068 45 
5.25 2664.217508 1151.349206 54 
5.35 2148.463738 938.0016928 40 
5.45 998.2123726 556.5083863 38 
5.55 2598.432597 1392.225768 38 
5.65 988.3086519 558.9618363 28 
5.75 1265.102486 726.6157005 37 
5.85 1591.518663 875.966331 33 
5.95 1113.474516 849.9562093 22 
6.05 349.956993 186.6973937 29 
6.15 1008.003663 580.229951 25 
6.25 2261.107346 922.10039 24 
6.35 741.1171694 473.1154841 22 
6.45 1144.740866 576.4007895 19 
6.55 276.3535544 237.877092 6 
6.65 0 0 0 
6.75 0 0 0 
6.85 0 0 0 
6.95 0 0 0 
7.05 0 0 0 
7.15 0 0 0 
7.25 0 0 0 
7.35 0 0 0 
7.45 0 0 0 
7.55 0 0 0 
7.65 0 0 0 
7.75 0 0 0 
7.85 0 0 0 
7.95 0 0 0 
8.05 0 0 0 
8.15 0 0 0 
8.25 0 0 0 
8.35 0 0 0 
8.45 0 0 0 
8.55 0 0 0 
8.65 0 0 0 
8.75 0 0 0 
8.85 0 0 0 
8.95 0 0 0 
9.05 0 0 0 
9.15 0 0 0 
9.25 0 0 0 
9.35 0 0 0 
9.45 0 0 0 
9.55 0 0 0 
9.65 0 0 0 
9.75 0 0 0 
9.85 0 0 0 
9.95 0 0 0 
10.05 0 0 0 
10.15 0 0 0 
10.25 0 0 0 
10.35 0 0 0 
10.45 0 0 0 
10.55 0 0 0 
10.65 0 0 0 
10.75 0 0 0 
10.85 0 0 0 
10.95 0 0 0 
11.05 0 0 0 
11.15 0 0 0 
11.25 0 0 0 
11.35 0 0 0 
11.45 0 0 0 
11.55 0 0 0 
11.65 0 0 0 
11.75 0 0 0 
11.85 0 0 0 
11.95 0 0 0 
