# Format: McCode with text headers
# URL: http://www.mccode.org
# Creator:  3.8.5, git
# Instrument: eqsans_cylinder.instr
# Ncount: 5000000
# Trace: no
# Gravitation: no
# Seed: 1790195587485742
# Directory: /Users/georgeyumnam/WORK/PANRAID/PaNRAID-results/Group2/panraidproject/dataset_cylinder/cyl_001605
# Param: gx=0
# Param: gy=0
# Param: sample_on=1
# Param: bs_radius=0
# Param: samp_ap=0.01
# Param: sld=2.91859
# Param: sld_solvent=1
# Param: radius=44.909
# Param: length=258.069
# Param: pd_radius=0.173076
# Param: pd_length=0.089193
# Param: model_scale=1
# Param: model_abs=0
# Date: Wed Sep 23 22:33:25 2026 (1790195605)
# type: array_1d(100)
# Source: EQ_SANS_cylinder (eqsans_cylinder.instr)
# component: qmon
# position: 0 0 22.281
# title: QMonitor - Radially averaged distribution
# Ncount: 5000000
# filename: rdet.dat
# statistics: X0=0.0831827; dX=0.0763325;
# signal: Min=2.82466e+11; Max=1.34518e+14; Mean=2.19226e+13;
# values: 2.19226e+15 4.91324e+13 159615
# xvar: r
# yvar: (I,I_err)
# xlabel: Radius [m]
# ylabel: I(r)
# xlimits: 0 0.5
# variables: r I I_err N
0.0025 1.345177993e+14 3.659057528e+13 24 
0.0075 9.795275258e+13 1.703711432e+13 52 
0.0125 1.100081397e+14 1.532322145e+13 87 
0.0175 9.658044247e+13 1.047907897e+13 120 
0.0225 7.811692679e+13 8.306400761e+12 137 
0.0275 9.601921777e+13 8.654992972e+12 201 
0.0325 8.193297404e+13 7.312984337e+12 208 
0.0375 8.489935857e+13 6.558603719e+12 268 
0.0425 6.307181376e+13 5.0441088e+12 246 
0.0475 7.519450553e+13 5.417209631e+12 302 
0.0525 7.134237907e+13 5.284254998e+12 332 
0.0575 6.447091537e+13 4.235335232e+12 351 
0.0625 6.93156232e+13 4.601937246e+12 411 
0.0675 6.745475968e+13 4.132824898e+12 432 
0.0725 5.824884023e+13 3.575273261e+12 453 
0.0775 6.792519173e+13 3.942674802e+12 547 
0.0825 6.137890561e+13 3.31503072e+12 567 
0.0875 4.667817125e+13 2.553426069e+12 536 
0.0925 4.646085627e+13 2.427936016e+12 598 
0.0975 4.693472679e+13 2.490637482e+12 628 
0.1025 4.07327384e+13 2.157711298e+12 615 
0.1075 4.105810119e+13 2.103131128e+12 704 
0.1125 3.394997943e+13 1.661328269e+12 700 
0.1175 3.463728606e+13 1.649177112e+12 750 
0.1225 3.297381417e+13 1.542570687e+12 763 
0.1275 3.065745813e+13 1.40820035e+12 809 
0.1325 3.036854932e+13 1.390201121e+12 893 
0.1375 2.74430703e+13 1.234744406e+12 880 
0.1425 2.520589991e+13 1.083738522e+12 929 
0.1475 2.306255231e+13 1.003245363e+12 897 
0.1525 2.202052263e+13 9.460318998e+11 972 
0.1575 2.164634732e+13 8.86644322e+11 1026 
0.1625 1.913304018e+13 8.425582374e+11 983 
0.1675 1.928941177e+13 7.964020391e+11 1068 
0.1725 1.738611425e+13 7.032972776e+11 1110 
0.1775 1.567917377e+13 6.27559251e+11 1110 
0.1825 1.69715036e+13 6.798129271e+11 1251 
0.1875 1.403903142e+13 5.494600914e+11 1222 
0.1925 1.36087246e+13 5.362333442e+11 1236 
0.1975 1.216014471e+13 4.862593431e+11 1255 
0.2025 1.189221395e+13 4.660716403e+11 1279 
0.2075 1.127347914e+13 4.356981009e+11 1360 
0.2125 1.045204043e+13 4.141046297e+11 1396 
0.2175 1.026657369e+13 3.951284668e+11 1430 
0.2225 9.039439677e+12 3.409218923e+11 1444 
0.2275 8.954860876e+12 3.242181937e+11 1541 
0.2325 7.816410699e+12 2.96942074e+11 1446 
0.2375 7.210365685e+12 2.816958343e+11 1456 
0.2425 6.99027482e+12 2.83180896e+11 1475 
0.2475 6.954912059e+12 2.780402087e+11 1582 
0.2525 6.166734274e+12 2.363300499e+11 1606 
0.2575 5.450333566e+12 2.146197955e+11 1605 
0.2625 4.992455932e+12 1.893000236e+11 1656 
0.2675 4.586122318e+12 1.738276116e+11 1669 
0.2725 4.796629815e+12 1.855884302e+11 1747 
0.2775 4.236338522e+12 1.664264706e+11 1664 
0.2825 4.163344316e+12 1.603016728e+11 1820 
0.2875 4.022432905e+12 1.579961921e+11 1812 
0.2925 3.640939589e+12 1.479191345e+11 1827 
0.2975 3.132699937e+12 1.242080693e+11 1924 
0.3025 3.004224929e+12 1.157572377e+11 1970 
0.3075 2.968011546e+12 1.154305968e+11 1952 
0.3125 2.735556371e+12 1.05513839e+11 2018 
0.3175 2.398605778e+12 9.421362498e+10 1927 
0.3225 2.512789255e+12 9.650516703e+10 2094 
0.3275 2.246120681e+12 8.720936496e+10 2155 
0.3325 2.208375285e+12 8.681797901e+10 2143 
0.3375 1.975572492e+12 7.570869269e+10 2170 
0.3425 2.001473436e+12 7.815330615e+10 2217 
0.3475 1.680022452e+12 6.591580858e+10 2136 
0.3525 1.505539095e+12 5.799678332e+10 2302 
0.3575 1.53396257e+12 6.066176021e+10 2271 
0.3625 1.365969121e+12 5.56676276e+10 2282 
0.3675 1.353309933e+12 5.31164518e+10 2405 
0.3725 1.237791605e+12 4.884610067e+10 2420 
0.3775 1.114706719e+12 4.308380337e+10 2439 
0.3825 1.065455761e+12 4.141793666e+10 2383 
0.3875 1.030495215e+12 4.017261563e+10 2466 
0.3925 9.62177391e+11 3.714647402e+10 2542 
0.3975 9.000561587e+11 3.469056271e+10 2629 
0.4025 8.405665581e+11 3.206534876e+10 2550 
0.4075 7.147553381e+11 2.855952988e+10 2500 
0.4125 7.104286881e+11 2.736461231e+10 2578 
0.4175 6.768680578e+11 2.664913485e+10 2626 
0.4225 6.130766346e+11 2.365787203e+10 2615 
0.4275 6.301120708e+11 2.415452605e+10 2712 
0.4325 5.453365525e+11 2.102009957e+10 2704 
0.4375 5.46016662e+11 2.016500627e+10 2838 
0.4425 5.173530638e+11 1.910400994e+10 2802 
0.4475 4.786967515e+11 1.743058653e+10 2888 
0.4525 4.734159569e+11 1.665593671e+10 2964 
0.4575 4.389062169e+11 1.55808529e+10 2961 
0.4625 3.860893049e+11 1.421199443e+10 2904 
0.4675 3.684880614e+11 1.307459907e+10 2924 
0.4725 4.082462877e+11 1.456894737e+10 3068 
0.4775 3.487169607e+11 1.213504058e+10 3070 
0.4825 3.237190398e+11 1.133729444e+10 3061 
0.4875 2.987219449e+11 1.015116745e+10 3066 
0.4925 2.943422163e+11 9677081455 3219 
0.4975 2.824656411e+11 9415875372 3232 
