# Format: McCode with text headers
# URL: http://www.mccode.org
# Creator:  3.8.5, git
# Instrument: eqsans_cylinder.instr
# Ncount: 5000000
# Trace: no
# Gravitation: no
# Seed: 1790195731275756
# Directory: /Users/georgeyumnam/WORK/PANRAID/PaNRAID-results/Group2/panraidproject/dataset_cylinder/cyl_001684
# Param: gx=0
# Param: gy=0
# Param: sample_on=1
# Param: bs_radius=0
# Param: samp_ap=0.01
# Param: sld=4.89098
# Param: sld_solvent=1
# Param: radius=38.1711
# Param: length=494.383
# Param: pd_radius=0.296351
# Param: pd_length=0.270022
# Param: model_scale=1
# Param: model_abs=0
# Date: Wed Sep 23 22:35:49 2026 (1790195749)
# type: array_1d(100)
# Source: EQ_SANS_cylinder (eqsans_cylinder.instr)
# component: qmon
# position: 0 0 22.281
# title: QMonitor - Distribution in q (Radially averaged)
# Ncount: 5000000
# filename: qdet.dat
# statistics: X0=0.0145238; dX=0.0137318;
# signal: Min=2.78197e+11; Max=3.88262e+15; Mean=3.73724e+14;
# values: 3.73724e+16 1.14731e+15 258853
# xvar: q
# yvar: (I,I_err)
# xlabel: q [1 / AA]
# ylabel: I(q)
# xlimits: 0 0.151561
# variables: q I I_err N
0.0007578035702 2.554149838e+15 6.745417769e+14 43 
0.002273410711 2.619450004e+15 3.698719546e+14 133 
0.003789017851 3.882621041e+15 5.971592298e+14 211 
0.005304624991 2.708225366e+15 3.75500207e+14 291 
0.006820232132 2.52336836e+15 2.634126204e+14 365 
0.008335839272 2.541374598e+15 2.28165035e+14 419 
0.009851446413 2.279943074e+15 2.00953908e+14 558 
0.01136705355 1.847352343e+15 1.492222678e+14 615 
0.01288266069 1.721891518e+15 1.245874346e+14 693 
0.01439826783 1.594939195e+15 1.027872715e+14 795 
0.01591387497 1.277693476e+15 7.286168876e+13 853 
0.01742948211 1.244426549e+15 6.928964788e+13 1003 
0.01894508925 1.127237381e+15 6.86026206e+13 1081 
0.0204606964 1.029495181e+15 6.683146958e+13 1126 
0.02197630354 8.575807683e+14 4.18185042e+13 1194 
0.02349191068 7.42863673e+14 3.358619867e+13 1305 
0.02500751782 6.458467794e+14 3.051100973e+13 1341 
0.02652312496 6.43859267e+14 2.881462729e+13 1427 
0.0280387321 5.914786838e+14 2.703189232e+13 1547 
0.02955433924 5.009774528e+14 2.184373228e+13 1599 
0.03106994638 4.95873826e+14 1.839046428e+13 1781 
0.03258555352 4.217476761e+14 1.560181807e+13 1794 
0.03410116066 3.903161085e+14 1.491233279e+13 1883 
0.0356167678 3.421861143e+14 1.172118942e+13 1991 
0.03713237494 2.979819535e+14 9.857378985e+12 2044 
0.03864798208 2.651286166e+14 9.247366715e+12 2055 
0.04016358922 2.505984994e+14 7.762882821e+12 2249 
0.04167919636 2.201032526e+14 6.863922148e+12 2344 
0.0431948035 1.870562567e+14 6.011372195e+12 2311 
0.04471041064 1.658221504e+14 4.944715022e+12 2372 
0.04622601778 1.551710265e+14 4.610098455e+12 2569 
0.04774162492 1.424941726e+14 4.183936833e+12 2635 
0.04925723206 1.247527535e+14 3.456176634e+12 2709 
0.0507728392 1.079288042e+14 3.048334271e+12 2694 
0.05228844634 9.790952442e+13 2.614286867e+12 2916 
0.05380405348 8.506424081e+13 2.281482016e+12 2904 
0.05531966062 7.635076935e+13 1.953983344e+12 3092 
0.05683526776 6.840827882e+13 1.73584044e+12 3116 
0.05835087491 6.155079997e+13 1.510838623e+12 3338 
0.05986648205 5.401788327e+13 1.296003365e+12 3399 
0.06138208919 4.677784866e+13 1.145592371e+12 3352 
0.06289769633 4.064375549e+13 9.652195584e+11 3471 
0.06441330347 3.551608387e+13 8.66787955e+11 3471 
0.06592891061 3.139454431e+13 7.319217553e+11 3557 
0.06744451775 2.602603131e+13 6.250602495e+11 3552 
0.06896012489 2.417739839e+13 5.527514185e+11 3710 
0.07047573203 2.154820464e+13 4.948317749e+11 3676 
0.07199133917 1.862140151e+13 4.280678097e+11 3781 
0.07350694631 1.666702051e+13 3.797035522e+11 3837 
0.07502255345 1.438403302e+13 3.322938586e+11 3749 
0.07653816059 1.324932795e+13 3.070915207e+11 3827 
0.07805376773 1.20012765e+13 2.687068376e+11 4005 
0.07956937487 1.035903872e+13 2.381611141e+11 3857 
0.08108498201 9.172335405e+12 2.074730513e+11 3954 
0.08260058915 8.333999146e+12 1.873041412e+11 3969 
0.08411619629 7.738620344e+12 1.738796036e+11 4042 
0.08563180343 6.855807249e+12 1.557401709e+11 4016 
0.08714741057 6.446006292e+12 1.465420365e+11 4046 
0.08866301771 5.66930457e+12 1.351094488e+11 3893 
0.09017862485 5.236465719e+12 1.209624765e+11 3930 
0.09169423199 4.913636186e+12 1.160249425e+11 3916 
0.09320983913 4.440806799e+12 1.042352335e+11 3781 
0.09472544627 4.243405356e+12 9.855414075e+10 3974 
0.09624105341 3.794018378e+12 9.125210113e+10 3778 
0.09775666056 3.614620168e+12 8.485008292e+10 3785 
0.0992722677 3.326972279e+12 7.908825032e+10 3743 
0.1007878748 3.217420683e+12 7.572749877e+10 3807 
0.102303482 2.962876866e+12 7.004316736e+10 3672 
0.1038190891 2.843397102e+12 6.768666991e+10 3693 
0.1053346963 2.488241223e+12 6.11996386e+10 3490 
0.1068503034 2.455490606e+12 5.917369447e+10 3574 
0.1083659105 2.275668747e+12 5.550402144e+10 3449 
0.1098815177 2.120784387e+12 5.208108797e+10 3435 
0.1113971248 1.919174899e+12 4.790119112e+10 3325 
0.112912732 1.849794575e+12 4.556896023e+10 3347 
0.1144283391 1.706684302e+12 4.250623964e+10 3225 
0.1159439462 1.645533664e+12 4.113499563e+10 3215 
0.1174595534 1.444992859e+12 3.68363777e+10 3073 
0.1189751605 1.390460583e+12 3.528144069e+10 3111 
0.1204907677 1.254671839e+12 3.223711776e+10 2941 
0.1220063748 1.2443474e+12 3.176272996e+10 2955 
0.1235219819 1.083826682e+12 2.868685903e+10 2866 
0.1250375891 1.024400665e+12 2.681530871e+10 2793 
0.1265531962 8.981409018e+11 2.424325063e+10 2663 
0.1280688034 8.748180818e+11 2.361327017e+10 2637 
0.1295844105 8.301354213e+11 2.195392055e+10 2708 
0.1311000176 7.452039856e+11 2.038126414e+10 2560 
0.1326156248 6.86201583e+11 1.85652472e+10 2555 
0.1341312319 6.048715914e+11 1.7359658e+10 2342 
0.1356468391 5.487598551e+11 1.540744887e+10 2296 
0.1371624462 5.125353321e+11 1.511509291e+10 2177 
0.1386780533 5.23298644e+11 1.48190902e+10 2267 
0.1401936605 4.698557278e+11 1.39996926e+10 2126 
0.1417092676 4.150422173e+11 1.241479868e+10 2040 
0.1432248748 3.836982883e+11 1.1767258e+10 1963 
0.1447404819 3.637733854e+11 1.139069147e+10 1907 
0.146256089 3.277029775e+11 1.031524489e+10 1839 
0.1477716962 3.100358452e+11 9898675081 1839 
0.1492873033 2.973168254e+11 9366455998 1768 
0.1508029105 2.781969256e+11 9022095087 1728 
