# Format: McCode with text headers
# URL: http://www.mccode.org
# Creator:  3.8.5, git
# Instrument: eqsans_sans.instr
# Ncount: 10000000
# Trace: no
# Gravitation: no
# Seed: 1790183185208155
# Directory: /Users/georgeyumnam/WORK/PANRAID/PaNRAID-results/Group2/panraidproject/scan_sans_sample/x+03_y-02
# Param: gx=0.003
# Param: gy=-0.002
# Param: sample_on=1
# Param: R_sphere=100
# Param: Phi=0.01
# Param: bs_radius=0
# Param: samp_ap=0.01
# Date: Wed Sep 23 19:07:00 2026 (1790183220)
# type: array_1d(100)
# Source: EQ_SANS_sample (eqsans_sans.instr)
# component: qmon
# position: 0 0 22.281
# title: QMonitor - Radially averaged distribution
# Ncount: 10000000
# filename: rdet.dat
# statistics: X0=0.0680617; dX=0.0554005;
# signal: Min=0; Max=3.3588e+08; Mean=2.24639e+07;
# values: 2.24639e+09 2.0963e+08 5067
# xvar: r
# yvar: (I,I_err)
# xlabel: Radius [m]
# ylabel: I(r)
# xlimits: 0 0.5
# variables: r I I_err N
0.0025 0 0 0 
0.0075 335879937.2 154962638.7 5 
0.0125 104755080.5 76239307.26 2 
0.0175 31903931.61 31903931.61 1 
0.0225 39708558.59 38421624.77 2 
0.0275 85332091.47 42445903.51 5 
0.0325 132202566.8 50271964.09 7 
0.0375 69195670.41 29400658.21 6 
0.0425 43067489.05 22137788.13 4 
0.0475 128548085.6 37165359.14 13 
0.0525 110586402.5 30254127.46 16 
0.0575 84427768.77 26125102.21 13 
0.0625 100873063.4 26907436.71 16 
0.0675 102058849.6 25238468.87 19 
0.0725 86620016.43 21839656.3 18 
0.0775 62727827.52 17615126.88 15 
0.0825 50572445.21 15852783.27 13 
0.0875 68037415.42 16952540.67 21 
0.0925 43195253.26 11741408.58 18 
0.0975 67794492.97 16031728.4 24 
0.1025 43650015.51 11167394.82 21 
0.1075 45864724.53 11726571.82 20 
0.1125 35986905.04 9148942.197 23 
0.1175 23409059.52 7137605.73 18 
0.1225 26757663.59 7148468.855 19 
0.1275 29035450.57 7353355.595 26 
0.1325 27636926.03 7057112.743 26 
0.1375 20124381.91 5634405.7 22 
0.1425 33128104.71 8043207.76 28 
0.1475 26109852.05 5906349.85 32 
0.1525 26057928.74 6050341.424 37 
0.1575 18275840.85 4224079.33 32 
0.1625 14445202.87 3861680.233 41 
0.1675 15185549.52 3833805.98 44 
0.1725 13410495.57 3574177.391 34 
0.1775 10746912.8 2826024.851 38 
0.1825 7032630.271 2136422.155 34 
0.1875 11991642.48 3148589.853 42 
0.1925 6174212.528 2084934.681 34 
0.1975 8765698.52 2537744.269 39 
0.2025 6084961.162 1671098.309 43 
0.2075 5252934.758 1541703.88 41 
0.2125 4163293.999 1221089.015 40 
0.2175 4333693.515 1334738.99 49 
0.2225 3274652.15 1589990.007 40 
0.2275 3067267.468 958953.2576 41 
0.2325 2453501.012 975573.0951 42 
0.2375 2303279.072 860766.1936 51 
0.2425 3316306.595 889490.4499 53 
0.2475 1940982.691 549492.4333 55 
0.2525 1862073.165 555923.0672 51 
0.2575 656074.626 153248.2834 56 
0.2625 723214.1724 253052.7044 51 
0.2675 990702.285 413052.5089 55 
0.2725 1121756.647 289762.7588 59 
0.2775 616870.1882 163258.296 54 
0.2825 989674.8843 237646.8027 74 
0.2875 681448.9054 136949.3033 64 
0.2925 1053720.584 267801.7584 75 
0.2975 756005.2174 248061.0751 65 
0.3025 432060.7893 104382.5135 56 
0.3075 324935.0336 60514.29943 45 
0.3125 455814.2519 86012.77759 73 
0.3175 507373.254 104206.7077 60 
0.3225 462218.2835 127032.2283 66 
0.3275 472770.7696 77324.26165 72 
0.3325 312582.0487 75131.14615 59 
0.3375 364270.8475 123974.3599 57 
0.3425 337375.2084 60407.73742 71 
0.3475 245448.4182 47589.17953 54 
0.3525 269458.639 51903.39688 69 
0.3575 241075.2643 41637.34224 80 
0.3625 293800.6804 51540.97711 77 
0.3675 243662.8757 45474.18921 81 
0.3725 208189.735 40640.75196 66 
0.3775 281822.1139 47143.98634 81 
0.3825 365211.5854 56340.36423 82 
0.3875 204533.9851 38997.84872 70 
0.3925 167510.6655 32772.49811 67 
0.3975 264927.4007 42362.44283 97 
0.4025 285302.3308 47701.14627 94 
0.4075 199060.7858 35959.54713 78 
0.4125 189037.666 36749.22871 72 
0.4175 204635.8337 36778.80467 81 
0.4225 173309.0917 33734.48493 80 
0.4275 167318.774 30876.56215 74 
0.4325 189046.6072 36290.71517 86 
0.4375 149062.8478 28992.29681 81 
0.4425 107139.265 21841.92473 81 
0.4475 129001.1315 26785.67209 89 
0.4525 162059.0378 30596.26993 101 
0.4575 143928.5129 28442.44574 102 
0.4625 140433.8325 30207.44725 79 
0.4675 107271.8233 18830.89921 93 
0.4725 92121.58977 18975.20422 90 
0.4775 123921.3059 25018.73004 96 
0.4825 96489.48973 19960.46933 85 
0.4875 134330.9138 23146.7898 102 
0.4925 82285.66866 16597.82559 101 
0.4975 144780.2658 25085.82488 132 
