# Format: McCode with text headers
# URL: http://www.mccode.org
# Creator:  3.8.5, git
# Instrument: eqsans_cylinder.instr
# Ncount: 5000000
# Trace: no
# Gravitation: no
# Seed: 1790192965697874
# Directory: /Users/georgeyumnam/WORK/PANRAID/PaNRAID-results/Group2/panraidproject/dataset_cylinder/cyl_000141
# Param: gx=0
# Param: gy=0
# Param: sample_on=1
# Param: bs_radius=0
# Param: samp_ap=0.01
# Param: sld=4.90503
# Param: sld_solvent=1
# Param: radius=183.576
# Param: length=274.301
# Param: pd_radius=0.060408
# Param: pd_length=0.251556
# Param: model_scale=1
# Param: model_abs=0
# Date: Wed Sep 23 21:49:43 2026 (1790192983)
# type: array_1d(100)
# Source: EQ_SANS_cylinder (eqsans_cylinder.instr)
# component: qmon
# position: 0 0 22.281
# title: QMonitor - Radially averaged distribution
# Ncount: 5000000
# filename: rdet.dat
# statistics: X0=0.0406379; dX=0.0337211;
# signal: Min=6.51598e+12; Max=8.7711e+16; Mean=8.97926e+15;
# values: 8.97926e+17 3.20732e+16 157410
# xvar: r
# yvar: (I,I_err)
# xlabel: Radius [m]
# ylabel: I(r)
# xlimits: 0 0.5
# variables: r I I_err N
0.0025 4.798381683e+16 2.053727276e+16 11 
0.0075 7.388692221e+16 1.322144699e+16 43 
0.0125 7.1361269e+16 1.138105473e+16 71 
0.0175 8.77110019e+16 9.979461942e+15 128 
0.0225 7.154979162e+16 7.897509187e+15 154 
0.0275 5.901479037e+16 6.170600365e+15 157 
0.0325 6.384530944e+16 5.719173838e+15 212 
0.0375 5.652584016e+16 4.883066192e+15 249 
0.0425 4.521006764e+16 3.719375483e+15 275 
0.0475 4.401598418e+16 3.583086062e+15 309 
0.0525 4.310951551e+16 3.435829341e+15 345 
0.0575 3.86380284e+16 2.940251622e+15 399 
0.0625 3.19829459e+16 2.550072382e+15 397 
0.0675 2.602644843e+16 1.956324791e+15 416 
0.0725 2.371806397e+16 1.769071513e+15 453 
0.0775 1.642400826e+16 1.424816916e+15 449 
0.0825 1.641832036e+16 1.300075124e+15 488 
0.0875 1.457905212e+16 1.069936169e+15 578 
0.0925 1.118476551e+16 8.81349022e+14 580 
0.0975 8.42583478e+15 7.027975623e+14 584 
0.1025 8.106045269e+15 6.986002674e+14 621 
0.1075 5.960218185e+15 4.806206736e+14 651 
0.1125 5.268740275e+15 4.07498282e+14 713 
0.1175 4.529672744e+15 3.763271837e+14 686 
0.1225 3.806157395e+15 3.189824148e+14 797 
0.1275 3.307961101e+15 2.813663169e+14 853 
0.1325 2.060545253e+15 1.730137521e+14 794 
0.1375 1.806482089e+15 1.713434425e+14 888 
0.1425 1.315370624e+15 1.010156174e+14 891 
0.1475 1.225145399e+15 1.28577143e+14 900 
0.1525 9.919474147e+14 7.572290855e+13 969 
0.1575 7.968622649e+14 6.176905966e+13 979 
0.1625 7.160383751e+14 5.204909296e+13 1014 
0.1675 5.564929706e+14 3.857688655e+13 1002 
0.1725 5.459608002e+14 3.185566117e+13 1090 
0.1775 4.24505102e+14 2.374880295e+13 1115 
0.1825 4.427680224e+14 3.257909614e+13 1142 
0.1875 3.732279398e+14 2.031027286e+13 1171 
0.1925 3.16162079e+14 1.520123358e+13 1175 
0.1975 2.998321975e+14 1.424072807e+13 1225 
0.2025 2.473959389e+14 1.467985598e+13 1187 
0.2075 2.381319901e+14 1.136416188e+13 1300 
0.2125 2.286329668e+14 1.055446224e+13 1342 
0.2175 2.184963765e+14 1.01713619e+13 1358 
0.2225 1.72426848e+14 7.969737541e+12 1395 
0.2275 1.760351103e+14 8.339189459e+12 1467 
0.2325 1.588157283e+14 7.102430284e+12 1482 
0.2375 1.430460081e+14 6.536138207e+12 1517 
0.2425 1.304889552e+14 5.986661437e+12 1555 
0.2475 1.179111108e+14 5.539655469e+12 1563 
0.2525 1.161749232e+14 5.390548345e+12 1565 
0.2575 1.100207629e+14 5.205370661e+12 1662 
0.2625 9.674005071e+13 4.311471837e+12 1673 
0.2675 8.77376743e+13 3.96608024e+12 1707 
0.2725 8.090770943e+13 3.527562591e+12 1730 
0.2775 7.024209798e+13 3.160449516e+12 1696 
0.2825 6.574475541e+13 2.81460095e+12 1742 
0.2875 6.350714441e+13 2.676503975e+12 1802 
0.2925 5.28199607e+13 2.077975428e+12 1800 
0.2975 5.112341056e+13 1.945529413e+12 1860 
0.3025 4.934060316e+13 1.931273559e+12 1886 
0.3075 4.886011323e+13 1.922978355e+12 1934 
0.3125 4.565164098e+13 1.735010525e+12 1991 
0.3175 4.216415635e+13 1.587540814e+12 1974 
0.3225 4.057187108e+13 1.450296465e+12 2124 
0.3275 3.948075404e+13 1.455711514e+12 2100 
0.3325 3.54714977e+13 1.284661855e+12 2064 
0.3375 3.611712101e+13 1.252392603e+12 2229 
0.3425 3.073359071e+13 1.07271295e+12 2185 
0.3475 2.995695362e+13 1.080316902e+12 2152 
0.3525 2.854976925e+13 1.030350618e+12 2224 
0.3575 2.639897849e+13 9.262961157e+11 2198 
0.3625 2.517384936e+13 9.163816534e+11 2238 
0.3675 2.452726202e+13 8.861092684e+11 2300 
0.3725 2.254704632e+13 7.98616899e+11 2349 
0.3775 2.061998477e+13 6.867713907e+11 2452 
0.3825 2.046103281e+13 7.053493655e+11 2438 
0.3875 1.866415659e+13 6.346061206e+11 2453 
0.3925 1.91956106e+13 6.846804106e+11 2479 
0.3975 1.75194388e+13 5.960824151e+11 2559 
0.4025 1.613018481e+13 5.608281558e+11 2483 
0.4075 1.623550759e+13 5.456432597e+11 2637 
0.4125 1.372709458e+13 4.679108792e+11 2572 
0.4175 1.487167122e+13 5.033883133e+11 2689 
0.4225 1.333193795e+13 4.375323629e+11 2668 
0.4275 1.235603269e+13 4.007719074e+11 2698 
0.4325 1.244884636e+13 4.056303219e+11 2709 
0.4375 1.148320789e+13 3.739460149e+11 2749 
0.4425 1.057337402e+13 3.320663443e+11 2685 
0.4475 1.067982685e+13 3.281518361e+11 2882 
0.4525 1.07062009e+13 3.246532852e+11 2887 
0.4575 9.743686296e+12 3.051187113e+11 2851 
0.4625 8.890340405e+12 2.746745967e+11 2868 
0.4675 8.765595854e+12 2.686083006e+11 2949 
0.4725 8.571258383e+12 2.525179271e+11 2969 
0.4775 8.22541293e+12 2.493225641e+11 3017 
0.4825 8.024844557e+12 2.357389944e+11 3092 
0.4875 7.694369856e+12 2.384637077e+11 3084 
0.4925 7.111950658e+12 2.122822241e+11 3092 
0.4975 6.51597551e+12 1.929101963e+11 3123 
