# Format: McCode with text headers
# URL: http://www.mccode.org
# Creator:  3.8.5, git
# Instrument: eqsans_cylinder.instr
# Ncount: 5000000
# Trace: no
# Gravitation: no
# Seed: 1790195230728481
# Directory: /Users/georgeyumnam/WORK/PANRAID/PaNRAID-results/Group2/panraidproject/dataset_cylinder/cyl_001406
# Param: gx=0
# Param: gy=0
# Param: sample_on=1
# Param: bs_radius=0
# Param: samp_ap=0.01
# Param: sld=2.25361
# Param: sld_solvent=1
# Param: radius=97.5463
# Param: length=391.339
# Param: pd_radius=0.237857
# Param: pd_length=0.02488
# Param: model_scale=1
# Param: model_abs=0
# Date: Wed Sep 23 22:27:28 2026 (1790195248)
# type: array_1d(100)
# Source: EQ_SANS_cylinder (eqsans_cylinder.instr)
# component: qmon
# position: 0 0 22.281
# title: QMonitor - Distribution in q (Radially averaged)
# Ncount: 5000000
# filename: qdet.dat
# statistics: X0=0.00936351; dX=0.00772871;
# signal: Min=6.40434e+10; Max=7.32648e+15; Mean=6.3788e+14;
# values: 6.3788e+16 2.08541e+15 259272
# xvar: q
# yvar: (I,I_err)
# xlabel: q [1 / AA]
# ylabel: I(q)
# xlimits: 0 0.151561
# variables: q I I_err N
0.0007578035702 5.243024299e+15 1.306923649e+15 37 
0.002273410711 7.326484544e+15 1.035834713e+15 131 
0.003789017851 6.155645057e+15 7.076136796e+14 195 
0.005304624991 7.016858169e+15 6.01607514e+14 297 
0.006820232132 5.959949802e+15 4.648844109e+14 391 
0.008335839272 5.177937021e+15 3.747741784e+14 471 
0.009851446413 4.891501599e+15 3.662077661e+14 545 
0.01136705355 4.300990304e+15 3.32517712e+14 628 
0.01288266069 3.337103129e+15 2.140555951e+14 722 
0.01439826783 2.722334152e+15 1.754479521e+14 764 
0.01591387497 2.527351267e+15 1.539116469e+14 901 
0.01742948211 2.070633761e+15 1.159198449e+14 1036 
0.01894508925 1.656749541e+15 1.079665658e+14 1029 
0.0204606964 1.192844688e+15 7.192060112e+13 1124 
0.02197630354 9.588841264e+14 5.15284136e+13 1236 
0.02349191068 6.97280263e+14 5.142296123e+13 1261 
0.02500751782 5.812938741e+14 3.791362733e+13 1325 
0.02652312496 4.059559208e+14 2.231776299e+13 1437 
0.0280387321 2.859353276e+14 1.32614024e+13 1493 
0.02955433924 2.390373949e+14 1.237353171e+13 1605 
0.03106994638 2.026403195e+14 9.394710265e+12 1739 
0.03258555352 1.447288165e+14 7.539869694e+12 1820 
0.03410116066 1.055002419e+14 4.61505681e+12 1829 
0.0356167678 8.322991142e+13 3.554779092e+12 2028 
0.03713237494 6.629772929e+13 3.074247418e+12 1998 
0.03864798208 5.135185333e+13 1.858563606e+12 2112 
0.04016358922 4.086863755e+13 1.432681238e+12 2166 
0.04167919636 3.66338601e+13 1.199179653e+12 2332 
0.0431948035 3.14500446e+13 1.013556676e+12 2314 
0.04471041064 2.905580954e+13 9.580641026e+11 2422 
0.04622601778 2.553739762e+13 7.673131309e+11 2558 
0.04774162492 2.228427841e+13 6.715736004e+11 2571 
0.04925723206 1.969884969e+13 5.615892445e+11 2740 
0.0507728392 1.813636932e+13 5.075878651e+11 2904 
0.05228844634 1.588181587e+13 4.41119376e+11 2846 
0.05380405348 1.397378382e+13 3.704841049e+11 3052 
0.05531966062 1.213418588e+13 3.203907972e+11 3066 
0.05683526776 1.126461964e+13 2.895268317e+11 3129 
0.05835087491 1.002662107e+13 2.55722527e+11 3209 
0.05986648205 8.877902658e+12 2.180378055e+11 3342 
0.06138208919 7.723723476e+12 1.934519646e+11 3236 
0.06289769633 7.282126408e+12 1.752341617e+11 3484 
0.06441330347 6.500047586e+12 1.583230769e+11 3404 
0.06592891061 5.610216416e+12 1.316896025e+11 3532 
0.06744451775 5.146221343e+12 1.229229355e+11 3535 
0.06896012489 4.619792589e+12 1.079128276e+11 3577 
0.07047573203 4.36846986e+12 1.009345197e+11 3712 
0.07199133917 4.004158894e+12 8.87676585e+10 3832 
0.07350694631 3.785509822e+12 8.424442678e+10 3847 
0.07502255345 3.316169897e+12 7.457988969e+10 3822 
0.07653816059 2.990599981e+12 6.546161742e+10 3834 
0.07805376773 2.700745673e+12 6.046780659e+10 3757 
0.07956937487 2.540572412e+12 5.603754507e+10 3838 
0.08108498201 2.30404457e+12 5.088911041e+10 3860 
0.08260058915 2.173959065e+12 4.663865011e+10 4056 
0.08411619629 1.950227718e+12 4.283792915e+10 3893 
0.08563180343 1.849379291e+12 3.958573537e+10 3999 
0.08714741057 1.731618468e+12 3.667208487e+10 3993 
0.08866301771 1.593479675e+12 3.402873302e+10 3991 
0.09017862485 1.420743314e+12 3.020421015e+10 3908 
0.09169423199 1.337537641e+12 2.817781707e+10 3898 
0.09320983913 1.269482094e+12 2.658491937e+10 4007 
0.09472544627 1.138478921e+12 2.399589277e+10 3890 
0.09624105341 1.036046977e+12 2.208384987e+10 3916 
0.09775666056 9.60008118e+11 2.084073121e+10 3761 
0.0992722677 9.282773992e+11 1.972375274e+10 3823 
0.1007878748 8.256256083e+11 1.804962109e+10 3732 
0.102303482 7.783525672e+11 1.677642813e+10 3725 
0.1038190891 7.179106561e+11 1.526452006e+10 3712 
0.1053346963 6.593118082e+11 1.431544212e+10 3603 
0.1068503034 6.034321874e+11 1.31652496e+10 3550 
0.1083659105 5.658211983e+11 1.24546606e+10 3467 
0.1098815177 5.218606094e+11 1.160630362e+10 3444 
0.1113971248 4.731226704e+11 1.058546616e+10 3314 
0.112912732 4.510083579e+11 1.009504992e+10 3356 
0.1144283391 4.124639612e+11 9275029531 3309 
0.1159439462 3.858776813e+11 8728271184 3211 
0.1174595534 3.56257022e+11 8116342008 3201 
0.1189751605 3.321009898e+11 7632200553 3139 
0.1204907677 2.995199777e+11 7119049338 2911 
0.1220063748 2.72190942e+11 6524754344 2895 
0.1235219819 2.544227292e+11 6145114700 2776 
0.1250375891 2.475481134e+11 5838966942 2854 
0.1265531962 2.128742691e+11 5277204869 2676 
0.1280688034 2.117619133e+11 5166604253 2739 
0.1295844105 1.975428035e+11 4879188719 2658 
0.1311000176 1.804082086e+11 4518207499 2606 
0.1326156248 1.636658494e+11 4130335905 2530 
0.1341312319 1.511403886e+11 3853267349 2447 
0.1356468391 1.417118536e+11 3738725088 2328 
0.1371624462 1.300798885e+11 3402320624 2285 
0.1386780533 1.226420135e+11 3293351476 2201 
0.1401936605 1.097641478e+11 3035914746 2110 
0.1417092676 1.015987369e+11 2814800508 2092 
0.1432248748 9.413651488e+10 2632919293 1975 
0.1447404819 9.1917228e+10 2591502359 2032 
0.146256089 8.5331042e+10 2435588762 1915 
0.1477716962 7.668537653e+10 2224195346 1830 
0.1492873033 7.016760755e+10 2096061011 1729 
0.1508029105 6.404343359e+10 1935939058 1710 
