# Format: McCode with text headers
# URL: http://www.mccode.org
# Creator:  3.8.5, git
# Instrument: eqsans_cylinder.instr
# Ncount: 5000000
# Trace: no
# Gravitation: no
# Seed: 1790194532186356
# Directory: /Users/georgeyumnam/WORK/PANRAID/PaNRAID-results/Group2/panraidproject/dataset_cylinder/cyl_001018
# Param: gx=0
# Param: gy=0
# Param: sample_on=1
# Param: bs_radius=0
# Param: samp_ap=0.01
# Param: sld=6.60366
# Param: sld_solvent=1
# Param: radius=164.912
# Param: length=739.852
# Param: pd_radius=0.264303
# Param: pd_length=0.02678
# Param: model_scale=1
# Param: model_abs=0
# Date: Wed Sep 23 22:15:51 2026 (1790194551)
# type: array_1d(100)
# Source: EQ_SANS_cylinder (eqsans_cylinder.instr)
# component: qmon
# position: 0 0 22.281
# title: QMonitor - Distribution in q (Radially averaged)
# Ncount: 5000000
# filename: qdet.dat
# statistics: X0=0.00610619; dX=0.00531369;
# signal: Min=3.84903e+12; Max=3.69947e+18; Mean=1.77841e+17;
# values: 1.77841e+19 9.64573e+17 253697
# xvar: q
# yvar: (I,I_err)
# xlabel: q [1 / AA]
# ylabel: I(q)
# xlimits: 0 0.151561
# variables: q I I_err N
0.0007578035702 2.685194453e+18 6.340732758e+17 41 
0.002273410711 3.699472003e+18 5.938851758e+17 135 
0.003789017851 1.796593642e+18 2.254245986e+17 202 
0.005304624991 2.500602497e+18 2.536155772e+17 310 
0.006820232132 1.873527663e+18 1.763145199e+17 381 
0.008335839272 1.27513625e+18 1.166422645e+17 446 
0.009851446413 1.015259638e+18 9.71496149e+16 531 
0.01136705355 8.763114055e+17 8.207792394e+16 649 
0.01288266069 5.71192572e+17 5.183252745e+16 698 
0.01439826783 4.936452252e+17 4.819766318e+16 778 
0.01591387497 3.03693342e+17 4.007972682e+16 826 
0.01742948211 1.960191091e+17 1.865033867e+16 927 
0.01894508925 1.416812338e+17 1.409837358e+16 1016 
0.0204606964 1.132781238e+17 1.490753483e+16 1126 
0.02197630354 6.354154653e+16 6.189842793e+15 1172 
0.02349191068 3.25892251e+16 2.40544518e+15 1246 
0.02500751782 3.570500433e+16 3.763804595e+15 1393 
0.02652312496 2.201317349e+16 1.857618881e+15 1405 
0.0280387321 1.672002959e+16 1.192469921e+15 1596 
0.02955433924 1.19025466e+16 7.31546615e+14 1608 
0.03106994638 9.202087996e+15 4.780966602e+14 1691 
0.03258555352 7.694656723e+15 3.679721524e+14 1786 
0.03410116066 6.405212187e+15 3.396348014e+14 1924 
0.0356167678 4.648038254e+15 1.88841984e+14 1856 
0.03713237494 4.02316272e+15 1.527347669e+14 2032 
0.03864798208 3.53562733e+15 1.313398188e+14 2103 
0.04016358922 3.097989233e+15 1.467875149e+14 2194 
0.04167919636 2.382059572e+15 8.567804332e+13 2196 
0.0431948035 2.186364228e+15 7.404979648e+13 2371 
0.04471041064 1.901661591e+15 6.126014929e+13 2477 
0.04622601778 1.565888212e+15 4.738346049e+13 2561 
0.04774162492 1.386043185e+15 4.095479338e+13 2561 
0.04925723206 1.192804054e+15 3.567096435e+13 2638 
0.0507728392 1.024565378e+15 2.921309097e+13 2710 
0.05228844634 8.953744143e+14 2.544513816e+13 2749 
0.05380405348 8.134042835e+14 2.239016984e+13 2895 
0.05531966062 7.509783749e+14 1.952756509e+13 3050 
0.05683526776 6.595607649e+14 1.764032462e+13 3045 
0.05835087491 5.852003109e+14 1.527309026e+13 3210 
0.05986648205 5.08685481e+14 1.283889489e+13 3183 
0.06138208919 4.775473864e+14 1.233722491e+13 3264 
0.06289769633 4.352051469e+14 1.102023181e+13 3333 
0.06441330347 3.985525195e+14 9.722806988e+12 3454 
0.06592891061 3.611761419e+14 8.926064198e+12 3467 
0.06744451775 3.20803017e+14 7.665871514e+12 3540 
0.06896012489 2.952003519e+14 7.066878481e+12 3624 
0.07047573203 2.652801713e+14 6.35439959e+12 3594 
0.07199133917 2.500278652e+14 5.844530555e+12 3722 
0.07350694631 2.173948397e+14 4.993578837e+12 3666 
0.07502255345 2.089334786e+14 4.701132653e+12 3790 
0.07653816059 1.819029412e+14 4.125461205e+12 3744 
0.07805376773 1.704308589e+14 3.930452751e+12 3756 
0.07956937487 1.611328115e+14 3.619272908e+12 3910 
0.08108498201 1.406333771e+14 3.159448111e+12 3779 
0.08260058915 1.346040156e+14 2.947693629e+12 3971 
0.08411619629 1.191629315e+14 2.672265037e+12 3818 
0.08563180343 1.099951347e+14 2.416436136e+12 3908 
0.08714741057 1.041828638e+14 2.283672073e+12 3889 
0.08866301771 9.267742967e+13 2.032665426e+12 3839 
0.09017862485 8.29037724e+13 1.834226897e+12 3787 
0.09169423199 8.077261329e+13 1.768558092e+12 3826 
0.09320983913 7.603090918e+13 1.651882283e+12 3834 
0.09472544627 6.905854506e+13 1.544779062e+12 3724 
0.09624105341 6.427049603e+13 1.389127744e+12 3815 
0.09775666056 5.903029325e+13 1.29946512e+12 3698 
0.0992722677 5.551233647e+13 1.23579293e+12 3667 
0.1007878748 5.268184254e+13 1.161847328e+12 3722 
0.102303482 4.640004838e+13 1.015505302e+12 3626 
0.1038190891 4.31673367e+13 9.79273798e+11 3495 
0.1053346963 4.032620215e+13 8.973800246e+11 3551 
0.1068503034 3.698704356e+13 8.265668131e+11 3456 
0.1083659105 3.490872099e+13 7.861287843e+11 3475 
0.1098815177 3.237519132e+13 7.370507651e+11 3393 
0.1113971248 3.075904498e+13 6.931747664e+11 3384 
0.112912732 2.711747512e+13 6.268112089e+11 3186 
0.1144283391 2.531822987e+13 5.860593306e+11 3174 
0.1159439462 2.393152483e+13 5.637309062e+11 3087 
0.1174595534 2.196081313e+13 5.169723559e+11 3118 
0.1189751605 2.082060771e+13 4.845046252e+11 3066 
0.1204907677 1.851798107e+13 4.403776551e+11 2986 
0.1220063748 1.706417759e+13 4.173620361e+11 2822 
0.1235219819 1.547181056e+13 3.833925055e+11 2726 
0.1250375891 1.498352447e+13 3.649629349e+11 2772 
0.1265531962 1.381273568e+13 3.428982188e+11 2670 
0.1280688034 1.249976252e+13 3.132555255e+11 2595 
0.1295844105 1.190626789e+13 3.027796148e+11 2497 
0.1311000176 1.122120229e+13 2.85747926e+11 2513 
0.1326156248 9.957900075e+12 2.601774121e+11 2400 
0.1341312319 9.037000607e+12 2.382169498e+11 2323 
0.1356468391 8.673054196e+12 2.324701717e+11 2315 
0.1371624462 8.119852904e+12 2.21983526e+11 2202 
0.1386780533 7.666202107e+12 2.053431491e+11 2239 
0.1401936605 6.605837363e+12 1.871205266e+11 2042 
0.1417092676 6.385220647e+12 1.838749552e+11 1990 
0.1432248748 5.891728352e+12 1.708728132e+11 1966 
0.1447404819 5.380169954e+12 1.580100957e+11 1878 
0.146256089 4.925275515e+12 1.466798703e+11 1825 
0.1477716962 4.562426164e+12 1.375079866e+11 1781 
0.1492873033 4.118827234e+12 1.274957279e+11 1675 
0.1508029105 3.849027172e+12 1.207770394e+11 1610 
