# Format: McCode with text headers
# URL: http://www.mccode.org
# Creator:  3.8.5, git
# Instrument: eqsans_cylinder.instr
# Ncount: 5000000
# Trace: no
# Gravitation: no
# Seed: 1790195824961122
# Directory: /Users/georgeyumnam/WORK/PANRAID/PaNRAID-results/Group2/panraidproject/dataset_cylinder/cyl_001737
# Param: gx=0
# Param: gy=0
# Param: sample_on=1
# Param: bs_radius=0
# Param: samp_ap=0.01
# Param: sld=3.07089
# Param: sld_solvent=1
# Param: radius=90.9175
# Param: length=492.468
# Param: pd_radius=0.06958
# Param: pd_length=0.12538
# Param: model_scale=1
# Param: model_abs=0
# Date: Wed Sep 23 22:37:22 2026 (1790195842)
# type: array_1d(100)
# Source: EQ_SANS_cylinder (eqsans_cylinder.instr)
# component: qmon
# position: 0 0 22.281
# title: QMonitor - Radially averaged distribution
# Ncount: 5000000
# filename: rdet.dat
# statistics: X0=0.049552; dX=0.0455133;
# signal: Min=1.36723e+12; Max=6.27921e+15; Mean=6.45916e+14;
# values: 6.45916e+16 1.98798e+15 159258
# xvar: r
# yvar: (I,I_err)
# xlabel: Radius [m]
# ylabel: I(r)
# xlimits: 0 0.5
# variables: r I I_err N
0.0025 6.279208691e+15 1.464645247e+15 23 
0.0075 4.714333696e+15 8.163134271e+14 46 
0.0125 4.508231715e+15 5.94382808e+14 84 
0.0175 3.508893553e+15 4.202276432e+14 102 
0.0225 4.103440128e+15 3.887012448e+14 145 
0.0275 3.353580641e+15 3.069113835e+14 164 
0.0325 3.321741797e+15 2.80414378e+14 207 
0.0375 3.203266675e+15 2.514454285e+14 249 
0.0425 3.180584377e+15 2.348079767e+14 277 
0.0475 2.95535065e+15 2.094160602e+14 318 
0.0525 2.816650406e+15 1.882025267e+14 349 
0.0575 2.365002331e+15 1.59931408e+14 359 
0.0625 2.382456581e+15 1.488875531e+14 419 
0.0675 2.049387647e+15 1.296895453e+14 427 
0.0725 1.836068698e+15 1.126678609e+14 467 
0.0775 1.528350667e+15 8.78357084e+13 499 
0.0825 1.399465141e+15 7.647982829e+13 579 
0.0875 1.359953573e+15 7.641066135e+13 567 
0.0925 1.09841801e+15 6.447728881e+13 567 
0.0975 1.099664254e+15 5.963055812e+13 625 
0.1025 8.814500604e+14 4.799797747e+13 614 
0.1075 8.360500415e+14 4.37548022e+13 693 
0.1125 6.447820248e+14 3.50317554e+13 710 
0.1175 6.399868892e+14 3.450296661e+13 745 
0.1225 4.744774831e+14 2.637132434e+13 741 
0.1275 4.36863141e+14 2.352977225e+13 781 
0.1325 4.023618127e+14 2.079798486e+13 829 
0.1375 3.618010941e+14 1.986771235e+13 860 
0.1425 3.171565367e+14 1.738149051e+13 905 
0.1475 2.98804066e+14 1.587228487e+13 962 
0.1525 2.499056525e+14 1.348392946e+13 944 
0.1575 2.393806547e+14 1.232423767e+13 1074 
0.1625 2.058389096e+14 1.13276094e+13 1026 
0.1675 1.646427131e+14 9.049542156e+12 1052 
0.1725 1.388971862e+14 7.844512569e+12 1090 
0.1775 1.360334309e+14 7.678938132e+12 1170 
0.1825 1.155623342e+14 6.395384781e+12 1161 
0.1875 9.695701528e+13 5.646782818e+12 1213 
0.1925 9.625820803e+13 5.837081948e+12 1205 
0.1975 8.074605181e+13 4.732109121e+12 1280 
0.2025 6.668729539e+13 4.187762783e+12 1268 
0.2075 6.531107011e+13 3.955517678e+12 1276 
0.2125 5.448758188e+13 3.236991508e+12 1402 
0.2175 5.176964958e+13 2.998525688e+12 1389 
0.2225 4.020530802e+13 2.345015543e+12 1466 
0.2275 3.718352224e+13 2.213105215e+12 1441 
0.2325 3.573803135e+13 2.081221663e+12 1460 
0.2375 3.002716224e+13 1.761932984e+12 1469 
0.2425 2.530761748e+13 1.491397889e+12 1494 
0.2475 2.489078643e+13 1.374060494e+12 1550 
0.2525 2.138703046e+13 1.128266777e+12 1640 
0.2575 1.850657996e+13 9.99839172e+11 1666 
0.2625 1.700182923e+13 8.66102721e+11 1732 
0.2675 1.504910417e+13 7.879107488e+11 1695 
0.2725 1.416491355e+13 6.893739062e+11 1788 
0.2775 1.156658891e+13 5.442364826e+11 1737 
0.2825 1.116100339e+13 4.969573364e+11 1820 
0.2875 1.002221139e+13 4.424704494e+11 1777 
0.2925 9.266352995e+12 4.042948314e+11 1856 
0.2975 8.38240425e+12 3.363389524e+11 1942 
0.3025 7.591006941e+12 2.735494353e+11 1918 
0.3075 6.847008415e+12 2.555663412e+11 1899 
0.3125 6.423690152e+12 2.416190924e+11 1959 
0.3175 6.201317984e+12 2.194819644e+11 1963 
0.3225 6.047762845e+12 2.015858327e+11 2048 
0.3275 5.666919416e+12 1.878249375e+11 2126 
0.3325 5.610952648e+12 1.783374574e+11 2200 
0.3375 4.916308898e+12 1.573549814e+11 2079 
0.3425 4.949201404e+12 1.532351447e+11 2212 
0.3475 4.559081287e+12 1.446981813e+11 2188 
0.3525 4.920977764e+12 1.517341743e+11 2345 
0.3575 4.296308571e+12 1.393974942e+11 2255 
0.3625 4.089322973e+12 1.283390286e+11 2274 
0.3675 3.971205246e+12 1.272239337e+11 2322 
0.3725 3.838459888e+12 1.216485665e+11 2377 
0.3775 3.739975753e+12 1.1980173e+11 2436 
0.3825 3.603952786e+12 1.157690734e+11 2454 
0.3875 3.641849367e+12 1.164560585e+11 2529 
0.3925 3.493808045e+12 1.121667007e+11 2565 
0.3975 3.108204702e+12 1.038089303e+11 2462 
0.4025 3.114215147e+12 1.022591649e+11 2501 
0.4075 3.024783068e+12 1.010205582e+11 2517 
0.4125 3.033731266e+12 9.927717943e+10 2631 
0.4175 2.90664875e+12 9.75265961e+10 2624 
0.4225 2.712397928e+12 9.033596713e+10 2705 
0.4275 2.609802587e+12 8.735677947e+10 2716 
0.4325 2.564573015e+12 8.838784466e+10 2759 
0.4375 2.379307882e+12 8.116535192e+10 2798 
0.4425 2.414542771e+12 8.017882315e+10 2863 
0.4475 2.283607916e+12 7.638382535e+10 2931 
0.4525 1.951014117e+12 6.899255032e+10 2793 
0.4575 1.974219767e+12 6.77136445e+10 2768 
0.4625 1.907825699e+12 6.403096125e+10 2989 
0.4675 1.88372759e+12 6.319804151e+10 3096 
0.4725 1.670732886e+12 5.763285966e+10 3001 
0.4775 1.637637782e+12 5.731260861e+10 3047 
0.4825 1.623683532e+12 5.51395241e+10 3139 
0.4875 1.467721625e+12 5.11861249e+10 3055 
0.4925 1.367232866e+12 4.711561054e+10 3058 
0.4975 1.454025497e+12 4.777663263e+10 3260 
