# Format: McCode with text headers
# URL: http://www.mccode.org
# Creator:  3.8.5, git
# Instrument: eqsans_cylinder.instr
# Ncount: 5000000
# Trace: no
# Gravitation: no
# Seed: 1790194024221121
# Directory: /Users/georgeyumnam/WORK/PANRAID/PaNRAID-results/Group2/panraidproject/dataset_cylinder/cyl_000732
# Param: gx=0
# Param: gy=0
# Param: sample_on=1
# Param: bs_radius=0
# Param: samp_ap=0.01
# Param: sld=4.88745
# Param: sld_solvent=1
# Param: radius=28.0237
# Param: length=519.813
# Param: pd_radius=0.112234
# Param: pd_length=0.236152
# Param: model_scale=1
# Param: model_abs=0
# Date: Wed Sep 23 22:07:22 2026 (1790194042)
# type: array_1d(100)
# Source: EQ_SANS_cylinder (eqsans_cylinder.instr)
# component: qmon
# position: 0 0 22.281
# title: QMonitor - Radially averaged distribution
# Ncount: 5000000
# filename: rdet.dat
# statistics: X0=0.103718; dX=0.0983435;
# signal: Min=2.07175e+12; Max=1.74837e+14; Mean=3.59094e+13;
# values: 3.59094e+15 6.74857e+13 159618
# xvar: r
# yvar: (I,I_err)
# xlabel: Radius [m]
# ylabel: I(r)
# xlimits: 0 0.5
# variables: r I I_err N
0.0025 1.032534562e+14 4.349371791e+13 9 
0.0075 1.204465379e+14 2.248149527e+13 44 
0.0125 1.74836584e+14 2.412974929e+13 83 
0.0175 1.661753941e+14 1.939898772e+13 112 
0.0225 1.42618493e+14 1.635042687e+13 136 
0.0275 1.496981215e+14 1.478278811e+13 166 
0.0325 1.296531399e+14 1.203173901e+13 186 
0.0375 1.345503587e+14 1.065891412e+13 243 
0.0425 1.266028746e+14 9.826018822e+12 261 
0.0475 1.167931896e+14 8.219471548e+12 317 
0.0525 1.218309506e+14 8.729148091e+12 337 
0.0575 1.238039553e+14 7.892820356e+12 431 
0.0625 9.980651416e+13 6.46739375e+12 395 
0.0675 8.691230188e+13 5.277071306e+12 415 
0.0725 8.90956219e+13 5.484086421e+12 472 
0.0775 8.285513241e+13 4.581353257e+12 499 
0.0825 7.390015556e+13 4.039204862e+12 532 
0.0875 7.11647604e+13 3.667287395e+12 564 
0.0925 7.019821471e+13 3.557137236e+12 603 
0.0975 6.745008585e+13 3.288255521e+12 631 
0.1025 5.471751951e+13 2.711478876e+12 609 
0.1075 5.81559718e+13 2.638920534e+12 705 
0.1125 5.392525587e+13 2.421896622e+12 736 
0.1175 5.015093184e+13 2.283220307e+12 730 
0.1225 4.710190224e+13 2.0979091e+12 754 
0.1275 4.739485271e+13 2.063282495e+12 789 
0.1325 4.652410243e+13 1.940026137e+12 880 
0.1375 4.392356748e+13 1.758402684e+12 918 
0.1425 3.582729373e+13 1.487577035e+12 844 
0.1475 3.772871595e+13 1.554390406e+12 905 
0.1525 3.711640502e+13 1.469044163e+12 961 
0.1575 3.649563947e+13 1.443618747e+12 1021 
0.1625 3.541028197e+13 1.274576866e+12 1144 
0.1675 3.277767165e+13 1.206493618e+12 1101 
0.1725 2.985327765e+13 1.077742611e+12 1095 
0.1775 2.826909171e+13 1.062034192e+12 1076 
0.1825 3.058777655e+13 1.087473578e+12 1233 
0.1875 2.808593939e+13 9.634450271e+11 1258 
0.1925 2.443691745e+13 8.789799057e+11 1153 
0.1975 2.543919963e+13 9.049048971e+11 1211 
0.2025 2.512390992e+13 8.735056328e+11 1262 
0.2075 2.408730957e+13 8.094215038e+11 1366 
0.2125 2.25002405e+13 7.275785356e+11 1408 
0.2175 2.173813262e+13 7.239598251e+11 1391 
0.2225 1.940873149e+13 6.473020542e+11 1354 
0.2275 2.034710975e+13 6.375121369e+11 1534 
0.2325 1.920866585e+13 6.240787104e+11 1471 
0.2375 1.8344695e+13 5.820029438e+11 1547 
0.2425 1.779641494e+13 5.719501518e+11 1527 
0.2475 1.645662214e+13 5.255774971e+11 1549 
0.2525 1.572844627e+13 5.044670566e+11 1567 
0.2575 1.555827307e+13 4.82371977e+11 1645 
0.2625 1.54988728e+13 4.688722642e+11 1749 
0.2675 1.435281713e+13 4.437134104e+11 1700 
0.2725 1.396410585e+13 4.135785681e+11 1815 
0.2775 1.275655793e+13 3.855315752e+11 1764 
0.2825 1.307658122e+13 3.819929614e+11 1844 
0.2875 1.261341156e+13 3.777393673e+11 1875 
0.2925 1.194102634e+13 3.543630415e+11 1896 
0.2975 1.11416673e+13 3.345787512e+11 1886 
0.3025 1.042192907e+13 3.051405573e+11 1928 
0.3075 9.946377109e+12 2.996247705e+11 1892 
0.3125 9.750826909e+12 2.921518505e+11 1989 
0.3175 9.947089212e+12 2.981712642e+11 2012 
0.3225 9.58312342e+12 2.744075823e+11 2173 
0.3275 8.980812022e+12 2.59799749e+11 2085 
0.3325 8.54738789e+12 2.474298075e+11 2152 
0.3375 7.843696865e+12 2.332323817e+11 2071 
0.3425 7.680647507e+12 2.310921926e+11 2168 
0.3475 7.23305078e+12 2.097567926e+11 2222 
0.3525 7.348700448e+12 2.103180132e+11 2272 
0.3575 6.740722448e+12 1.985399829e+11 2241 
0.3625 6.161635495e+12 1.769960595e+11 2243 
0.3675 6.284012024e+12 1.833508886e+11 2302 
0.3725 6.027003012e+12 1.784504347e+11 2367 
0.3775 5.726023534e+12 1.660727829e+11 2431 
0.3825 5.661398231e+12 1.630492215e+11 2465 
0.3875 5.502676528e+12 1.607145165e+11 2534 
0.3925 5.232441603e+12 1.525798143e+11 2552 
0.3975 4.994841863e+12 1.485347847e+11 2488 
0.4025 4.761107464e+12 1.366561562e+11 2600 
0.4075 4.205600495e+12 1.239438359e+11 2508 
0.4125 4.589995235e+12 1.336769496e+11 2695 
0.4175 3.955947334e+12 1.170919425e+11 2587 
0.4225 3.88723366e+12 1.157791855e+11 2619 
0.4275 3.939741905e+12 1.135686362e+11 2788 
0.4325 3.609360526e+12 1.082087407e+11 2742 
0.4375 3.46530179e+12 1.010489716e+11 2810 
0.4425 3.272550596e+12 9.796144975e+10 2712 
0.4475 3.112969102e+12 9.107707781e+10 2872 
0.4525 2.974491435e+12 8.848791426e+10 2826 
0.4575 2.959944467e+12 8.884044002e+10 2917 
0.4625 3.012811723e+12 8.804616863e+10 3071 
0.4675 2.703071388e+12 8.118891751e+10 3036 
0.4725 2.465254391e+12 7.458463468e+10 2993 
0.4775 2.460426607e+12 7.500199888e+10 2969 
0.4825 2.398091874e+12 7.261003784e+10 3088 
0.4875 2.135546772e+12 6.500653451e+10 3076 
0.4925 2.071752738e+12 6.38649598e+10 3206 
0.4975 2.13524517e+12 6.56139365e+10 3207 
