# Format: McCode with text headers
# URL: http://www.mccode.org
# Creator:  3.8.5, git
# Instrument: eqsans_cylinder.instr
# Ncount: 5000000
# Trace: no
# Gravitation: no
# Seed: 1790194908599244
# Directory: /Users/georgeyumnam/WORK/PANRAID/PaNRAID-results/Group2/panraidproject/dataset_cylinder/cyl_001226
# Param: gx=0
# Param: gy=0
# Param: sample_on=1
# Param: bs_radius=0
# Param: samp_ap=0.01
# Param: sld=3.26171
# Param: sld_solvent=1
# Param: radius=172.115
# Param: length=256.829
# Param: pd_radius=0.034553
# Param: pd_length=0.248927
# Param: model_scale=1
# Param: model_abs=0
# Date: Wed Sep 23 22:22:05 2026 (1790194925)
# type: array_1d(100)
# Source: EQ_SANS_cylinder (eqsans_cylinder.instr)
# component: qmon
# position: 0 0 22.281
# title: QMonitor - Distribution in q (Radially averaged)
# Ncount: 5000000
# filename: qdet.dat
# statistics: X0=0.00816927; dX=0.00657316;
# signal: Min=3.43246e+11; Max=6.95583e+16; Mean=5.7366e+15;
# values: 5.7366e+17 1.81966e+16 260733
# xvar: q
# yvar: (I,I_err)
# xlabel: q [1 / AA]
# ylabel: I(q)
# xlimits: 0 0.151561
# variables: q I I_err N
0.0007578035702 6.288984792e+16 1.327862057e+16 39 
0.002273410711 5.709122545e+16 6.584340334e+15 113 
0.003789017851 6.830149671e+16 5.798849693e+15 225 
0.005304624991 6.955825726e+16 5.303980239e+15 303 
0.006820232132 5.286567338e+16 3.8812511e+15 352 
0.008335839272 5.615065095e+16 3.758344086e+15 472 
0.009851446413 4.525948318e+16 2.860260484e+15 581 
0.01136705355 4.060157072e+16 2.430530217e+15 673 
0.01288266069 2.762187756e+16 1.729220712e+15 688 
0.01439826783 2.506642505e+16 1.580797841e+15 824 
0.01591387497 1.828370622e+16 1.185250045e+15 890 
0.01742948211 1.19555737e+16 7.667644322e+14 971 
0.01894508925 9.98902539e+15 6.779319328e+14 995 
0.0204606964 7.325316059e+15 5.067197672e+14 1110 
0.02197630354 5.442756979e+15 4.823844368e+14 1186 
0.02349191068 3.750710054e+15 3.317679137e+14 1317 
0.02500751782 2.471266317e+15 1.731342057e+14 1333 
0.02652312496 1.981627222e+15 1.453436711e+14 1514 
0.0280387321 1.226574201e+15 7.975597554e+13 1485 
0.02955433924 1.037743519e+15 7.056928785e+13 1704 
0.03106994638 7.350509632e+14 3.784738544e+13 1694 
0.03258555352 5.626826326e+14 2.139127047e+13 1723 
0.03410116066 4.995362929e+14 1.759944798e+13 1883 
0.0356167678 4.24255242e+14 1.459190778e+13 2002 
0.03713237494 3.23827496e+14 1.178414061e+13 2004 
0.03864798208 2.765271785e+14 9.077868775e+12 2155 
0.04016358922 2.248788065e+14 7.528423506e+12 2208 
0.04167919636 1.90232671e+14 6.55019055e+12 2303 
0.0431948035 1.637880504e+14 5.395390626e+12 2390 
0.04471041064 1.449278349e+14 4.752146286e+12 2493 
0.04622601778 1.213821534e+14 3.69536865e+12 2518 
0.04774162492 1.132924064e+14 3.198932534e+12 2637 
0.04925723206 1.060561683e+14 2.732178044e+12 2836 
0.0507728392 9.280112913e+13 2.367773228e+12 2799 
0.05228844634 8.134782003e+13 1.979157451e+12 2899 
0.05380405348 7.065107774e+13 1.749949963e+12 2997 
0.05531966062 6.352625589e+13 1.588494759e+12 3098 
0.05683526776 5.476656968e+13 1.368485544e+12 3080 
0.05835087491 4.604805213e+13 1.163986075e+12 3200 
0.05986648205 4.190088443e+13 1.074522899e+12 3285 
0.06138208919 3.695132934e+13 8.783811936e+11 3419 
0.06289769633 3.411598361e+13 7.864677859e+11 3516 
0.06441330347 3.187280474e+13 7.020125698e+11 3605 
0.06592891061 2.89657474e+13 6.327086624e+11 3549 
0.06744451775 2.745877641e+13 5.78695297e+11 3672 
0.06896012489 2.40660518e+13 5.14874705e+11 3543 
0.07047573203 2.303974378e+13 4.875707798e+11 3669 
0.07199133917 2.020932368e+13 4.229843898e+11 3790 
0.07350694631 1.848317043e+13 3.907417662e+11 3832 
0.07502255345 1.652530306e+13 3.499561381e+11 3898 
0.07653816059 1.514071059e+13 3.272231225e+11 3930 
0.07805376773 1.327044137e+13 2.844667353e+11 3862 
0.07956937487 1.270291805e+13 2.605374888e+11 4043 
0.08108498201 1.089493366e+13 2.239207302e+11 3946 
0.08260058915 1.044997006e+13 2.092254604e+11 4003 
0.08411619629 9.747647511e+12 1.973060255e+11 3901 
0.08563180343 9.382936771e+12 1.847590255e+11 4031 
0.08714741057 8.671423739e+12 1.731440344e+11 3963 
0.08866301771 7.898300361e+12 1.571309017e+11 3931 
0.09017862485 7.490158197e+12 1.500939361e+11 3949 
0.09169423199 6.677348818e+12 1.35989621e+11 3902 
0.09320983913 6.256975225e+12 1.263148323e+11 3970 
0.09472544627 5.775505543e+12 1.179768591e+11 3918 
0.09624105341 5.129223243e+12 1.039632494e+11 3930 
0.09775666056 4.454212216e+12 9.214493281e+10 3678 
0.0992722677 4.378891072e+12 8.730722755e+10 3877 
0.1007878748 3.962741968e+12 7.958196601e+10 3688 
0.102303482 3.851970709e+12 7.629525593e+10 3770 
0.1038190891 3.586920833e+12 7.216123589e+10 3678 
0.1053346963 3.402296685e+12 6.815764475e+10 3658 
0.1068503034 3.149834122e+12 6.444003286e+10 3562 
0.1083659105 2.900304292e+12 5.986372126e+10 3517 
0.1098815177 2.667403171e+12 5.617899618e+10 3450 
0.1113971248 2.390063157e+12 5.117460318e+10 3336 
0.112912732 2.339128557e+12 4.83743666e+10 3522 
0.1144283391 2.046753716e+12 4.396777124e+10 3217 
0.1159439462 1.864758702e+12 3.9917297e+10 3184 
0.1174595534 1.762902005e+12 3.813080657e+10 3172 
0.1189751605 1.613300749e+12 3.516037542e+10 3083 
0.1204907677 1.583700678e+12 3.453006948e+10 3076 
0.1220063748 1.44320037e+12 3.180280113e+10 2986 
0.1235219819 1.268934893e+12 2.866641721e+10 2818 
0.1250375891 1.182725016e+12 2.711325686e+10 2738 
0.1265531962 1.134264263e+12 2.599071092e+10 2736 
0.1280688034 1.026044115e+12 2.395477812e+10 2643 
0.1295844105 9.828826607e+11 2.315316184e+10 2647 
0.1311000176 8.752393026e+11 2.114389573e+10 2515 
0.1326156248 8.28024232e+11 2.002873041e+10 2484 
0.1341312319 7.470807585e+11 1.808704749e+10 2433 
0.1356468391 6.73699256e+11 1.688673806e+10 2262 
0.1371624462 6.477477987e+11 1.608848789e+10 2266 
0.1386780533 6.24715991e+11 1.546724559e+10 2285 
0.1401936605 5.468787149e+11 1.425340086e+10 2085 
0.1417092676 5.334134896e+11 1.363044714e+10 2142 
0.1432248748 4.7356353e+11 1.267091404e+10 1972 
0.1447404819 4.659301396e+11 1.22628813e+10 2036 
0.146256089 4.278702449e+11 1.143929636e+10 1949 
0.1477716962 3.85239171e+11 1.046920398e+10 1886 
0.1492873033 3.655486247e+11 1.00045462e+10 1851 
0.1508029105 3.432464109e+11 9564452316 1780 
