# Format: McCode with text headers
# URL: http://www.mccode.org
# Creator:  3.8.5, git
# Instrument: eqsans_cylinder.instr
# Ncount: 5000000
# Trace: no
# Gravitation: no
# Seed: 1790196162732428
# Directory: /Users/georgeyumnam/WORK/PANRAID/PaNRAID-results/Group2/panraidproject/dataset_cylinder/cyl_001925
# Param: gx=0
# Param: gy=0
# Param: sample_on=1
# Param: bs_radius=0
# Param: samp_ap=0.01
# Param: sld=7.51102
# Param: sld_solvent=1
# Param: radius=73.7422
# Param: length=815.122
# Param: pd_radius=0.019572
# Param: pd_length=0.176933
# Param: model_scale=1
# Param: model_abs=0
# Date: Wed Sep 23 22:43:00 2026 (1790196180)
# type: array_1d(100)
# Source: EQ_SANS_cylinder (eqsans_cylinder.instr)
# component: qmon
# position: 0 0 22.281
# title: QMonitor - Radially averaged distribution
# Ncount: 5000000
# filename: rdet.dat
# statistics: X0=0.0545954; dX=0.0501323;
# signal: Min=1.60932e+13; Max=5.12913e+16; Mean=5.39417e+15;
# values: 5.39417e+17 1.44546e+16 157665
# xvar: r
# yvar: (I,I_err)
# xlabel: Radius [m]
# ylabel: I(r)
# xlimits: 0 0.5
# variables: r I I_err N
0.0025 2.641832138e+16 8.658906629e+15 12 
0.0075 5.129126105e+16 7.362331963e+15 64 
0.0125 3.216711553e+16 4.387169595e+15 76 
0.0175 3.203793727e+16 3.830092516e+15 105 
0.0225 3.564192152e+16 3.470768724e+15 154 
0.0275 2.766897174e+16 2.721205186e+15 160 
0.0325 3.109772076e+16 2.595974855e+15 208 
0.0375 2.947071143e+16 2.389355593e+15 237 
0.0425 2.750683233e+16 1.991591172e+15 277 
0.0475 2.217975248e+16 1.595961401e+15 285 
0.0525 2.184053828e+16 1.485599688e+15 332 
0.0575 1.810060591e+16 1.234990098e+15 349 
0.0625 1.918748891e+16 1.157398631e+15 437 
0.0675 1.55881818e+16 9.286889359e+14 430 
0.0725 1.427166223e+16 8.283497919e+14 472 
0.0775 1.30032962e+16 7.367256326e+14 496 
0.0825 1.2678079e+16 7.066651849e+14 528 
0.0875 1.093152633e+16 5.887566053e+14 547 
0.0925 9.474229646e+15 4.994208325e+14 573 
0.0975 8.402605228e+15 4.258285208e+14 618 
0.1025 7.842187936e+15 3.876739509e+14 667 
0.1075 6.80062394e+15 3.43989311e+14 650 
0.1125 6.398951173e+15 3.146643576e+14 705 
0.1175 5.894220107e+15 2.769816661e+14 778 
0.1225 5.351482676e+15 2.624788321e+14 758 
0.1275 4.90052084e+15 2.261814818e+14 809 
0.1325 4.269175697e+15 1.993785465e+14 834 
0.1375 4.108406345e+15 1.874757933e+14 850 
0.1425 3.659558112e+15 1.695592335e+14 899 
0.1475 3.376669446e+15 1.585480718e+14 930 
0.1525 2.755975376e+15 1.316294643e+14 896 
0.1575 2.466909172e+15 1.159025177e+14 959 
0.1625 2.262443835e+15 1.07262137e+14 1016 
0.1675 2.027907562e+15 9.709647543e+13 1040 
0.1725 1.837974457e+15 8.630392129e+13 1094 
0.1775 1.627313346e+15 7.948333815e+13 1125 
0.1825 1.499918627e+15 7.126676518e+13 1161 
0.1875 1.329339716e+15 6.429522261e+13 1193 
0.1925 1.228045636e+15 5.897543677e+13 1214 
0.1975 1.02505955e+15 5.232372889e+13 1266 
0.2025 9.971888649e+14 4.955354922e+13 1311 
0.2075 8.529058959e+14 4.295573195e+13 1322 
0.2125 7.041644586e+14 3.70158851e+13 1308 
0.2175 6.954149746e+14 3.610794609e+13 1388 
0.2225 6.487564888e+14 3.342659624e+13 1418 
0.2275 5.549503167e+14 2.862828528e+13 1470 
0.2325 4.775072742e+14 2.531296651e+13 1445 
0.2375 4.274427627e+14 2.269276654e+13 1506 
0.2425 4.131519448e+14 2.222522726e+13 1550 
0.2475 3.751989913e+14 2.124292068e+13 1512 
0.2525 3.406523202e+14 1.857371992e+13 1659 
0.2575 2.624278663e+14 1.504392519e+13 1565 
0.2625 2.796537532e+14 1.570720888e+13 1733 
0.2675 2.37562075e+14 1.313320383e+13 1708 
0.2725 2.031524063e+14 1.127520593e+13 1768 
0.2775 1.812138656e+14 9.601651752e+12 1783 
0.2825 1.750461872e+14 9.387923398e+12 1804 
0.2875 1.440169711e+14 8.291349777e+12 1764 
0.2925 1.45982953e+14 7.842177725e+12 1878 
0.2975 1.191631891e+14 6.241111676e+12 1836 
0.3025 1.175295222e+14 5.972541796e+12 1969 
0.3075 1.002904393e+14 5.281402448e+12 1992 
0.3125 9.292214268e+13 4.90918729e+12 1931 
0.3175 8.237910371e+13 3.86918613e+12 1939 
0.3225 7.418113754e+13 3.523275714e+12 1988 
0.3275 7.285888976e+13 3.385347078e+12 2053 
0.3325 6.16706156e+13 2.660802581e+12 2089 
0.3375 5.691999546e+13 2.448239045e+12 2052 
0.3425 5.855514039e+13 2.524233176e+12 2138 
0.3475 5.158453817e+13 2.058503588e+12 2180 
0.3525 4.709698133e+13 1.711250808e+12 2227 
0.3575 4.405290986e+13 1.635667001e+12 2307 
0.3625 3.996333412e+13 1.462990063e+12 2277 
0.3675 3.922004866e+13 1.269120074e+12 2325 
0.3725 3.489594342e+13 1.185355227e+12 2286 
0.3775 3.482491745e+13 1.101272556e+12 2372 
0.3825 3.227197438e+13 9.738755073e+11 2417 
0.3875 3.162070885e+13 9.984971974e+11 2461 
0.3925 3.279619918e+13 9.800394556e+11 2614 
0.3975 3.040273802e+13 8.803042665e+11 2607 
0.4025 2.74991785e+13 7.942226499e+11 2527 
0.4075 2.680240543e+13 7.470068465e+11 2586 
0.4125 2.533969554e+13 7.161616331e+11 2591 
0.4175 2.518134946e+13 7.056361873e+11 2625 
0.4225 2.454256501e+13 6.77523982e+11 2671 
0.4275 2.31978242e+13 6.510652554e+11 2689 
0.4325 2.267413196e+13 6.370568912e+11 2754 
0.4375 2.2890657e+13 6.493489788e+11 2675 
0.4425 2.163857691e+13 6.095012461e+11 2848 
0.4475 2.085019718e+13 5.936531774e+11 2831 
0.4525 1.977562116e+13 5.67476609e+11 2815 
0.4575 2.011867328e+13 5.723965943e+11 2938 
0.4625 1.926457744e+13 5.61136247e+11 2803 
0.4675 1.905421876e+13 5.481398811e+11 2957 
0.4725 1.838233757e+13 5.340216802e+11 3000 
0.4775 1.846584102e+13 5.360557495e+11 2988 
0.4825 1.834549416e+13 5.313258786e+11 2992 
0.4875 1.657110505e+13 4.91272149e+11 2999 
0.4925 1.678794284e+13 4.958957833e+11 3106 
0.4975 1.609319838e+13 4.820713885e+11 3114 
