# Format: McCode with text headers
# URL: http://www.mccode.org
# Creator:  3.8.5, git
# Instrument: eqsans_sans.instr
# Ncount: 10000000
# Trace: no
# Gravitation: no
# Seed: 1790176145160438
# Directory: /Users/georgeyumnam/WORK/PANRAID/PaNRAID-results/Group2/panraidproject/scan_sans_nosample/x-01_y-02
# Param: gx=-0.001
# Param: gy=-0.002
# Param: sample_on=0
# Param: R_sphere=100
# Param: Phi=0.01
# Param: bs_radius=0
# Param: samp_ap=0.01
# Date: Wed Sep 23 17:09:41 2026 (1790176181)
# type: array_1d(120)
# Source: EQ_SANS_sample (eqsans_sans.instr)
# component: lambda_det
# position: 0 0 22.28
# title: Wavelength monitor
# Ncount: 10000000
# filename: lambda_det.dat
# statistics: X0=3.89904; dX=0.935805;
# signal: Min=0; Max=467560; Mean=60845.3;
# values: 7.30143e+06 75257 9762
# xvar: L
# yvar: (I,I_err)
# xlabel: Wavelength [AA]
# ylabel: Intensity
# xlimits: 0 12
# variables: L I I_err N
0.05 0 0 0 
0.15 0 0 0 
0.25 0 0 0 
0.35 0 0 0 
0.45 0 0 0 
0.55 0 0 0 
0.65 0 0 0 
0.75 0 0 0 
0.85 0 0 0 
0.95 0 0 0 
1.05 0 0 0 
1.15 0 0 0 
1.25 0 0 0 
1.35 0 0 0 
1.45 0 0 0 
1.55 0 0 0 
1.65 0 0 0 
1.75 0 0 0 
1.85 0 0 0 
1.95 0 0 0 
2.05 0 0 0 
2.15 0 0 0 
2.25 3843.050109 1583.067627 6 
2.35 2552.501596 1507.842023 3 
2.45 16414.11458 3495.097611 23 
2.55 40922.55825 5628.837516 55 
2.65 61010.67316 6875.593354 81 
2.75 189105.6189 11917.45465 260 
2.85 367700.2487 16950.81876 489 
2.95 467559.7643 19047.95557 627 
3.05 443666.6088 18498.58729 596 
3.15 432036.77 18385.56603 572 
3.25 396352.7589 17560.45009 528 
3.35 370863.6438 16949.11964 498 
3.45 373632.4628 17137.68726 491 
3.55 325945.5806 15918.37462 434 
3.65 304295.3479 15309.53489 410 
3.75 291107.9167 15084.92056 385 
3.85 251594.0585 13980.41356 336 
3.95 245656.8922 13888.81241 324 
4.05 232352.4916 13362.84883 314 
4.15 204565.7956 12503.1108 279 
4.25 190141.171 12171.06202 253 
4.35 190116.186 12202.40193 251 
4.45 162477.945 11234.27464 216 
4.55 151710.9467 10887.83198 200 
4.65 139526.6085 10341.01563 189 
4.75 130837.923 10136.96983 173 
4.85 112830.174 9330.823099 152 
4.95 94853.89559 8542.509275 128 
5.05 113491.0461 9326.58564 154 
5.15 103791.5907 8953.73386 139 
5.25 84581.67167 8148.776166 112 
5.35 94834.25484 8498.205606 129 
5.45 89745.63716 8426.76201 118 
5.55 85912.96095 8045.383424 119 
5.65 82810.52693 7939.794294 113 
5.75 67904.87739 7224.332652 92 
5.85 64629.57038 7164.170174 85 
5.95 62421.63051 6793.435977 88 
6.05 52154.57872 6347.606433 70 
6.15 63149.1374 7111.814077 82 
6.25 45790.46615 5975.148974 61 
6.35 47357.03957 6086.372513 63 
6.45 30145.68456 4887.756459 39 
6.55 18151.67539 3767.959189 24 
6.65 888.6607246 888.6607246 1 
6.75 0 0 0 
6.85 0 0 0 
6.95 0 0 0 
7.05 0 0 0 
7.15 0 0 0 
7.25 0 0 0 
7.35 0 0 0 
7.45 0 0 0 
7.55 0 0 0 
7.65 0 0 0 
7.75 0 0 0 
7.85 0 0 0 
7.95 0 0 0 
8.05 0 0 0 
8.15 0 0 0 
8.25 0 0 0 
8.35 0 0 0 
8.45 0 0 0 
8.55 0 0 0 
8.65 0 0 0 
8.75 0 0 0 
8.85 0 0 0 
8.95 0 0 0 
9.05 0 0 0 
9.15 0 0 0 
9.25 0 0 0 
9.35 0 0 0 
9.45 0 0 0 
9.55 0 0 0 
9.65 0 0 0 
9.75 0 0 0 
9.85 0 0 0 
9.95 0 0 0 
10.05 0 0 0 
10.15 0 0 0 
10.25 0 0 0 
10.35 0 0 0 
10.45 0 0 0 
10.55 0 0 0 
10.65 0 0 0 
10.75 0 0 0 
10.85 0 0 0 
10.95 0 0 0 
11.05 0 0 0 
11.15 0 0 0 
11.25 0 0 0 
11.35 0 0 0 
11.45 0 0 0 
11.55 0 0 0 
11.65 0 0 0 
11.75 0 0 0 
11.85 0 0 0 
11.95 0 0 0 
