# Format: McCode with text headers
# URL: http://www.mccode.org
# Creator:  3.8.5, git
# Instrument: eqsans_cylinder.instr
# Ncount: 5000000
# Trace: no
# Gravitation: no
# Seed: 1790195441453701
# Directory: /Users/georgeyumnam/WORK/PANRAID/PaNRAID-results/Group2/panraidproject/dataset_cylinder/cyl_001520
# Param: gx=0
# Param: gy=0
# Param: sample_on=1
# Param: bs_radius=0
# Param: samp_ap=0.01
# Param: sld=1.12673
# Param: sld_solvent=1
# Param: radius=44.64
# Param: length=560.06
# Param: pd_radius=0.148735
# Param: pd_length=0.260184
# Param: model_scale=1
# Param: model_abs=0
# Date: Wed Sep 23 22:30:59 2026 (1790195459)
# type: array_1d(100)
# Source: EQ_SANS_cylinder (eqsans_cylinder.instr)
# component: qmon
# position: 0 0 22.281
# title: QMonitor - Distribution in q (Radially averaged)
# Ncount: 5000000
# filename: qdet.dat
# statistics: X0=0.0137858; dX=0.0132402;
# signal: Min=3.14116e+08; Max=6.34907e+12; Mean=6.25849e+11;
# values: 6.25849e+13 1.66367e+12 251832
# xvar: q
# yvar: (I,I_err)
# xlabel: q [1 / AA]
# ylabel: I(q)
# xlimits: 0 0.151561
# variables: q I I_err N
0.0007578035702 6.349067023e+12 1.238455975e+12 45 
0.002273410711 5.769853711e+12 7.08174647e+11 142 
0.003789017851 4.676864026e+12 4.67361896e+11 199 
0.005304624991 4.282514135e+12 3.819842964e+11 272 
0.006820232132 4.52240371e+12 3.549365565e+11 379 
0.008335839272 3.87638962e+12 2.762756225e+11 449 
0.009851446413 3.689225583e+12 2.50126612e+11 523 
0.01136705355 2.926223173e+12 1.752112019e+11 572 
0.01288266069 2.969831704e+12 1.616183794e+11 718 
0.01439826783 2.440934057e+12 1.281707681e+11 792 
0.01591387497 2.105133527e+12 1.081533816e+11 824 
0.01742948211 1.841679873e+12 9.204115012e+10 873 
0.01894508925 1.903364547e+12 9.018010698e+10 1044 
0.0204606964 1.637181148e+12 6.952646177e+10 1138 
0.02197630354 1.466351821e+12 5.802484212e+10 1216 
0.02349191068 1.240913561e+12 4.831433575e+10 1249 
0.02500751782 1.154014212e+12 4.556212686e+10 1338 
0.02652312496 1.079681127e+12 4.148437292e+10 1469 
0.0280387321 9.111704616e+11 3.181881303e+10 1484 
0.02955433924 8.43620084e+11 2.917478302e+10 1539 
0.03106994638 7.88522948e+11 2.636465492e+10 1694 
0.03258555352 6.948001164e+11 2.395049613e+10 1737 
0.03410116066 6.210542309e+11 1.965690889e+10 1844 
0.0356167678 5.389126831e+11 1.688477862e+10 1851 
0.03713237494 4.714073383e+11 1.443921312e+10 1937 
0.03864798208 4.279146047e+11 1.256374753e+10 2053 
0.04016358922 4.077444758e+11 1.167685154e+10 2198 
0.04167919636 3.49382124e+11 9942097807 2243 
0.0431948035 3.08930399e+11 8759728326 2290 
0.04471041064 2.995706444e+11 8349046608 2461 
0.04622601778 2.600793258e+11 6884280704 2621 
0.04774162492 2.176650947e+11 5753088374 2611 
0.04925723206 2.078033925e+11 5399812622 2749 
0.0507728392 1.671904957e+11 4303405719 2741 
0.05228844634 1.506341466e+11 3741617049 2890 
0.05380405348 1.318801273e+11 3307439284 2981 
0.05531966062 1.138296985e+11 2738684570 3067 
0.05683526776 9.364871182e+10 2325295891 3092 
0.05835087491 8.631870567e+10 2136660711 3171 
0.05986648205 7.170302909e+10 1731317987 3142 
0.06138208919 6.293031351e+10 1504577609 3335 
0.06289769633 5.239851428e+10 1253932844 3315 
0.06441330347 4.473392664e+10 1098514952 3380 
0.06592891061 3.869450194e+10 938772454 3524 
0.06744451775 3.187144301e+10 766690432.2 3562 
0.06896012489 2.618959416e+10 629516802.9 3625 
0.07047573203 2.175396177e+10 546568751.8 3551 
0.07199133917 1.964428912e+10 490067237.4 3692 
0.07350694631 1.635085476e+10 399636545.8 3746 
0.07502255345 1.363725754e+10 340628230.1 3785 
0.07653816059 1.170166503e+10 300587519.7 3707 
0.07805376773 9650204118 248030891.1 3774 
0.07956937487 8740363802 225219096.6 3813 
0.08108498201 7765151484 197223886.7 3884 
0.08260058915 6802746299 170862311 3863 
0.08411619629 6056325899 152242195.1 3797 
0.08563180343 5611790356 143298075.9 3849 
0.08714741057 5565965375 135227775.9 3952 
0.08866301771 4953215523 125083745.5 3776 
0.09017862485 4847942711 124183720.2 3845 
0.09169423199 4746180989 119178349.1 3766 
0.09320983913 4640439852 116287689.3 3800 
0.09472544627 4506447554 114172776.7 3700 
0.09624105341 4551957604 109591338.4 3821 
0.09775666056 4230196428 103398944.1 3673 
0.0992722677 4206268231 102165994.4 3644 
0.1007878748 3942875568 95099875.82 3545 
0.102303482 3985236185 94113968.64 3553 
0.1038190891 3871465079 93012570.72 3465 
0.1053346963 3860240169 87940277.6 3613 
0.1068503034 3546690507 82069346.2 3399 
0.1083659105 3527615827 81704833.29 3357 
0.1098815177 3407331773 77914081.33 3407 
0.1113971248 3170475721 72521694.44 3247 
0.112912732 2994379943 68981239.99 3182 
0.1144283391 2779245489 63720949.67 3146 
0.1159439462 2614328514 60493649.02 3066 
0.1174595534 2479102830 57356513.01 3023 
0.1189751605 2225230913 52767980.47 2832 
0.1204907677 2093487517 49319537.48 2869 
0.1220063748 1924488617 45727082.17 2841 
0.1235219819 1818338075 43020338.51 2839 
0.1250375891 1657156265 39901739.34 2780 
0.1265531962 1480793168 36641057.43 2636 
0.1280688034 1355451084 33923138.75 2568 
0.1295844105 1226469112 31144303.36 2520 
0.1311000176 1133236579 29032380.73 2465 
0.1326156248 996971697.1 26053201.61 2372 
0.1341312319 901505951.8 24347843.85 2299 
0.1356468391 780968923.7 21816235.05 2115 
0.1371624462 769909593.7 21141341.01 2205 
0.1386780533 632508580.4 17923381.21 2049 
0.1401936605 612056143.8 17406492.8 2085 
0.1417092676 570704183.4 16457474.32 2031 
0.1432248748 489556476.1 14723234 1907 
0.1447404819 444457376 13690299.8 1827 
0.146256089 391951678.9 12274381.57 1768 
0.1477716962 397685894.3 12655190.17 1742 
0.1492873033 354554392.7 11477055.43 1695 
0.1508029105 314115571 10552095.04 1567 
