# Format: McCode with text headers
# URL: http://www.mccode.org
# Creator:  3.8.5, git
# Instrument: eqsans_cylinder.instr
# Ncount: 5000000
# Trace: no
# Gravitation: no
# Seed: 1790194206803969
# Directory: /Users/georgeyumnam/WORK/PANRAID/PaNRAID-results/Group2/panraidproject/dataset_cylinder/cyl_000836
# Param: gx=0
# Param: gy=0
# Param: sample_on=1
# Param: bs_radius=0
# Param: samp_ap=0.01
# Param: sld=6.25345
# Param: sld_solvent=1
# Param: radius=98.6573
# Param: length=707.342
# Param: pd_radius=0.233518
# Param: pd_length=0.054705
# Param: model_scale=1
# Param: model_abs=0
# Date: Wed Sep 23 22:10:24 2026 (1790194224)
# type: array_1d(100)
# Source: EQ_SANS_cylinder (eqsans_cylinder.instr)
# component: qmon
# position: 0 0 22.281
# title: QMonitor - Radially averaged distribution
# Ncount: 5000000
# filename: rdet.dat
# statistics: X0=0.0452797; dX=0.0394386;
# signal: Min=1.23238e+13; Max=8.52358e+16; Mean=9.68692e+15;
# values: 9.68692e+17 4.66328e+16 159958
# xvar: r
# yvar: (I,I_err)
# xlabel: Radius [m]
# ylabel: I(r)
# xlimits: 0 0.5
# variables: r I I_err N
0.0025 7.173659252e+16 3.508928441e+16 12 
0.0075 8.523578148e+16 2.21567593e+16 39 
0.0125 5.098398955e+16 9.844273001e+15 59 
0.0175 6.460334643e+16 9.563675025e+15 116 
0.0225 6.67550058e+16 9.236303202e+15 126 
0.0275 6.452141458e+16 7.865154419e+15 163 
0.0325 6.482060968e+16 6.829745867e+15 217 
0.0375 5.846505006e+16 5.899504122e+15 248 
0.0425 5.000694925e+16 5.070789032e+15 254 
0.0475 5.685345184e+16 5.083165986e+15 346 
0.0525 4.22391917e+16 3.668643383e+15 335 
0.0575 3.83246442e+16 3.953149499e+15 382 
0.0625 3.228503713e+16 2.910115208e+15 397 
0.0675 2.961467953e+16 2.467709491e+15 399 
0.0725 2.678465589e+16 2.14814678e+15 452 
0.0775 2.056738509e+16 2.017170956e+15 476 
0.0825 2.067987364e+16 1.783514759e+15 552 
0.0875 1.597213022e+16 1.114173359e+15 570 
0.0925 1.443799078e+16 1.017329822e+15 603 
0.0975 1.310441132e+16 9.344976499e+14 607 
0.1025 1.093356473e+16 8.576631806e+14 664 
0.1075 9.509178832e+15 6.512499616e+14 687 
0.1125 7.664186086e+15 5.016970471e+14 726 
0.1175 8.138475423e+15 5.569042723e+14 772 
0.1225 5.577229425e+15 3.83713583e+14 784 
0.1275 5.311745075e+15 3.690181573e+14 849 
0.1325 4.43036062e+15 2.810920675e+14 857 
0.1375 3.772850556e+15 2.415289525e+14 876 
0.1425 3.018347467e+15 1.98874712e+14 890 
0.1475 2.954012792e+15 2.046061869e+14 981 
0.1525 2.195379455e+15 1.469496969e+14 920 
0.1575 1.939314927e+15 1.246747537e+14 1019 
0.1625 1.812252981e+15 1.232091812e+14 1046 
0.1675 1.587696648e+15 1.063724507e+14 1069 
0.1725 1.205561057e+15 8.019918737e+13 1049 
0.1775 1.151512197e+15 7.644288235e+13 1136 
0.1825 9.785656712e+14 6.026104807e+13 1187 
0.1875 8.388341025e+14 4.992028952e+13 1179 
0.1925 7.084078519e+14 4.294968379e+13 1203 
0.1975 6.521201362e+14 3.944698793e+13 1233 
0.2025 5.443734949e+14 3.257815096e+13 1289 
0.2075 4.649549513e+14 2.631465724e+13 1310 
0.2125 4.823167898e+14 3.12017939e+13 1376 
0.2175 4.168330711e+14 2.259403588e+13 1433 
0.2225 3.699897054e+14 2.062423298e+13 1435 
0.2275 2.975546804e+14 1.59171242e+13 1431 
0.2325 2.730459566e+14 1.594339137e+13 1457 
0.2375 2.574037192e+14 1.306299724e+13 1552 
0.2425 2.270793038e+14 1.124849117e+13 1537 
0.2475 2.124186375e+14 1.0936861e+13 1568 
0.2525 1.931098471e+14 9.368428726e+12 1639 
0.2575 1.707411089e+14 8.234292291e+12 1660 
0.2625 1.483972247e+14 6.40086858e+12 1669 
0.2675 1.363424573e+14 6.054584901e+12 1720 
0.2725 1.364471491e+14 6.124173572e+12 1716 
0.2775 1.221416747e+14 5.160604621e+12 1803 
0.2825 1.065270646e+14 4.715745288e+12 1778 
0.2875 1.038533144e+14 4.477847649e+12 1870 
0.2925 1.080202369e+14 4.492971322e+12 1926 
0.2975 9.265847877e+13 3.598663428e+12 2038 
0.3025 8.952181375e+13 3.714770546e+12 1896 
0.3075 8.296215842e+13 3.407339326e+12 1972 
0.3125 7.287550297e+13 2.88787634e+12 2009 
0.3175 7.149797167e+13 2.865359381e+12 2003 
0.3225 7.03033681e+13 2.941537331e+12 2129 
0.3275 6.146148732e+13 2.566827151e+12 2047 
0.3325 5.897293903e+13 2.44868887e+12 2091 
0.3375 6.112046289e+13 2.511772178e+12 2208 
0.3425 5.487358034e+13 2.122929485e+12 2205 
0.3475 5.160728605e+13 2.03462021e+12 2310 
0.3525 5.100890831e+13 2.03502144e+12 2249 
0.3575 4.867028114e+13 1.867103455e+12 2331 
0.3625 4.457177287e+13 1.764487598e+12 2305 
0.3675 4.406731413e+13 1.715672614e+12 2426 
0.3725 3.974713485e+13 1.550816147e+12 2314 
0.3775 4.005355637e+13 1.497835303e+12 2475 
0.3825 3.404310861e+13 1.313121294e+12 2328 
0.3875 3.336372843e+13 1.262280002e+12 2443 
0.3925 3.256926039e+13 1.218944363e+12 2560 
0.3975 2.881958072e+13 1.081982501e+12 2547 
0.4025 2.931843021e+13 1.086793846e+12 2542 
0.4075 2.80833859e+13 1.009441958e+12 2658 
0.4125 2.537107616e+13 9.534949344e+11 2536 
0.4175 2.551545908e+13 8.902796229e+11 2723 
0.4225 2.32229405e+13 8.327964996e+11 2628 
0.4275 2.18859132e+13 7.845632388e+11 2575 
0.4325 2.081628037e+13 7.158286501e+11 2837 
0.4375 2.084883145e+13 7.663858528e+11 2791 
0.4425 1.927913842e+13 6.553488476e+11 2821 
0.4475 2.033222234e+13 7.063247159e+11 2880 
0.4525 1.778804938e+13 6.275370844e+11 2912 
0.4575 1.863853124e+13 6.405851801e+11 2991 
0.4625 1.626118083e+13 5.647076551e+11 2930 
0.4675 1.520899924e+13 5.068175884e+11 3020 
0.4725 1.462937115e+13 4.936397863e+11 2976 
0.4775 1.445012865e+13 4.7464079e+11 3052 
0.4825 1.432548498e+13 4.817367489e+11 3110 
0.4875 1.318360518e+13 4.362002556e+11 3068 
0.4925 1.23238153e+13 3.947159972e+11 3171 
0.4975 1.239120037e+13 4.043645094e+11 3202 
