# Format: McCode with text headers
# URL: http://www.mccode.org
# Creator:  3.8.5, git
# Instrument: eqsans_cylinder.instr
# Ncount: 5000000
# Trace: no
# Gravitation: no
# Seed: 1790194727923108
# Directory: /Users/georgeyumnam/WORK/PANRAID/PaNRAID-results/Group2/panraidproject/dataset_cylinder/cyl_001122
# Param: gx=0
# Param: gy=0
# Param: sample_on=1
# Param: bs_radius=0
# Param: samp_ap=0.01
# Param: sld=7.36075
# Param: sld_solvent=1
# Param: radius=24.2724
# Param: length=494.718
# Param: pd_radius=0.026645
# Param: pd_length=0.239994
# Param: model_scale=1
# Param: model_abs=0
# Date: Wed Sep 23 22:19:05 2026 (1790194745)
# type: array_1d(120)
# Source: EQ_SANS_cylinder (eqsans_cylinder.instr)
# component: lambda_det
# position: 0 0 22.28
# title: Wavelength monitor
# Ncount: 5000000
# filename: lambda_det.dat
# statistics: X0=4.35124; dX=1.04695;
# signal: Min=0; Max=4.5622e+10; Mean=9.34049e+09;
# values: 1.12086e+12 4.77507e+09 284689
# xvar: L
# yvar: (I,I_err)
# xlabel: Wavelength [AA]
# ylabel: Intensity
# xlimits: 0 12
# variables: L I I_err N
0.05 0 0 0 
0.15 0 0 0 
0.25 0 0 0 
0.35 0 0 0 
0.45 0 0 0 
0.55 0 0 0 
0.65 0 0 0 
0.75 0 0 0 
0.85 0 0 0 
0.95 0 0 0 
1.05 0 0 0 
1.15 0 0 0 
1.25 0 0 0 
1.35 0 0 0 
1.45 0 0 0 
1.55 0 0 0 
1.65 0 0 0 
1.75 0 0 0 
1.85 0 0 0 
1.95 0 0 0 
2.05 0 0 0 
2.15 230232466.2 63253097.85 150 
2.25 0 0 0 
2.35 693444867.4 114701013.9 400 
2.45 714085613 96363411.01 549 
2.55 2010655479 165017550.7 1200 
2.65 4589626133 257304755.2 2850 
2.75 1.420474591e+10 505019536.5 7700 
2.85 2.887733073e+10 774110455 14000 
2.95 4.259112583e+10 927860913.2 18800 
3.05 3.992917693e+10 868668205.6 16950 
3.15 4.207840532e+10 899405451.7 16750 
3.25 4.562201501e+10 919787899.1 17000 
3.35 3.835235437e+10 834204394.7 13650 
3.45 4.099868147e+10 871819756.5 13650 
3.55 3.970651451e+10 925684079 11949 
3.65 3.921980019e+10 882512101.1 11499 
3.75 3.381183037e+10 825428620.1 9400 
3.85 3.790364678e+10 888237047.5 10100 
3.95 3.25132703e+10 775304229.2 8250 
4.05 3.688217226e+10 828091272.8 8999 
4.15 3.265470235e+10 752784086.7 8150 
4.25 3.149881517e+10 802362088.9 7199 
4.35 3.330934354e+10 750221438 7650 
4.45 2.921588416e+10 745691638.2 5949 
4.55 3.162254335e+10 818532697 6450 
4.65 2.864302101e+10 747582277.9 5500 
4.75 2.871399978e+10 782479998.2 5149 
4.85 2.989246626e+10 800812745.1 5150 
4.95 3.005853696e+10 819628319 4950 
5.05 2.70929717e+10 854092111.4 4300 
5.15 2.597155891e+10 761455490.6 4100 
5.25 2.549723217e+10 723134437.3 3999 
5.35 2.333580766e+10 750174335.7 3350 
5.45 2.247930587e+10 664474469.8 3499 
5.55 2.265330104e+10 703254184 3200 
5.65 1.973647772e+10 626452810.3 2800 
5.75 2.360891629e+10 724086139 3149 
5.85 1.752334258e+10 575149140.9 2350 
5.95 1.90237929e+10 632751426.7 2499 
6.05 1.562310697e+10 614080953.5 1900 
6.15 2.257363253e+10 727289329.6 2700 
6.25 2.106095927e+10 713671277.1 2400 
6.35 1.927614898e+10 662121467.3 2250 
6.45 1.261700787e+10 524062217.6 1500 
6.55 5202593698 314371965.9 600 
6.65 1043935728 145946530.2 100 
6.75 0 0 0 
6.85 0 0 0 
6.95 0 0 0 
7.05 0 0 0 
7.15 0 0 0 
7.25 0 0 0 
7.35 0 0 0 
7.45 0 0 0 
7.55 0 0 0 
7.65 0 0 0 
7.75 0 0 0 
7.85 0 0 0 
7.95 0 0 0 
8.05 0 0 0 
8.15 0 0 0 
8.25 0 0 0 
8.35 0 0 0 
8.45 0 0 0 
8.55 0 0 0 
8.65 0 0 0 
8.75 0 0 0 
8.85 0 0 0 
8.95 0 0 0 
9.05 0 0 0 
9.15 0 0 0 
9.25 0 0 0 
9.35 0 0 0 
9.45 0 0 0 
9.55 0 0 0 
9.65 0 0 0 
9.75 0 0 0 
9.85 0 0 0 
9.95 0 0 0 
10.05 0 0 0 
10.15 0 0 0 
10.25 0 0 0 
10.35 0 0 0 
10.45 0 0 0 
10.55 0 0 0 
10.65 0 0 0 
10.75 0 0 0 
10.85 0 0 0 
10.95 0 0 0 
11.05 0 0 0 
11.15 0 0 0 
11.25 0 0 0 
11.35 0 0 0 
11.45 0 0 0 
11.55 0 0 0 
11.65 0 0 0 
11.75 0 0 0 
11.85 0 0 0 
11.95 0 0 0 
