# Format: McCode with text headers
# URL: http://www.mccode.org
# Creator:  3.8.5, git
# Instrument: eqsans_1_fixed.instr
# Ncount: 1000000
# Trace: no
# Gravitation: no
# Seed: 1790169968998709
# Directory: /Users/georgeyumnam/WORK/PANRAID/PaNRAID-results/Group2/panraidproject/scan_guide_xy/x+11_y+13
# Param: gx=0.011
# Param: gy=0.013
# Date: Wed Sep 23 15:26:12 2026 (1790169972)
# type: array_1d(120)
# Source: EQ_SANS (eqsans_1_fixed.instr)
# component: lambda_det
# position: 0 0 22.28
# title: Wavelength monitor
# Ncount: 1000000
# filename: lambda_det.dat
# statistics: X0=4.0824; dX=0.982051;
# signal: Min=0; Max=2.40892e+06; Mean=349425;
# values: 4.1931e+07 504296 13342
# xvar: L
# yvar: (I,I_err)
# xlabel: Wavelength [AA]
# ylabel: Intensity
# xlimits: 0 12
# variables: L I I_err N
0.05 0 0 0 
0.15 0 0 0 
0.25 0 0 0 
0.35 0 0 0 
0.45 0 0 0 
0.55 0 0 0 
0.65 0 0 0 
0.75 0 0 0 
0.85 0 0 0 
0.95 0 0 0 
1.05 0 0 0 
1.15 0 0 0 
1.25 0 0 0 
1.35 0 0 0 
1.45 0 0 0 
1.55 0 0 0 
1.65 0 0 0 
1.75 0 0 0 
1.85 0 0 0 
1.95 0 0 0 
2.05 0 0 0 
2.15 0 0 0 
2.25 14140.1055 9703.074625 3 
2.35 22561.17597 13209.33469 8 
2.45 61779.54038 18122.41225 22 
2.55 125128.5015 28964.84932 37 
2.65 216094.1152 35948.91167 79 
2.75 648700.1335 62602.4833 244 
2.85 1601672.274 100564.9374 563 
2.95 2408918.426 123150.3995 791 
3.05 2146562.153 116137.9642 712 
3.15 2025183.252 111422.8989 687 
3.25 1836360.663 106432.6096 605 
3.35 1996844.966 110715.559 633 
3.45 1862533.391 107192.8142 588 
3.55 1872954.95 106981.9566 573 
3.65 1468334.163 94573.31291 492 
3.75 1390016.703 90687.27923 446 
3.85 1482906.251 94366.08986 476 
3.95 1596163.698 98209.62332 477 
4.05 1432993.038 93102.4426 407 
4.15 1256806.804 86799.97966 370 
4.25 1179784.838 82491.92896 371 
4.35 1161602.365 82705.41434 361 
4.45 941957.7524 74070.81649 335 
4.55 1061150.761 79023.78897 343 
4.65 962169.1838 75840.25581 291 
4.75 1002462.15 78807.51973 313 
4.85 902292.037 74026.83064 283 
4.95 894520.1838 71642.03214 280 
5.05 904779.8587 75724.29099 287 
5.15 781051.3087 69721.16685 239 
5.25 826204.8161 71318.02196 242 
5.35 522014.3437 53739.73584 182 
5.45 624754.7081 59700.64499 211 
5.55 526368.2185 55988.17064 166 
5.65 522810.7337 56864.90352 138 
5.75 492907.7889 53253.28282 163 
5.85 592151.3159 60438.33776 165 
5.95 478974.7383 54568.17862 137 
6.05 404877.0156 48930.30635 120 
6.15 439844.2474 51703.12514 136 
6.25 487209.8991 54594.89415 136 
6.35 267783.6246 39184.68529 87 
6.45 345507.0414 46600.36667 89 
6.55 123426.497 26215.57934 45 
6.65 17787.18233 8824.644049 9 
6.75 0 0 0 
6.85 0 0 0 
6.95 0 0 0 
7.05 0 0 0 
7.15 0 0 0 
7.25 0 0 0 
7.35 0 0 0 
7.45 0 0 0 
7.55 0 0 0 
7.65 0 0 0 
7.75 0 0 0 
7.85 0 0 0 
7.95 0 0 0 
8.05 0 0 0 
8.15 0 0 0 
8.25 0 0 0 
8.35 0 0 0 
8.45 0 0 0 
8.55 0 0 0 
8.65 0 0 0 
8.75 0 0 0 
8.85 0 0 0 
8.95 0 0 0 
9.05 0 0 0 
9.15 0 0 0 
9.25 0 0 0 
9.35 0 0 0 
9.45 0 0 0 
9.55 0 0 0 
9.65 0 0 0 
9.75 0 0 0 
9.85 0 0 0 
9.95 0 0 0 
10.05 0 0 0 
10.15 0 0 0 
10.25 0 0 0 
10.35 0 0 0 
10.45 0 0 0 
10.55 0 0 0 
10.65 0 0 0 
10.75 0 0 0 
10.85 0 0 0 
10.95 0 0 0 
11.05 0 0 0 
11.15 0 0 0 
11.25 0 0 0 
11.35 0 0 0 
11.45 0 0 0 
11.55 0 0 0 
11.65 0 0 0 
11.75 0 0 0 
11.85 0 0 0 
11.95 0 0 0 
