# Format: McCode with text headers
# URL: http://www.mccode.org
# Creator:  3.8.5, git
# Instrument: eqsans_sans.instr
# Ncount: 10000000
# Trace: no
# Gravitation: no
# Seed: 1790182108097791
# Directory: /Users/georgeyumnam/WORK/PANRAID/PaNRAID-results/Group2/panraidproject/scan_sans_sample/x-04_y-17
# Param: gx=-0.004
# Param: gy=-0.017
# Param: sample_on=1
# Param: R_sphere=100
# Param: Phi=0.01
# Param: bs_radius=0
# Param: samp_ap=0.01
# Date: Wed Sep 23 18:49:02 2026 (1790182142)
# type: array_1d(100)
# Source: EQ_SANS_sample (eqsans_sans.instr)
# component: qmon
# position: 0 0 22.281
# title: QMonitor - Distribution in q (Radially averaged)
# Ncount: 10000000
# filename: qdet.dat
# statistics: X0=0.0145383; dX=0.0102666;
# signal: Min=0; Max=2.71187e+08; Mean=1.87985e+07;
# values: 1.87985e+09 2.34293e+08 3591
# xvar: q
# yvar: (I,I_err)
# xlabel: q [1 / AA]
# ylabel: I(q)
# xlimits: 0 0.151561
# variables: q I I_err N
0.0007578035702 0 0 0 
0.002273410711 48303298.97 48303298.97 1 
0.003789017851 271186824.7 160145524.4 3 
0.005304624991 131343943.2 85644739.95 3 
0.006820232132 112191414.5 56380890.77 5 
0.008335839272 75980573.45 45324289.52 3 
0.009851446413 115793822.5 54269029.2 6 
0.01136705355 63617093.57 34521933.5 5 
0.01288266069 176521025.7 63248626.7 11 
0.01439826783 112188524.1 42449836.48 9 
0.01591387497 143714447.7 39684068.86 16 
0.01742948211 81233513.93 26484211.2 13 
0.01894508925 74460153.23 24271269.13 12 
0.0204606964 107060943.2 41591108.42 10 
0.02197630354 40669450.53 16739350.1 10 
0.02349191068 38125314.14 11666290.07 15 
0.02500751782 55386011.4 18109086.26 18 
0.02652312496 37974848.87 11846965.78 17 
0.0280387321 44463480.13 11948074.09 23 
0.02955433924 29529940.44 9745304.631 24 
0.03106994638 20783710.32 7189433.509 20 
0.03258555352 32882449.48 11453229.8 26 
0.03410116066 16019463.69 5420922.532 22 
0.0356167678 9212153.548 3266497.569 24 
0.03713237494 8228066.975 2667598.478 28 
0.03864798208 4484809.183 1358980.571 27 
0.04016358922 3487450.449 2301819.855 23 
0.04167919636 1952718.205 898581.2259 23 
0.0431948035 1650721.398 913542.8519 26 
0.04471041064 583991.3207 191793.5969 20 
0.04622601778 598400.2619 198296.7052 34 
0.04774162492 1269025.009 368919.2977 40 
0.04925723206 716539.2948 236578.9553 27 
0.0507728392 1087506.13 224692.0597 40 
0.05228844634 570767.4172 165894.7653 25 
0.05380405348 1007395.884 191105.7228 47 
0.05531966062 1342573.645 247535.0327 47 
0.05683526776 1089700.704 187580.5775 47 
0.05835087491 1001337.292 208287.6155 36 
0.05986648205 1554910.314 248187.5931 58 
0.06138208919 1173363.265 207073.4813 47 
0.06289769633 1390578.168 211992.6379 65 
0.06441330347 1108981.389 192950.6509 54 
0.06592891061 825626.1217 147872.2414 54 
0.06744451775 789406.3428 153546.4502 56 
0.06896012489 528732.7778 100616.6447 58 
0.07047573203 613925.3389 129188.8409 68 
0.07199133917 319963.0545 66281.51332 61 
0.07350694631 215728.3553 63733.03848 48 
0.07502255345 170825.9817 55989.07482 55 
0.07653816059 265871.6591 67785.4663 64 
0.07805376773 113606.3166 28190.62454 59 
0.07956937487 156170.3444 32744.13366 59 
0.08108498201 90857.54681 17126.37282 57 
0.08260058915 136223.1764 27127.5592 55 
0.08411619629 174200.406 29703.92373 64 
0.08563180343 114989.1975 23056.04234 42 
0.08714741057 117453.1071 23260.36876 41 
0.08866301771 167236.2643 27323.52903 54 
0.09017862485 245308.0281 35391.52269 67 
0.09169423199 201350.7111 30230.94263 59 
0.09320983913 198295.594 32970.14651 49 
0.09472544627 206532.9909 31013.00519 60 
0.09624105341 132049.3196 25047.00457 43 
0.09775666056 111020.3176 17320.91362 60 
0.0992722677 112989.8395 21583.42875 48 
0.1007878748 79822.36547 17644.36129 45 
0.102303482 97906.7084 19694.31638 49 
0.1038190891 57927.0726 13439.09921 47 
0.1053346963 25833.89481 7088.723611 42 
0.1068503034 24646.3062 6316.735192 49 
0.1083659105 32732.74297 7883.089853 55 
0.1098815177 28208.4741 7072.574172 59 
0.1113971248 27660.63286 5549.488614 55 
0.112912732 20640.71143 4676.351668 42 
0.1144283391 26116.91977 5013.433976 44 
0.1159439462 29031.91374 5519.249995 45 
0.1174595534 28847.37759 5826.002618 34 
0.1189751605 27409.8467 5423.267958 37 
0.1204907677 32375.19707 6090.753755 39 
0.1220063748 30816.98046 6213.427885 31 
0.1235219819 37261.0047 6297.617035 41 
0.1250375891 38591.93713 6680.937219 43 
0.1265531962 29483.23787 5719.111363 40 
0.1280688034 36859.82275 6523.344414 41 
0.1295844105 38930.99365 6565.00599 44 
0.1311000176 26948.69408 4932.631435 44 
0.1326156248 13511.12742 3770.142482 23 
0.1341312319 22552.39379 4492.485505 43 
0.1356468391 12395.04027 3320.290577 30 
0.1371624462 5737.856321 1845.214582 24 
0.1386780533 10206.74922 2530.469518 32 
0.1401936605 5113.196944 1569.475031 26 
0.1417092676 7559.213076 1893.674625 28 
0.1432248748 4883.441617 1679.824391 20 
0.1447404819 9967.182024 2150.748377 34 
0.146256089 5016.194878 1342.900094 25 
0.1477716962 5951.788938 1383.477086 27 
0.1492873033 8227.913055 1800.325238 34 
0.1508029105 10008.92496 2130.288173 28 
