# Format: McCode with text headers
# URL: http://www.mccode.org
# Creator:  3.8.5, git
# Instrument: eqsans_sans.instr
# Ncount: 10000000
# Trace: no
# Gravitation: no
# Seed: 1790184167325124
# Directory: /Users/georgeyumnam/WORK/PANRAID/PaNRAID-results/Group2/panraidproject/scan_sans_sample/x+10_y-07
# Param: gx=0.01
# Param: gy=-0.007
# Param: sample_on=1
# Param: R_sphere=100
# Param: Phi=0.01
# Param: bs_radius=0
# Param: samp_ap=0.01
# Date: Wed Sep 23 19:23:23 2026 (1790184203)
# type: array_1d(100)
# Source: EQ_SANS_sample (eqsans_sans.instr)
# component: qmon
# position: 0 0 22.281
# title: QMonitor - Radially averaged distribution
# Ncount: 10000000
# filename: rdet.dat
# statistics: X0=0.0833938; dX=0.0562471;
# signal: Min=0; Max=6.17402e+07; Mean=9.48926e+06;
# values: 9.48926e+08 1.00893e+08 2674
# xvar: r
# yvar: (I,I_err)
# xlabel: Radius [m]
# ylabel: I(r)
# xlimits: 0 0.5
# variables: r I I_err N
0.0025 0 0 0 
0.0075 61740192.89 61740192.89 1 
0.0125 0 0 0 
0.0175 21575149.41 21575149.41 1 
0.0225 16796441.71 16796441.71 1 
0.0275 50056371.57 35427423.1 2 
0.0325 49972008.05 28663717.88 4 
0.0375 17613914.63 17613914.63 1 
0.0425 23525272.24 14902189.67 3 
0.0475 32773211.96 18437990.34 4 
0.0525 58697269.42 22581340.91 8 
0.0575 35941977.15 18364693.15 4 
0.0625 43583853.79 16794459.99 8 
0.0675 41460328.14 15315534.24 8 
0.0725 50037660.05 18230555.12 8 
0.0775 19815953.64 9287834.816 5 
0.0825 19306703.14 9104733.188 6 
0.0875 29787603.94 11589320.75 8 
0.0925 27322395.08 10264641.45 9 
0.0975 31506656.26 9978328.691 16 
0.1025 28041198.13 9611096.448 11 
0.1075 40715556.62 10758907.35 19 
0.1125 24975960.54 7717658.176 14 
0.1175 26831424.81 8333444.916 14 
0.1225 15996732.96 5989526.033 11 
0.1275 22113835.45 6748361.564 15 
0.1325 11045303.29 4922164.428 9 
0.1375 20211588.87 5844002.246 17 
0.1425 7125945.687 3395080.59 9 
0.1475 15990812.67 4437611.991 26 
0.1525 10883100.4 3534291.277 15 
0.1575 10854395.25 3660000.833 23 
0.1625 13739137.98 4145256.199 25 
0.1675 4860443.681 2177873.764 16 
0.1725 3263229.933 1201924.121 22 
0.1775 5757174.627 2272438.854 14 
0.1825 5828854.012 2093349.903 17 
0.1875 11997428.04 3290723.401 30 
0.1925 4575002.571 1925108.347 21 
0.1975 3697971.646 1878042.81 18 
0.2025 1998293.269 927344.0738 13 
0.2075 3766652.195 1530912.181 18 
0.2125 1133626.54 471696.3623 22 
0.2175 3627546.869 1555304.955 28 
0.2225 1714659.366 614139.4148 24 
0.2275 850278.7342 407248.6771 24 
0.2325 1676442.617 742742.2073 25 
0.2375 491970.9722 215385.0279 22 
0.2425 1297786.065 546584.9018 20 
0.2475 1218140.117 563565.3497 22 
0.2525 389594.0048 144479.9476 24 
0.2575 1287474.297 460576.3672 33 
0.2625 484111.3387 171881.2478 28 
0.2675 578260.6216 284251.2589 26 
0.2725 230366.6562 71266.54408 23 
0.2775 594148.3233 268937.6398 23 
0.2825 402230.6039 142586.0904 26 
0.2875 641440.4246 244126.8468 27 
0.2925 393966.5177 168831.957 28 
0.2975 219162.8359 49835.91403 32 
0.3025 331625.0113 163206.1624 26 
0.3075 439337.0141 163571.7013 36 
0.3125 301940.8002 78254.52721 39 
0.3175 168361.348 45963.98959 27 
0.3225 369076.8953 103159.7003 49 
0.3275 89322.63142 27103.18176 30 
0.3325 260416.8126 59080.99318 43 
0.3375 201704.6322 48757.43124 45 
0.3425 183770.2716 43668.90762 35 
0.3475 149802.2713 35680.50519 44 
0.3525 207730.5173 45607.99979 31 
0.3575 182102.3544 43663.04164 38 
0.3625 106685.742 25661.84389 42 
0.3675 225403.6081 44915.66895 50 
0.3725 149432.887 34317.00338 52 
0.3775 225981.1196 46743.25705 44 
0.3825 141870.4342 32992.0622 46 
0.3875 133507.7834 31407.46469 52 
0.3925 114293.2585 30370.16431 31 
0.3975 131933.3828 30240.36362 49 
0.4025 186362.1684 36935.41981 63 
0.4075 111485.0484 29745.17571 31 
0.4125 123911.2793 30932.61562 40 
0.4175 174126.0914 39268.3981 46 
0.4225 77837.99696 23620.68353 35 
0.4275 85920.06707 25239.67805 36 
0.4325 50243.84107 18665.88314 34 
0.4375 91793.14838 24473.96012 44 
0.4425 97286.53297 21769.7722 49 
0.4475 105434.9567 28413.58052 48 
0.4525 111227.9932 27714.83268 52 
0.4575 50359.98173 13024.45876 47 
0.4625 84033.74773 22311.92107 51 
0.4675 61799.80307 17827.93352 42 
0.4725 51909.57015 14718.5462 48 
0.4775 64286.58992 19603.73986 38 
0.4825 94157.34089 21987.26756 65 
0.4875 66844.46956 19196.77141 53 
0.4925 45491.94754 13035.66187 52 
0.4975 62941.5974 17125.91395 60 
