# Format: McCode with text headers
# URL: http://www.mccode.org
# Creator:  3.8.5, git
# Instrument: eqsans_cylinder.instr
# Ncount: 5000000
# Trace: no
# Gravitation: no
# Seed: 1790194338558775
# Directory: /Users/georgeyumnam/WORK/PANRAID/PaNRAID-results/Group2/panraidproject/dataset_cylinder/cyl_000909
# Param: gx=0
# Param: gy=0
# Param: sample_on=1
# Param: bs_radius=0
# Param: samp_ap=0.01
# Param: sld=1.11293
# Param: sld_solvent=1
# Param: radius=21.077
# Param: length=215.297
# Param: pd_radius=0.033501
# Param: pd_length=0.219093
# Param: model_scale=1
# Param: model_abs=0
# Date: Wed Sep 23 22:12:36 2026 (1790194356)
# type: array_1d(100)
# Source: EQ_SANS_cylinder (eqsans_cylinder.instr)
# component: qmon
# position: 0 0 22.281
# title: QMonitor - Radially averaged distribution
# Ncount: 5000000
# filename: rdet.dat
# statistics: X0=0.136561; dX=0.117287;
# signal: Min=5.28518e+08; Max=1.16042e+10; Mean=3.36426e+09;
# values: 3.36426e+11 3.71314e+09 166110
# xvar: r
# yvar: (I,I_err)
# xlabel: Radius [m]
# ylabel: I(r)
# xlimits: 0 0.5
# variables: r I I_err N
0.0025 6631024412 1895670588 15 
0.0075 1.160418588e+10 1582792696 68 
0.0125 1.024750883e+10 1263553441 87 
0.0175 1.105071397e+10 1076983865 128 
0.0225 1.05651674e+10 923774932.7 167 
0.0275 9544529459 759378808.3 194 
0.0325 9301112411 710069380.5 217 
0.0375 8769236389 621482144 251 
0.0425 7945228610 551569986 263 
0.0475 8207637271 522470439.1 310 
0.0525 9396086925 535620185.1 375 
0.0575 7305063315 438604774 348 
0.0625 7161470853 416962208.7 379 
0.0675 8368958362 424766139.1 473 
0.0725 7273456224 363664016.6 494 
0.0775 7267070986 353363554.2 518 
0.0825 7028828364 336945381.6 546 
0.0875 6714597259 306546424.1 592 
0.0925 6482244920 288686794.4 611 
0.0975 6102637556 268479275.6 627 
0.1025 5730614932 250626092 641 
0.1075 5531195170 233816574.8 690 
0.1125 5493381241 223219990.5 743 
0.1175 5271760463 209379912.7 777 
0.1225 5253313956 202149961.3 835 
0.1275 5152506698 194408741.6 879 
0.1325 4929246621 185018328.8 874 
0.1375 4655625245 168407883.5 944 
0.1425 4420329770 159689506.3 947 
0.1475 3885444072 142131224.6 912 
0.1525 4095965891 144235214 999 
0.1575 4022953558 137821314.7 1057 
0.1625 3414232340 120492966.9 977 
0.1675 3593485872 121971328.8 1070 
0.1725 3678425300 120184238.9 1160 
0.1775 3496914380 111398084.3 1209 
0.1825 3313604241 107435493.2 1187 
0.1875 3208878823 101199381.1 1238 
0.1925 3195988276 99336279.63 1290 
0.1975 3071766149 94021350.92 1309 
0.2025 3039379438 90198207.51 1409 
0.2075 2956722195 88125128.87 1413 
0.2125 2713461643 80404729.72 1413 
0.2175 2697458896 79536668.1 1432 
0.2225 2654068676 75601530.29 1525 
0.2275 2463487462 72142375.43 1481 
0.2325 2429826598 69502732.77 1535 
0.2375 2345621530 66401171.24 1560 
0.2425 2272438816 64238467.74 1573 
0.2475 2123046389 59816353.33 1592 
0.2525 2151881059 59094943.04 1670 
0.2575 2170713059 58666993.1 1732 
0.2625 1943634419 53649589.1 1683 
0.2675 2006665936 53984431.02 1772 
0.2725 1862445988 50331888.67 1756 
0.2775 1817938198 48540320.25 1821 
0.2825 1840664625 48540797.19 1877 
0.2875 1759100340 46097319.81 1898 
0.2925 1751731558 44897280.53 1983 
0.2975 1635123506 41825207.16 1981 
0.3025 1587316825 40954294.61 1981 
0.3075 1516178901 38884327.3 2004 
0.3125 1549001108 38679653.71 2110 
0.3175 1491531907 37321767.97 2143 
0.3225 1408937109 35924320.67 2066 
0.3275 1427827513 35213436.85 2206 
0.3325 1400366230 34188911.67 2252 
0.3375 1283027312 32160902.9 2149 
0.3425 1287944893 31626201.92 2259 
0.3475 1299194374 31503686.25 2352 
0.3525 1223030441 29843276.47 2348 
0.3575 1211684742 29134747.96 2406 
0.3625 1195562909 28612175.84 2461 
0.3675 1170793067 27835190.8 2510 
0.3725 1108566449 26396489.17 2497 
0.3775 1020400006 24772584.94 2415 
0.3825 1036467334 24857647.26 2511 
0.3875 1042668722 24506369.35 2655 
0.3925 988669479.5 23128149.67 2674 
0.3975 926445891.1 22121603.13 2566 
0.4025 921790446.9 21571445.82 2705 
0.4075 858553066.4 20672727.97 2600 
0.4125 832758180.1 19765954.91 2665 
0.4175 862340636 19783730.19 2852 
0.4225 863147376.8 19821336.04 2950 
0.4275 805929298.6 18958711.45 2854 
0.4325 775642152 18219503.89 2853 
0.4375 766586860.1 17778678.38 2962 
0.4425 746698969.7 17190821.27 3008 
0.4475 696164471.4 16218530.49 2945 
0.4525 676126769.1 15731364.99 2982 
0.4575 685686761.8 15708252.32 3058 
0.4625 660079902.3 15225821.31 3091 
0.4675 656025339.6 14982739.42 3205 
0.4725 630963537.2 14575442.73 3186 
0.4775 590461389.4 13672929.46 3175 
0.4825 565351878.4 13279925.38 3078 
0.4875 549574952.9 12850665.96 3210 
0.4925 560569567.5 12880265.69 3306 
0.4975 528518322.1 12231031.29 3353 
