# Format: McCode with text headers
# URL: http://www.mccode.org
# Creator:  3.8.5, git
# Instrument: eqsans_cylinder.instr
# Ncount: 5000000
# Trace: no
# Gravitation: no
# Seed: 1790195138786132
# Directory: /Users/georgeyumnam/WORK/PANRAID/PaNRAID-results/Group2/panraidproject/dataset_cylinder/cyl_001353
# Param: gx=0
# Param: gy=0
# Param: sample_on=1
# Param: bs_radius=0
# Param: samp_ap=0.01
# Param: sld=0.636811
# Param: sld_solvent=1
# Param: radius=20.3519
# Param: length=573.237
# Param: pd_radius=0.094472
# Param: pd_length=0.084883
# Param: model_scale=1
# Param: model_abs=0
# Date: Wed Sep 23 22:25:56 2026 (1790195156)
# type: array_1d(100)
# Source: EQ_SANS_cylinder (eqsans_cylinder.instr)
# component: qmon
# position: 0 0 22.281
# title: QMonitor - Radially averaged distribution
# Ncount: 5000000
# filename: rdet.dat
# statistics: X0=0.116483; dX=0.112442;
# signal: Min=1.24567e+10; Max=4.59563e+11; Mean=1.04702e+11;
# values: 1.04702e+13 1.94859e+11 158705
# xvar: r
# yvar: (I,I_err)
# xlabel: Radius [m]
# ylabel: I(r)
# xlimits: 0 0.5
# variables: r I I_err N
0.0025 3.76046998e+11 1.386469751e+11 11 
0.0075 4.540324082e+11 7.980902587e+10 48 
0.0125 4.232671906e+11 5.569320643e+10 82 
0.0175 3.979563628e+11 4.359651373e+10 110 
0.0225 4.221696683e+11 3.968704392e+10 148 
0.0275 4.595631502e+11 3.894236319e+10 202 
0.0325 3.266633247e+11 2.776837543e+10 194 
0.0375 3.489321554e+11 2.722034235e+10 231 
0.0425 3.584668554e+11 2.618825979e+10 255 
0.0475 3.097741294e+11 2.117085771e+10 297 
0.0525 3.02527735e+11 2.00345562e+10 317 
0.0575 2.872623998e+11 1.813531063e+10 361 
0.0625 2.618329549e+11 1.522902075e+10 400 
0.0675 2.44689013e+11 1.417619674e+10 417 
0.0725 2.223456472e+11 1.23006988e+10 446 
0.0775 2.14764112e+11 1.157232881e+10 474 
0.0825 2.027825988e+11 1.05603972e+10 510 
0.0875 1.903991839e+11 9562666185 548 
0.0925 1.824852852e+11 8879435583 602 
0.0975 1.721395282e+11 8073838916 613 
0.1025 1.72059636e+11 7664369403 684 
0.1075 1.525268864e+11 6885545716 677 
0.1125 1.44841917e+11 6329452669 702 
0.1175 1.362470022e+11 5771683290 723 
0.1225 1.350537753e+11 5539242157 770 
0.1275 1.263193017e+11 5144176518 793 
0.1325 1.199399049e+11 4843313252 830 
0.1375 1.159404261e+11 4543383066 846 
0.1425 1.139024767e+11 4296659358 899 
0.1475 1.00892116e+11 3856709529 884 
0.1525 1.10790869e+11 4019640264 1005 
0.1575 1.087615643e+11 3824659048 1060 
0.1625 9.630689008e+10 3487421492 1012 
0.1675 9.466515561e+10 3357447538 1043 
0.1725 8.751358257e+10 3038514021 1089 
0.1775 8.622232082e+10 2957884104 1119 
0.1825 7.472663054e+10 2606335518 1067 
0.1875 8.518827273e+10 2777626590 1257 
0.1925 8.281798873e+10 2653754010 1269 
0.1975 7.94243957e+10 2508841785 1303 
0.2025 6.92627155e+10 2283999885 1215 
0.2075 7.049354876e+10 2253921647 1297 
0.2125 7.099968274e+10 2244198853 1352 
0.2175 6.673016454e+10 2086413137 1360 
0.2225 6.611130386e+10 2046508737 1398 
0.2275 6.33437394e+10 1933318503 1423 
0.2325 6.17350096e+10 1818246794 1509 
0.2375 6.0528864e+10 1800413810 1526 
0.2425 5.677868671e+10 1692830351 1511 
0.2475 5.475106994e+10 1617403140 1550 
0.2525 5.644740209e+10 1610784370 1650 
0.2575 5.326399591e+10 1523421663 1644 
0.2625 5.127180997e+10 1476770371 1639 
0.2675 4.975310203e+10 1400167539 1688 
0.2725 4.816324323e+10 1365626688 1702 
0.2775 4.746294856e+10 1297510199 1794 
0.2825 4.56001111e+10 1248871350 1834 
0.2875 4.300817083e+10 1158995296 1844 
0.2925 4.147680175e+10 1134180692 1808 
0.2975 4.177977075e+10 1120325299 1894 
0.3025 4.136696412e+10 1095743432 1963 
0.3075 3.947737593e+10 1050549932 1939 
0.3125 3.929728421e+10 1024525851 2032 
0.3175 3.793227101e+10 978435790.1 2057 
0.3225 3.57703244e+10 957824850.8 2010 
0.3275 3.471930597e+10 896909287.7 2072 
0.3325 3.405367751e+10 882048465.9 2088 
0.3375 3.15216617e+10 824548611.4 2060 
0.3425 3.03470949e+10 808340184.8 2054 
0.3475 3.073137618e+10 776214850.8 2205 
0.3525 3.105734784e+10 784912519.3 2297 
0.3575 2.912414221e+10 751598903.3 2211 
0.3625 2.911847438e+10 725162730.5 2355 
0.3675 2.858977181e+10 707672299 2428 
0.3725 2.617490813e+10 666538843 2302 
0.3775 2.77997286e+10 676165487.2 2496 
0.3825 2.636209021e+10 657009767.8 2481 
0.3875 2.512135713e+10 612421463.3 2488 
0.3925 2.363810671e+10 580246816.2 2481 
0.3975 2.364690708e+10 570448794.6 2545 
0.4025 2.233362443e+10 542644974.5 2576 
0.4075 2.171583867e+10 536350833.8 2549 
0.4125 2.135133942e+10 515606079.8 2655 
0.4175 2.06850664e+10 498255763.6 2681 
0.4225 1.928131741e+10 465910008.1 2655 
0.4275 1.996087791e+10 468111579.3 2815 
0.4325 1.916541916e+10 458975662.7 2775 
0.4375 1.848312484e+10 437621710.8 2830 
0.4425 1.84359255e+10 437711628.7 2900 
0.4475 1.708622838e+10 409184565.9 2798 
0.4525 1.603009175e+10 387278417.2 2822 
0.4575 1.576967897e+10 378048505.7 2879 
0.4625 1.615980243e+10 382574369.4 2983 
0.4675 1.541304885e+10 365782836.4 2986 
0.4725 1.450964626e+10 346746362.1 3007 
0.4775 1.411197923e+10 338332721.4 2973 
0.4825 1.377604446e+10 328952935.7 3049 
0.4875 1.340222761e+10 319971422.3 3071 
0.4925 1.29944189e+10 305818698.7 3131 
0.4975 1.245674696e+10 303911413.7 3070 
