# Format: McCode with text headers
# URL: http://www.mccode.org
# Creator:  3.8.5, git
# Instrument: eqsans_cylinder.instr
# Ncount: 5000000
# Trace: no
# Gravitation: no
# Seed: 1790194241168842
# Directory: /Users/georgeyumnam/WORK/PANRAID/PaNRAID-results/Group2/panraidproject/dataset_cylinder/cyl_000850
# Param: gx=0
# Param: gy=0
# Param: sample_on=1
# Param: bs_radius=0
# Param: samp_ap=0.01
# Param: sld=3.4159
# Param: sld_solvent=1
# Param: radius=56.521
# Param: length=427.289
# Param: pd_radius=0.249411
# Param: pd_length=0.270912
# Param: model_scale=1
# Param: model_abs=0
# Date: Wed Sep 23 22:10:59 2026 (1790194259)
# type: array_1d(100)
# Source: EQ_SANS_cylinder (eqsans_cylinder.instr)
# component: qmon
# position: 0 0 22.281
# title: QMonitor - Radially averaged distribution
# Ncount: 5000000
# filename: rdet.dat
# statistics: X0=0.0626979; dX=0.0583587;
# signal: Min=8.44416e+11; Max=1.27047e+15; Mean=1.77814e+14;
# values: 1.77814e+16 5.22771e+14 164280
# xvar: r
# yvar: (I,I_err)
# xlabel: Radius [m]
# ylabel: I(r)
# xlimits: 0 0.5
# variables: r I I_err N
0.0025 1.024267022e+15 3.156442478e+14 20 
0.0075 1.27047338e+15 2.626369598e+14 55 
0.0125 8.519983782e+14 1.347562781e+14 82 
0.0175 1.0459542e+15 1.389269469e+14 127 
0.0225 1.063996467e+15 1.291454313e+14 156 
0.0275 9.131450298e+14 1.145251123e+14 188 
0.0325 9.741589108e+14 9.36882296e+13 230 
0.0375 8.06194331e+14 8.064268682e+13 238 
0.0425 6.202113792e+14 5.943330804e+13 252 
0.0475 7.393590319e+14 6.63074476e+13 329 
0.0525 7.038879025e+14 5.945937149e+13 361 
0.0575 6.376341956e+14 5.274096953e+13 391 
0.0625 5.138661872e+14 4.074374465e+13 396 
0.0675 6.859293178e+14 5.282600812e+13 477 
0.0725 5.152061321e+14 3.928517287e+13 482 
0.0775 4.419427016e+14 3.150758852e+13 486 
0.0825 4.473628979e+14 3.355051653e+13 546 
0.0875 3.701645392e+14 2.461551865e+13 579 
0.0925 3.628069425e+14 2.235084018e+13 625 
0.0975 3.594583777e+14 2.248351978e+13 686 
0.1025 2.888651779e+14 1.661959769e+13 691 
0.1075 2.689579995e+14 1.510193069e+13 770 
0.1125 2.362215265e+14 1.372575622e+13 749 
0.1175 2.394137322e+14 1.408510597e+13 765 
0.1225 2.097887426e+14 1.267763394e+13 817 
0.1275 1.948682796e+14 1.120055343e+13 869 
0.1325 1.619082296e+14 8.435362236e+12 888 
0.1375 1.635489563e+14 8.27008349e+12 931 
0.1425 1.452443725e+14 8.022841042e+12 924 
0.1475 1.26684383e+14 6.057834897e+12 980 
0.1525 1.162051689e+14 5.809843642e+12 1020 
0.1575 1.076212491e+14 5.560226522e+12 1045 
0.1625 9.42979228e+13 5.408622002e+12 983 
0.1675 8.73259563e+13 4.402471436e+12 1061 
0.1725 8.47569892e+13 4.153799966e+12 1141 
0.1775 7.874940576e+13 3.919405031e+12 1165 
0.1825 7.257577594e+13 3.502925848e+12 1230 
0.1875 6.230103444e+13 3.156345159e+12 1220 
0.1925 5.650474916e+13 2.769027546e+12 1263 
0.1975 5.082358593e+13 2.62711663e+12 1279 
0.2025 4.894756204e+13 2.427376271e+12 1357 
0.2075 4.793880102e+13 2.343411716e+12 1339 
0.2125 3.714440106e+13 1.843999294e+12 1356 
0.2175 3.345388918e+13 1.609715897e+12 1359 
0.2225 3.200305944e+13 1.543403981e+12 1440 
0.2275 2.779462278e+13 1.305001082e+12 1460 
0.2325 2.732617405e+13 1.318688351e+12 1486 
0.2375 2.690820675e+13 1.264541754e+12 1547 
0.2425 2.328080615e+13 1.136742087e+12 1565 
0.2475 2.088074994e+13 9.952275939e+11 1604 
0.2525 1.93952546e+13 9.728348501e+11 1605 
0.2575 1.861977282e+13 8.943980776e+11 1647 
0.2625 1.617826786e+13 7.469300252e+11 1702 
0.2675 1.516063753e+13 7.443962904e+11 1715 
0.2725 1.488421182e+13 7.025439209e+11 1783 
0.2775 1.381124039e+13 6.586805112e+11 1869 
0.2825 1.207910874e+13 5.519160149e+11 1897 
0.2875 1.109781755e+13 5.053609918e+11 1964 
0.2925 1.056560195e+13 4.742939135e+11 1952 
0.2975 9.556094152e+12 4.548084582e+11 1960 
0.3025 9.050230834e+12 4.272204677e+11 2025 
0.3075 8.818581574e+12 4.078703578e+11 2050 
0.3125 7.732204252e+12 3.479435817e+11 2129 
0.3175 6.796105902e+12 3.070886881e+11 2054 
0.3225 5.991020171e+12 2.787568786e+11 2110 
0.3275 6.025512364e+12 2.773246938e+11 2113 
0.3325 5.243047397e+12 2.374234301e+11 2168 
0.3375 4.670398796e+12 2.104975495e+11 2164 
0.3425 4.252293356e+12 1.888962533e+11 2221 
0.3475 4.205941135e+12 1.777419641e+11 2283 
0.3525 3.999532807e+12 1.694825135e+11 2350 
0.3575 3.932067343e+12 1.656402413e+11 2359 
0.3625 3.193807585e+12 1.287654088e+11 2231 
0.3675 3.187278849e+12 1.301721106e+11 2453 
0.3725 3.048308869e+12 1.19080555e+11 2415 
0.3775 2.988050156e+12 1.177497802e+11 2514 
0.3825 2.6441096e+12 1.082027287e+11 2434 
0.3875 2.491330884e+12 9.7643286e+10 2564 
0.3925 2.321396236e+12 8.802745801e+10 2532 
0.3975 2.24787495e+12 8.601014676e+10 2676 
0.4025 2.142307837e+12 7.832680362e+10 2688 
0.4075 1.943368986e+12 6.820638753e+10 2686 
0.4125 1.878696654e+12 6.903792784e+10 2721 
0.4175 1.760920513e+12 6.451678307e+10 2758 
0.4225 1.589929165e+12 5.846164648e+10 2703 
0.4275 1.610702733e+12 5.665996102e+10 2812 
0.4325 1.507287782e+12 5.246089384e+10 2839 
0.4375 1.397253954e+12 4.798401821e+10 2828 
0.4425 1.363480181e+12 4.632464371e+10 2910 
0.4475 1.244687816e+12 4.142869507e+10 2964 
0.4525 1.194657736e+12 3.964873831e+10 2956 
0.4575 1.271011256e+12 4.236896489e+10 3093 
0.4625 1.154566965e+12 3.693928119e+10 3113 
0.4675 1.104445092e+12 3.61269659e+10 3134 
0.4725 1.050902628e+12 3.409183707e+10 3091 
0.4775 9.913134084e+11 3.230390664e+10 3123 
0.4825 9.77165013e+11 3.083785726e+10 3193 
0.4875 9.039978351e+11 2.957907279e+10 3194 
0.4925 9.425432197e+11 3.045012347e+10 3275 
0.4975 8.444157889e+11 2.800381162e+10 3250 
