# Format: McCode with text headers
# URL: http://www.mccode.org
# Creator:  3.8.5, git
# Instrument: eqsans_sans.instr
# Ncount: 10000000
# Trace: no
# Gravitation: no
# Seed: 1790185460199513
# Directory: /Users/georgeyumnam/WORK/PANRAID/PaNRAID-results/Group2/panraidproject/scan_sans_sample/x+19_y-03
# Param: gx=0.019
# Param: gy=-0.003
# Param: sample_on=1
# Param: R_sphere=100
# Param: Phi=0.01
# Param: bs_radius=0
# Param: samp_ap=0.01
# Date: Wed Sep 23 19:44:54 2026 (1790185494)
# type: array_1d(100)
# Source: EQ_SANS_sample (eqsans_sans.instr)
# component: qmon
# position: 0 0 22.281
# title: QMonitor - Radially averaged distribution
# Ncount: 10000000
# filename: rdet.dat
# statistics: X0=0.0581312; dX=0.0552349;
# signal: Min=0; Max=1.45779e+08; Mean=1.13385e+07;
# values: 1.13385e+09 1.96568e+08 1947
# xvar: r
# yvar: (I,I_err)
# xlabel: Radius [m]
# ylabel: I(r)
# xlimits: 0 0.5
# variables: r I I_err N
0.0025 145778831.5 145778831.5 1 
0.0075 119816137.3 91989128.56 2 
0.0125 0 0 0 
0.0175 30600369.35 30600369.35 1 
0.0225 97775314.71 50237305.13 4 
0.0275 48274427.7 34692618.83 2 
0.0325 47690703.85 27963020.42 3 
0.0375 30454960.95 21948742.66 2 
0.0425 45285964.56 24177041.41 4 
0.0475 85343357.88 32118353.01 8 
0.0525 26337042.13 16386910.58 3 
0.0575 28434055.02 14969091.69 5 
0.0625 42679588.22 17674536.57 7 
0.0675 33925038.64 17228055.71 4 
0.0725 25491153.46 13242019.59 4 
0.0775 6163099.769 6163099.769 1 
0.0825 30868805.08 13305367 6 
0.0875 19047479.66 8972932.52 6 
0.0925 22291787.2 9718950.27 6 
0.0975 16681509.26 7830422.56 5 
0.1025 15019704.88 7074008.074 7 
0.1075 14822100.3 6868836.541 7 
0.1125 25801902.97 8237222.283 11 
0.1175 20737400.67 6596971.859 16 
0.1225 21028103.75 7146091.333 12 
0.1275 9573898.922 4061107.226 10 
0.1325 21891967.99 6918887.871 17 
0.1375 6248264.282 3422951.17 5 
0.1425 10740537.34 4645669.843 7 
0.1475 11418882.16 4584701.953 13 
0.1525 13251128.05 4722607.161 13 
0.1575 7082881.863 2900473.178 11 
0.1625 7416571.705 2679302.22 12 
0.1675 2807595.035 1569559.087 9 
0.1725 4409275.413 2098874.678 14 
0.1775 5305738.756 2238291.845 14 
0.1825 533273.3336 311693.0712 9 
0.1875 1563149.101 997005.1129 14 
0.1925 4401114.384 1515251.152 18 
0.1975 1633353.448 690660.1717 14 
0.2025 3687496.048 1526579.379 16 
0.2075 1627360.425 894834.821 15 
0.2125 553327.3931 238405.3034 17 
0.2175 1243085.593 675410.425 12 
0.2225 4438831.747 1646772.41 24 
0.2275 2428305.06 839153.9871 20 
0.2325 841898.5182 571624.069 7 
0.2375 216474.3847 90347.87066 13 
0.2425 817624.5077 435226.5056 16 
0.2475 649056.9046 364547.7354 15 
0.2525 376961.8314 200981.4559 11 
0.2575 1024620.669 618310.8432 20 
0.2625 750696.5041 342994.8132 21 
0.2675 258723.5624 91882.13666 20 
0.2725 385472.7733 131672.5014 24 
0.2775 443829.5955 137458.6984 24 
0.2825 607375.1824 297833.4791 23 
0.2875 385964.9281 153038.2469 21 
0.2925 257175.7667 87923.40504 26 
0.2975 332084.9043 101762.5914 30 
0.3025 318570.9017 103590.1693 26 
0.3075 161180.6974 64340.12576 18 
0.3125 178879.4562 41514.58411 33 
0.3175 121170.0906 54860.13625 19 
0.3225 171759.861 81529.8628 24 
0.3275 74950.37694 29250.43175 17 
0.3325 96450.13506 34517.00095 21 
0.3375 132711.8791 35126.85496 27 
0.3425 134333.3506 44227.92503 25 
0.3475 176970.3339 69340.33286 25 
0.3525 88262.62503 27789.09249 24 
0.3575 97292.35016 27741.75497 24 
0.3625 158130.5747 39799.51349 36 
0.3675 105565.9948 32717.73303 23 
0.3725 110816.132 27270.84268 36 
0.3775 108785.6358 27116.61109 32 
0.3825 93489.93875 26869.06659 25 
0.3875 91858.01869 24631.10273 38 
0.3925 76774.56635 23144.7107 29 
0.3975 113780.198 32409.19635 32 
0.4025 106937.1295 30684.49098 28 
0.4075 70908.06624 22146.166 33 
0.4125 52197.36798 17952.05101 22 
0.4175 82568.92328 22460.50114 40 
0.4225 79607.88106 24315.79633 41 
0.4275 84031.34736 21307.58751 39 
0.4325 61983.73768 18734.42293 31 
0.4375 36776.38226 12352.16841 32 
0.4425 45327.2976 15861.27829 33 
0.4475 77268.75531 20720.46095 39 
0.4525 95603.91174 24797.03527 45 
0.4575 56253.58278 17350.49137 35 
0.4625 68272.93691 18938.29924 43 
0.4675 41446.17514 12904.37036 37 
0.4725 74171.03607 21782.38055 45 
0.4775 39936.32843 10813.93452 35 
0.4825 62640.67727 18907.13667 31 
0.4875 52693.7329 17950.71649 37 
0.4925 52981.17096 13478.06398 45 
0.4975 38972.79445 9322.254088 40 
