# Format: McCode with text headers
# URL: http://www.mccode.org
# Creator:  3.8.5, git
# Instrument: eqsans_cylinder.instr
# Ncount: 5000000
# Trace: no
# Gravitation: no
# Seed: 1790195789990102
# Directory: /Users/georgeyumnam/WORK/PANRAID/PaNRAID-results/Group2/panraidproject/dataset_cylinder/cyl_001718
# Param: gx=0
# Param: gy=0
# Param: sample_on=1
# Param: bs_radius=0
# Param: samp_ap=0.01
# Param: sld=2.01935
# Param: sld_solvent=1
# Param: radius=39.6427
# Param: length=780.449
# Param: pd_radius=0.17384
# Param: pd_length=0.131825
# Param: model_scale=1
# Param: model_abs=0
# Date: Wed Sep 23 22:36:47 2026 (1790195807)
# type: array_1d(120)
# Source: EQ_SANS_cylinder (eqsans_cylinder.instr)
# component: lambda_det
# position: 0 0 22.28
# title: Wavelength monitor
# Ncount: 5000000
# filename: lambda_det.dat
# statistics: X0=4.36757; dX=1.03662;
# signal: Min=0; Max=8.75556e+09; Mean=1.89233e+09;
# values: 2.2708e+11 1.84162e+09 284239
# xvar: L
# yvar: (I,I_err)
# xlabel: Wavelength [AA]
# ylabel: Intensity
# xlimits: 0 12
# variables: L I I_err N
0.05 0 0 0 
0.15 0 0 0 
0.25 0 0 0 
0.35 0 0 0 
0.45 0 0 0 
0.55 0 0 0 
0.65 0 0 0 
0.75 0 0 0 
0.85 0 0 0 
0.95 0 0 0 
1.05 0 0 0 
1.15 0 0 0 
1.25 0 0 0 
1.35 0 0 0 
1.45 0 0 0 
1.55 0 0 0 
1.65 0 0 0 
1.75 0 0 0 
1.85 0 0 0 
1.95 0 0 0 
2.05 2113804.065 1214348.443 50 
2.15 0 0 0 
2.25 8972198.186 5358086.933 50 
2.35 66493919.7 35125569.08 100 
2.45 201843574.5 60168900.75 500 
2.55 414105182.4 66776942.71 1200 
2.65 987347540.1 125241833.2 2850 
2.75 2965448773 224856267.4 8250 
2.85 5855755854 289543406.7 13849 
2.95 7853056404 319806838.7 18050 
3.05 8755557227 447582071.6 18049 
3.15 7175449306 313919076.5 14899 
3.25 7841214268 344139503.2 14700 
3.35 7988314169 316256902.6 14250 
3.45 8149001316 348488329.5 13500 
3.55 7714755838 297519562.5 13450 
3.65 6451571014 293317753.6 10100 
3.75 8419290025 432546535.1 11149 
3.85 7208521224 288237164.2 10500 
3.95 7431871583 315064571.6 9899 
4.05 7803342127 313269810.1 9299 
4.15 8023752565 326610441.1 9450 
4.25 5963801660 271390707.6 6699 
4.35 6706748524 301767245.9 7149 
4.45 6159360671 298376094.7 6149 
4.55 6507777197 338358395.3 6350 
4.65 5756703034 269090746.1 5350 
4.75 6616287989 333888036.4 5950 
4.85 5285285330 245480730.4 4950 
4.95 5809386611 316577600.7 4800 
5.05 6350865624 377427429.5 4600 
5.15 4410311208 250217518.1 3399 
5.25 4785251449 283882191 3550 
5.35 4131051504 213495546.3 3100 
5.45 4387871370 240421444.5 3149 
5.55 6454264806 331766049.8 3800 
5.65 5252673265 259848583.3 3500 
5.75 3741407388 225918125.7 2500 
5.85 5579276993 280215582.5 3350 
5.95 4533797759 286269341.3 2450 
6.05 3522108244 281220986.2 1750 
6.15 4175835310 219135805.8 2300 
6.25 2713059349 197872403.4 1500 
6.35 2509411415 170743999.2 1400 
6.45 2229254853 176661266.4 1100 
6.55 1898483921 148806995.6 1100 
6.65 281959718.8 58409165.39 150 
6.75 0 0 0 
6.85 0 0 0 
6.95 0 0 0 
7.05 0 0 0 
7.15 0 0 0 
7.25 0 0 0 
7.35 0 0 0 
7.45 0 0 0 
7.55 0 0 0 
7.65 0 0 0 
7.75 0 0 0 
7.85 0 0 0 
7.95 0 0 0 
8.05 0 0 0 
8.15 0 0 0 
8.25 0 0 0 
8.35 0 0 0 
8.45 0 0 0 
8.55 0 0 0 
8.65 0 0 0 
8.75 0 0 0 
8.85 0 0 0 
8.95 0 0 0 
9.05 0 0 0 
9.15 0 0 0 
9.25 0 0 0 
9.35 0 0 0 
9.45 0 0 0 
9.55 0 0 0 
9.65 0 0 0 
9.75 0 0 0 
9.85 0 0 0 
9.95 0 0 0 
10.05 0 0 0 
10.15 0 0 0 
10.25 0 0 0 
10.35 0 0 0 
10.45 0 0 0 
10.55 0 0 0 
10.65 0 0 0 
10.75 0 0 0 
10.85 0 0 0 
10.95 0 0 0 
11.05 0 0 0 
11.15 0 0 0 
11.25 0 0 0 
11.35 0 0 0 
11.45 0 0 0 
11.55 0 0 0 
11.65 0 0 0 
11.75 0 0 0 
11.85 0 0 0 
11.95 0 0 0 
