# Format: McCode with text headers
# URL: http://www.mccode.org
# Creator:  3.8.5, git
# Instrument: eqsans_sans.instr
# Ncount: 10000000
# Trace: no
# Gravitation: no
# Seed: 1790181093814691
# Directory: /Users/georgeyumnam/WORK/PANRAID/PaNRAID-results/Group2/panraidproject/scan_sans_sample/x-12_y+19
# Param: gx=-0.012
# Param: gy=0.019
# Param: sample_on=1
# Param: R_sphere=100
# Param: Phi=0.01
# Param: bs_radius=0
# Param: samp_ap=0.01
# Date: Wed Sep 23 18:32:08 2026 (1790181128)
# type: array_1d(100)
# Source: EQ_SANS_sample (eqsans_sans.instr)
# component: qmon
# position: 0 0 22.281
# title: QMonitor - Radially averaged distribution
# Ncount: 10000000
# filename: rdet.dat
# statistics: X0=0.0459557; dX=0.0533756;
# signal: Min=0; Max=2.69006e+08; Mean=7.86009e+06;
# values: 7.86009e+08 2.81925e+08 1358
# xvar: r
# yvar: (I,I_err)
# xlabel: Radius [m]
# ylabel: I(r)
# xlimits: 0 0.5
# variables: r I I_err N
0.0025 269005903.7 269005903.7 1 
0.0075 0 0 0 
0.0125 48049933.03 48049933.03 1 
0.0175 37091906.2 37091906.2 1 
0.0225 0 0 0 
0.0275 27254550.63 27254550.63 1 
0.0325 27468121.2 17001174.88 3 
0.0375 33318107.75 22320061.4 3 
0.0425 58540065.98 26458284.05 5 
0.0475 15033291.48 11103933.98 2 
0.0525 28420483.21 14835631.77 4 
0.0575 8343242.878 8343242.878 1 
0.0625 0 0 0 
0.0675 25265138.97 12138934.66 5 
0.0725 36409944.01 15059467.32 7 
0.0775 12377114.42 8935952.559 3 
0.0825 20151720.06 8615745.802 7 
0.0875 11712437.91 6934835.496 3 
0.0925 9928927.262 5902239.654 3 
0.0975 13112129.93 6759545.391 6 
0.1025 8759564.44 5394044.481 3 
0.1075 6987578.156 3822390.36 4 
0.1125 2245817.735 1714469.718 3 
0.1175 4527610.04 3418605.348 3 
0.1225 8887094.403 4395557.723 6 
0.1275 6176612.691 2485187.49 11 
0.1325 9341058.282 4641527.931 7 
0.1375 9709212.417 5179720.972 5 
0.1425 8393966.223 3672912.645 9 
0.1475 2921670.965 1178733.198 10 
0.1525 2773395.955 1694217.674 10 
0.1575 1362774.036 834185.3014 5 
0.1625 2707859.665 2069285.353 10 
0.1675 3444005.46 2572917.766 7 
0.1725 5624334.929 2878389.778 9 
0.1775 3269893.188 1748612.858 11 
0.1825 217398.0994 118209.1694 9 
0.1875 2047335.736 1278684.178 8 
0.1925 2582084.565 1173246.728 15 
0.1975 282581.6493 169101.1655 11 
0.2025 1004591.388 638793.3942 13 
0.2075 1163135.067 829162.9746 9 
0.2125 90124.52367 38692.40459 7 
0.2175 60018.26372 35532.52846 5 
0.2225 1227015.224 691747.676 11 
0.2275 1213744.62 823254.4893 7 
0.2325 846948.9196 642928.2501 19 
0.2375 448365.1799 186429.3373 19 
0.2425 890731.5339 552112.2123 12 
0.2475 304391.6678 169332.4813 12 
0.2525 284009.3085 142033.4102 13 
0.2575 162764.2844 66624.75362 16 
0.2625 566464.4015 291780.9834 15 
0.2675 203544.9587 53380.76926 23 
0.2725 250160.4047 136842.55 13 
0.2775 231764.1864 65366.1013 18 
0.2825 286403.966 115209.7015 18 
0.2875 105957.8655 33571.45203 14 
0.2925 258298.1728 179770.9944 13 
0.2975 96948.41224 42756.86699 17 
0.3025 35167.52613 20462.51921 6 
0.3075 134398.4371 34157.89972 24 
0.3125 76689.93675 28283.35421 14 
0.3175 95469.29546 32224.25272 22 
0.3225 122702.7045 38198.63267 15 
0.3275 182423.5521 49882.09828 24 
0.3325 93302.16087 30456.84794 19 
0.3375 154916.7783 72557.0479 21 
0.3425 77542.09565 24927.77242 16 
0.3475 79401.46887 27967.37525 17 
0.3525 86232.78039 26180.32885 24 
0.3575 82636.13755 26658.41112 17 
0.3625 76840.81263 26765.34438 19 
0.3675 55126.56258 18488.86845 23 
0.3725 117680.3874 32227.16114 25 
0.3775 44655.1262 17380.77428 20 
0.3825 47253.49354 16988.70455 18 
0.3875 39127.45311 13951.49769 22 
0.3925 50430.60961 20616.31937 20 
0.3975 21034.76726 7272.982308 21 
0.4025 99367.60674 30663.17423 28 
0.4075 60088.43467 21667.92743 25 
0.4125 52957.01613 17201.56429 23 
0.4175 71328.9167 23448.02149 29 
0.4225 65825.60265 25083.85755 24 
0.4275 44573.1759 17729.53827 21 
0.4325 68261.40082 26128.01093 16 
0.4375 17321.31547 6678.580433 16 
0.4425 64157.44799 20370.06489 27 
0.4475 21713.6923 7922.654048 27 
0.4525 15278.31579 5839.475866 16 
0.4575 41848.78725 16986.27256 24 
0.4625 17641.53961 5609.888256 23 
0.4675 39249.28214 13642.81116 26 
0.4725 35498.85071 15126.91529 29 
0.4775 58840.47219 18491.40927 34 
0.4825 37191.27548 11617.35628 33 
0.4875 26118.53068 11594.16696 25 
0.4925 16316.42948 8461.125676 15 
0.4975 41829.58572 15176.75565 24 
