# Format: McCode with text headers
# URL: http://www.mccode.org
# Creator:  3.8.5, git
# Instrument: eqsans_sans.instr
# Ncount: 10000000
# Trace: no
# Gravitation: no
# Seed: 1790182310504104
# Directory: /Users/georgeyumnam/WORK/PANRAID/PaNRAID-results/Group2/panraidproject/scan_sans_sample/x-03_y-04
# Param: gx=-0.003
# Param: gy=-0.004
# Param: sample_on=1
# Param: R_sphere=100
# Param: Phi=0.01
# Param: bs_radius=0
# Param: samp_ap=0.01
# Date: Wed Sep 23 18:52:25 2026 (1790182345)
# type: array_1d(100)
# Source: EQ_SANS_sample (eqsans_sans.instr)
# component: qmon
# position: 0 0 22.281
# title: QMonitor - Distribution in q (Radially averaged)
# Ncount: 10000000
# filename: qdet.dat
# statistics: X0=0.0129909; dX=0.0103247;
# signal: Min=9955.72; Max=3.57116e+08; Mean=4.44661e+07;
# values: 4.44661e+09 5.45816e+08 7115
# xvar: q
# yvar: (I,I_err)
# xlabel: q [1 / AA]
# ylabel: I(q)
# xlimits: 0 0.151561
# variables: q I I_err N
0.0007578035702 340088596.4 340088596.4 1 
0.002273410711 352977903.6 313843295.6 2 
0.003789017851 242576695.9 153313066.2 3 
0.005304624991 328808173.1 154026159.4 7 
0.006820232132 357116091.9 122082773.2 12 
0.008335839272 328962062.1 106318560.1 13 
0.009851446413 273710011.1 71546728.93 18 
0.01136705355 127596100.1 48335252.75 9 
0.01288266069 241158093.4 83888522.98 13 
0.01439826783 187556072.8 57090811.12 16 
0.01591387497 224122188.4 61507323.35 17 
0.01742948211 241163059.7 51486189.68 31 
0.01894508925 259324811.8 54981433.28 36 
0.0204606964 161504261.2 34752394.51 34 
0.02197630354 134279911.4 29695960.61 29 
0.02349191068 134439151.3 32995704.1 34 
0.02500751782 105384277.6 23518434.93 34 
0.02652312496 53169818.35 15117947.61 28 
0.0280387321 60195757.47 11421209.57 49 
0.02955433924 65333551.85 18033111.41 35 
0.03106994638 46863645.98 13249418.3 39 
0.03258555352 35409336.89 7753232.234 54 
0.03410116066 19167001.52 3921985.697 46 
0.0356167678 30637999.41 8545583.158 49 
0.03713237494 17463456.84 4025610.194 64 
0.03864798208 6460759.456 1729045.721 46 
0.04016358922 12123608.47 3133213.142 68 
0.04167919636 7123004.114 1994027.034 69 
0.0431948035 3432585.989 1007143.957 61 
0.04471041064 5922781.251 1479262.629 85 
0.04622601778 2831468.792 918588.1345 76 
0.04774162492 2392230.132 744830.3556 73 
0.04925723206 1947301.07 326737.2889 86 
0.0507728392 1482021.791 239035.9877 67 
0.05228844634 2466239.944 329521.9281 94 
0.05380405348 2694961.343 348962.5679 96 
0.05531966062 2470050.61 317002.8154 92 
0.05683526776 2457207.395 296915.2432 93 
0.05835087491 2070517.533 282799.9623 76 
0.05986648205 2574502.366 318883.0417 94 
0.06138208919 2041675.82 256932.4918 90 
0.06289769633 2301611.463 296550.6489 93 
0.06441330347 2015690.586 257796.0138 98 
0.06592891061 1535112.736 218846.0644 93 
0.06744451775 1310923.3 177543.8574 96 
0.06896012489 933342.1536 137919.0716 106 
0.07047573203 1079428.922 173030.844 99 
0.07199133917 607692.0894 100825.8515 101 
0.07350694631 487453.3914 81249.2452 101 
0.07502255345 448719.4084 92909.90162 101 
0.07653816059 181312.819 32518.59947 91 
0.07805376773 322788.4143 57388.0545 111 
0.07956937487 222648.7743 45028.39778 96 
0.08108498201 239961.8823 38313.1121 100 
0.08260058915 275500.5264 36421.32512 114 
0.08411619629 296297.3655 37316.24494 109 
0.08563180343 295793.2901 36603.41113 96 
0.08714741057 310082.3751 39528.93055 100 
0.08866301771 360099.7817 40742.10682 105 
0.09017862485 360854.9025 41107.79283 105 
0.09169423199 287475.9431 36499.83447 89 
0.09320983913 321879.9693 36275.31952 108 
0.09472544627 285436.2073 35279.58304 99 
0.09624105341 314117.873 36893.87264 114 
0.09775666056 253684.5628 30359.43807 109 
0.0992722677 191922.6064 26803.28531 103 
0.1007878748 191630.7267 26321.60472 108 
0.102303482 196325.1515 26998.56786 123 
0.1038190891 137162.1489 20912.6229 117 
0.1053346963 90679.27826 15338.78097 103 
0.1068503034 75891.49299 13403.75937 105 
0.1083659105 67595.70483 11408.00459 97 
0.1098815177 60035.6062 9259.876789 101 
0.1113971248 51967.35914 8021.653453 108 
0.112912732 53818.24059 7610.9993 98 
0.1144283391 59284.64212 7797.665372 99 
0.1159439462 50182.76222 7219.933424 75 
0.1174595534 64762.83902 8859.757193 87 
0.1189751605 83136.22006 9811.673231 100 
0.1204907677 79521.39441 9481.754103 96 
0.1220063748 59435.88129 8556.112712 63 
0.1235219819 70249.70084 8737.173718 84 
0.1250375891 64276.3051 8786.16616 67 
0.1265531962 57341.39352 7791.247798 71 
0.1280688034 60547.19635 8665.699377 68 
0.1295844105 47264.11819 6902.802888 66 
0.1311000176 35849.41236 5890.272856 69 
0.1326156248 29990.16208 5473.716657 59 
0.1341312319 23796.21737 4218.992347 61 
0.1356468391 21299.40936 3899.818389 60 
0.1371624462 18268.75232 3528.455729 55 
0.1386780533 15438.83919 2835.345064 63 
0.1401936605 13632.70378 2623.513331 51 
0.1417092676 10729.1226 2170.799815 60 
0.1432248748 17117.79917 2720.641783 73 
0.1447404819 13963.07604 2300.534294 60 
0.146256089 11694.77044 2074.525595 52 
0.1477716962 9955.720287 1965.177007 39 
0.1492873033 12221.13517 2129.169673 48 
0.1508029105 14656.48555 2483.00917 53 
