# Format: McCode with text headers
# URL: http://www.mccode.org
# Creator:  3.8.5, git
# Instrument: eqsans_sans.instr
# Ncount: 10000000
# Trace: no
# Gravitation: no
# Seed: 1790181096578565
# Directory: /Users/georgeyumnam/WORK/PANRAID/PaNRAID-results/Group2/panraidproject/scan_sans_sample/x-12_y+20
# Param: gx=-0.012
# Param: gy=0.02
# Param: sample_on=1
# Param: R_sphere=100
# Param: Phi=0.01
# Param: bs_radius=0
# Param: samp_ap=0.01
# Date: Wed Sep 23 18:32:11 2026 (1790181131)
# type: array_1d(100)
# Source: EQ_SANS_sample (eqsans_sans.instr)
# component: qmon
# position: 0 0 22.281
# title: QMonitor - Radially averaged distribution
# Ncount: 10000000
# filename: rdet.dat
# statistics: X0=0.0485865; dX=0.0520871;
# signal: Min=0; Max=2.0738e+08; Mean=8.05634e+06;
# values: 8.05634e+08 1.54962e+08 1261
# xvar: r
# yvar: (I,I_err)
# xlabel: Radius [m]
# ylabel: I(r)
# xlimits: 0 0.5
# variables: r I I_err N
0.0025 0 0 0 
0.0075 207379770.5 123224700.1 3 
0.0125 35632453.17 35632453.17 1 
0.0175 71412936.33 51519826.46 2 
0.0225 82131690.1 47953102.29 3 
0.0275 12842062.14 12842062.14 1 
0.0325 37672567.6 24221087.96 3 
0.0375 22812438.7 16326134.06 2 
0.0425 37975501.52 22407890.82 3 
0.0475 28040766.01 16337269.45 3 
0.0525 32189504.69 18044048.87 4 
0.0575 21620127.3 15320470.08 2 
0.0625 21814521.38 12428795.5 4 
0.0675 8824674.776 6270457.89 2 
0.0725 15329497.04 8954699.066 3 
0.0775 0 0 0 
0.0825 19073693.38 9768159.448 5 
0.0875 392983.5526 392983.5526 1 
0.0925 7733230.818 4696929.887 3 
0.0975 23271004.2 10029723.26 6 
0.1025 9325282.968 4594493.929 6 
0.1075 5304520.752 5776732.373 2 
0.1125 11744373.5 5563371.999 6 
0.1175 7502893.533 3100049.445 8 
0.1225 5424171.951 3374775.75 4 
0.1275 9653042.59 3953607.467 8 
0.1325 8625587.847 4881745.594 4 
0.1375 3198603.439 1816926.278 6 
0.1425 4089450.128 1729586.677 8 
0.1475 3135660.477 1368878.313 8 
0.1525 4784476.999 2311978.468 6 
0.1575 4194171.103 2414383.174 6 
0.1625 7144949.57 3077459.635 15 
0.1675 3150418.638 1574922.936 13 
0.1725 4453676.853 2283163.849 10 
0.1775 5045401.417 2267595.219 13 
0.1825 5756186.052 2676029.152 9 
0.1875 838894.5205 444668.5639 12 
0.1925 1821046.883 1244743.919 13 
0.1975 3547546.737 1520395.654 16 
0.2025 548706.3979 268168.6999 10 
0.2075 986819.939 533368.9295 11 
0.2125 835311.0064 669140.908 7 
0.2175 633122.9517 416414.8426 10 
0.2225 160190.921 63740.58921 9 
0.2275 1203246.728 597481.5797 16 
0.2325 990557.6106 507543.3355 17 
0.2375 160440.0097 96389.96493 9 
0.2425 497703.2453 316311.688 13 
0.2475 615571.7442 520248.6533 10 
0.2525 394070.702 284990.7236 11 
0.2575 459062.5712 204441.3905 14 
0.2625 116436.5277 79725.61624 8 
0.2675 91197.85253 35437.30265 8 
0.2725 391027.709 288532.7301 11 
0.2775 64996.72078 27574.89256 10 
0.2825 156561.6195 53333.79792 16 
0.2875 43279.41446 19975.75975 11 
0.2925 36796.64127 18426.21155 10 
0.2975 62176.76231 28679.91384 9 
0.3025 108918.9005 32826.15539 19 
0.3075 89299.70838 31144.25532 15 
0.3125 116891.237 67547.71827 16 
0.3175 138102.4141 57083.05992 17 
0.3225 121895.789 38715.66062 22 
0.3275 132188.4274 47899.11058 19 
0.3325 129741.0742 36516.87802 26 
0.3375 117297.6453 47464.44055 17 
0.3425 68735.62181 27724.01591 12 
0.3475 38240.92264 20140.33645 13 
0.3525 52296.99653 19986.45677 19 
0.3575 46936.9369 19427.99032 14 
0.3625 88840.70749 27046.20448 32 
0.3675 42315.03588 12727.55569 18 
0.3725 69992.4342 20662.65634 20 
0.3775 42390.25522 17903.4566 13 
0.3825 32670.8594 11381.83007 19 
0.3875 47745.27221 20571.87618 14 
0.3925 82539.47865 26167.20012 21 
0.3975 57627.0403 19839.05157 22 
0.4025 59494.27507 20156.2454 22 
0.4075 76040.60316 23519.74098 27 
0.4125 22004.9425 8065.633754 19 
0.4175 43403.6653 17389.00771 22 
0.4225 40984.31204 14860.87923 25 
0.4275 26335.94559 13077.12504 15 
0.4325 47202.01082 15669.78512 28 
0.4375 9518.312928 3525.238096 14 
0.4425 54608.54265 18669.66552 26 
0.4475 37001.64305 12920.99682 27 
0.4525 46067.22693 16141.02204 26 
0.4575 29288.10987 10340.29966 34 
0.4625 19330.96812 6798.024329 21 
0.4675 19987.48094 11365.26924 18 
0.4725 23051.2828 7676.222479 22 
0.4775 39545.92268 15784.8972 19 
0.4825 14830.98326 6672.025245 26 
0.4875 30681.95135 14839.76274 19 
0.4925 25229.33105 9892.316964 25 
0.4975 7415.273763 2867.527147 14 
