# Format: McCode with text headers
# URL: http://www.mccode.org
# Creator:  3.8.5, git
# Instrument: eqsans_1_fixed.instr
# Ncount: 1000000
# Trace: no
# Gravitation: no
# Seed: 1790169934417406
# Directory: /Users/georgeyumnam/WORK/PANRAID/PaNRAID-results/Group2/panraidproject/scan_guide_xy/x+09_y+04
# Param: gx=0.009
# Param: gy=0.004
# Date: Wed Sep 23 15:25:38 2026 (1790169938)
# type: array_1d(120)
# Source: EQ_SANS (eqsans_1_fixed.instr)
# component: lambda_det
# position: 0 0 22.28
# title: Wavelength monitor
# Ncount: 1000000
# filename: lambda_det.dat
# statistics: X0=4.07797; dX=0.975479;
# signal: Min=0; Max=4.47147e+06; Mean=693438;
# values: 8.32125e+07 705200 27139
# xvar: L
# yvar: (I,I_err)
# xlabel: Wavelength [AA]
# ylabel: Intensity
# xlimits: 0 12
# variables: L I I_err N
0.05 0 0 0 
0.15 0 0 0 
0.25 0 0 0 
0.35 0 0 0 
0.45 0 0 0 
0.55 0 0 0 
0.65 0 0 0 
0.75 0 0 0 
0.85 0 0 0 
0.95 0 0 0 
1.05 0 0 0 
1.15 0 0 0 
1.25 0 0 0 
1.35 0 0 0 
1.45 0 0 0 
1.55 0 0 0 
1.65 0 0 0 
1.75 0 0 0 
1.85 0 0 0 
1.95 0 0 0 
2.05 0 0 0 
2.15 2484.695006 1757.009121 2 
2.25 30.16736308 22.89818291 5 
2.35 34405.87654 14000.69787 10 
2.45 122753.4104 27223.54959 41 
2.55 246055.322 39829.71747 70 
2.65 376497.7428 47205.73139 160 
2.75 1351724.276 89497.22923 471 
2.85 3269985.77 141415.0009 1095 
2.95 4471470.847 164052.4646 1427 
3.05 4254604.23 157598.5071 1436 
3.15 4158052.113 158346.0478 1370 
3.25 3958551.494 154354.4499 1359 
3.35 3438567.38 142246.6897 1175 
3.45 3738626.958 151002.057 1191 
3.55 3579774.55 147475.1619 1156 
3.65 3287779.016 139699.2952 1084 
3.75 3156365.273 137885.7005 1013 
3.85 2982371.846 134187.5024 968 
3.95 2781490.281 129566.3819 887 
4.05 3045717.901 134142.8645 942 
4.15 2448720.572 120833.6915 793 
4.25 2517189.042 124024.637 773 
4.35 2269771.974 115998.17 737 
4.45 1988101.479 106937.2702 704 
4.55 2090607.088 111249.9934 706 
4.65 1890610.888 104737.1814 630 
4.75 1773809.443 102796.5736 593 
4.85 1942757.346 107186.1216 607 
4.95 1669465.373 100181.6166 539 
5.05 1580589.682 98278.16761 491 
5.15 1511735.468 96086.5428 477 
5.25 1442649.815 93526.5973 446 
5.35 1305384.608 87670.26204 423 
5.45 1351095.912 89928.82083 403 
5.55 1241882.705 86566.55937 387 
5.65 1059744.856 78829.93496 320 
5.75 1041971.586 79540.22788 342 
5.85 882148.4625 70878.92612 308 
5.95 908242.8707 73471.21342 286 
6.05 815039.8685 68232.2592 270 
6.15 913107.2719 75101.14801 294 
6.25 703880.1067 64649.55208 234 
6.35 740139.7184 65689.73262 226 
6.45 548284.3571 57123.20806 191 
6.55 277727.9543 41444.85577 86 
6.65 40570.10887 14881.32889 11 
6.75 0 0 0 
6.85 0 0 0 
6.95 0 0 0 
7.05 0 0 0 
7.15 0 0 0 
7.25 0 0 0 
7.35 0 0 0 
7.45 0 0 0 
7.55 0 0 0 
7.65 0 0 0 
7.75 0 0 0 
7.85 0 0 0 
7.95 0 0 0 
8.05 0 0 0 
8.15 0 0 0 
8.25 0 0 0 
8.35 0 0 0 
8.45 0 0 0 
8.55 0 0 0 
8.65 0 0 0 
8.75 0 0 0 
8.85 0 0 0 
8.95 0 0 0 
9.05 0 0 0 
9.15 0 0 0 
9.25 0 0 0 
9.35 0 0 0 
9.45 0 0 0 
9.55 0 0 0 
9.65 0 0 0 
9.75 0 0 0 
9.85 0 0 0 
9.95 0 0 0 
10.05 0 0 0 
10.15 0 0 0 
10.25 0 0 0 
10.35 0 0 0 
10.45 0 0 0 
10.55 0 0 0 
10.65 0 0 0 
10.75 0 0 0 
10.85 0 0 0 
10.95 0 0 0 
11.05 0 0 0 
11.15 0 0 0 
11.25 0 0 0 
11.35 0 0 0 
11.45 0 0 0 
11.55 0 0 0 
11.65 0 0 0 
11.75 0 0 0 
11.85 0 0 0 
11.95 0 0 0 
