# Format: McCode with text headers
# URL: http://www.mccode.org
# Creator:  3.8.5, git
# Instrument: eqsans_cylinder.instr
# Ncount: 5000000
# Trace: no
# Gravitation: no
# Seed: 1790196123226127
# Directory: /Users/georgeyumnam/WORK/PANRAID/PaNRAID-results/Group2/panraidproject/dataset_cylinder/cyl_001901
# Param: gx=0
# Param: gy=0
# Param: sample_on=1
# Param: bs_radius=0
# Param: samp_ap=0.01
# Param: sld=3.31266
# Param: sld_solvent=1
# Param: radius=79.8146
# Param: length=752.02
# Param: pd_radius=0.04141
# Param: pd_length=0.047064
# Param: model_scale=1
# Param: model_abs=0
# Date: Wed Sep 23 22:42:21 2026 (1790196141)
# type: array_1d(100)
# Source: EQ_SANS_cylinder (eqsans_cylinder.instr)
# component: qmon
# position: 0 0 22.281
# title: QMonitor - Radially averaged distribution
# Ncount: 5000000
# filename: rdet.dat
# statistics: X0=0.0513137; dX=0.0471448;
# signal: Min=2.33346e+12; Max=7.0127e+15; Mean=8.63746e+14;
# values: 8.63746e+16 2.33601e+15 157691
# xvar: r
# yvar: (I,I_err)
# xlabel: Radius [m]
# ylabel: I(r)
# xlimits: 0 0.5
# variables: r I I_err N
0.0025 4.8817448e+15 1.444174177e+15 14 
0.0075 7.012701853e+15 1.077829449e+15 55 
0.0125 6.474007115e+15 7.975247853e+14 86 
0.0175 6.274008406e+15 6.684169655e+14 118 
0.0225 5.287519728e+15 5.177614359e+14 147 
0.0275 5.398090626e+15 4.749902858e+14 183 
0.0325 4.531483398e+15 3.877844406e+14 199 
0.0375 4.280152851e+15 3.40619391e+14 232 
0.0425 4.566240166e+15 3.177833153e+14 297 
0.0475 3.40952514e+15 2.447521131e+14 296 
0.0525 4.036870734e+15 2.584184119e+14 374 
0.0575 3.544545604e+15 2.230163102e+14 396 
0.0625 2.696177208e+15 1.713314954e+14 390 
0.0675 2.435307568e+15 1.458507004e+14 436 
0.0725 1.978523363e+15 1.215172103e+14 435 
0.0775 2.137327084e+15 1.212892868e+14 512 
0.0825 1.901171761e+15 1.016706297e+14 547 
0.0875 1.58584267e+15 8.573290671e+13 564 
0.0925 1.45558032e+15 7.649069539e+13 595 
0.0975 1.244958117e+15 6.637340117e+13 602 
0.1025 1.173384277e+15 5.996999895e+13 662 
0.1075 1.118611605e+15 5.645346677e+13 680 
0.1125 1.060121178e+15 5.104717423e+13 744 
0.1175 8.140175122e+14 4.091928246e+13 728 
0.1225 6.926713515e+14 3.511940457e+13 715 
0.1275 6.388810385e+14 3.156362813e+13 782 
0.1325 5.973927665e+14 2.898808188e+13 806 
0.1375 5.797785684e+14 2.80313931e+13 866 
0.1425 4.817807815e+14 2.328160628e+13 909 
0.1475 4.595979628e+14 2.213906918e+13 940 
0.1525 4.006915238e+14 1.899589695e+13 999 
0.1575 3.469325571e+14 1.664806627e+13 1011 
0.1625 3.156323366e+14 1.535949711e+13 1017 
0.1675 2.558932565e+14 1.307558379e+13 994 
0.1725 2.476077952e+14 1.2479605e+13 1103 
0.1775 2.333557562e+14 1.163306798e+13 1102 
0.1825 1.971738158e+14 1.015989823e+13 1150 
0.1875 1.758067525e+14 8.957033402e+12 1191 
0.1925 1.471384474e+14 7.77937926e+12 1242 
0.1975 1.300262768e+14 7.035346381e+12 1200 
0.2025 1.131416312e+14 6.180793257e+12 1183 
0.2075 9.724769712e+13 5.322750937e+12 1310 
0.2125 9.265683965e+13 5.103247516e+12 1253 
0.2175 8.720831526e+13 4.673270681e+12 1429 
0.2225 8.122305714e+13 4.347612647e+12 1448 
0.2275 6.86138565e+13 3.704479965e+12 1501 
0.2325 6.008323437e+13 3.291433087e+12 1499 
0.2375 4.93912709e+13 2.861906998e+12 1461 
0.2425 4.62777372e+13 2.500427768e+12 1572 
0.2475 4.264052477e+13 2.340211274e+12 1579 
0.2525 3.751034062e+13 2.187786482e+12 1578 
0.2575 3.090346478e+13 1.70609724e+12 1570 
0.2625 2.961856381e+13 1.680813828e+12 1637 
0.2675 2.609116119e+13 1.444191326e+12 1727 
0.2725 2.258895213e+13 1.229651624e+12 1732 
0.2775 2.073951538e+13 1.113488213e+12 1748 
0.2825 1.977598729e+13 1.005653271e+12 1822 
0.2875 1.707721505e+13 8.661932198e+11 1825 
0.2925 1.646319001e+13 8.085989467e+11 1835 
0.2975 1.423066004e+13 7.014272395e+11 1831 
0.3025 1.265612575e+13 6.032075127e+11 1881 
0.3075 1.219870482e+13 5.558811655e+11 1993 
0.3125 1.04910806e+13 4.756758324e+11 1915 
0.3175 9.146695119e+12 3.791808499e+11 1982 
0.3225 9.245382632e+12 3.641018336e+11 2057 
0.3275 7.854986363e+12 3.000470688e+11 2070 
0.3325 8.356266497e+12 3.215360846e+11 2134 
0.3375 7.733341774e+12 3.011132393e+11 2191 
0.3425 6.560711492e+12 2.275788492e+11 2218 
0.3475 6.662029859e+12 2.338144296e+11 2228 
0.3525 5.87233488e+12 1.856404685e+11 2204 
0.3575 5.922356121e+12 1.900423942e+11 2263 
0.3625 5.33012683e+12 1.615863077e+11 2317 
0.3675 5.04759352e+12 1.498445779e+11 2318 
0.3725 5.03678054e+12 1.517950172e+11 2388 
0.3775 4.782752006e+12 1.390004694e+11 2384 
0.3825 4.51659645e+12 1.320135632e+11 2373 
0.3875 4.581512624e+12 1.338555182e+11 2464 
0.3925 4.338625318e+12 1.265529674e+11 2521 
0.3975 4.183967266e+12 1.200314938e+11 2521 
0.4025 3.880118559e+12 1.14218404e+11 2564 
0.4075 4.032187008e+12 1.168780552e+11 2590 
0.4125 3.873716874e+12 1.128758075e+11 2593 
0.4175 3.824937489e+12 1.111625064e+11 2615 
0.4225 3.614083548e+12 1.063133906e+11 2607 
0.4275 3.713107619e+12 1.078068185e+11 2799 
0.4325 3.381065845e+12 1.025607894e+11 2620 
0.4375 3.247591726e+12 9.859163693e+10 2711 
0.4425 3.124244249e+12 9.687954551e+10 2654 
0.4475 3.046533259e+12 9.284530379e+10 2715 
0.4525 2.997829319e+12 9.116980334e+10 2877 
0.4575 3.096252045e+12 9.424489501e+10 2856 
0.4625 2.85893307e+12 8.956960819e+10 2891 
0.4675 2.595365275e+12 8.326666377e+10 2871 
0.4725 2.751076916e+12 8.648982128e+10 2980 
0.4775 2.506458002e+12 8.005285396e+10 2942 
0.4825 2.528790322e+12 7.948885207e+10 3096 
0.4875 2.474701505e+12 7.792124749e+10 3114 
0.4925 2.409944478e+12 7.638997505e+10 3138 
0.4975 2.33345993e+12 7.467502844e+10 3177 
