# Format: McCode with text headers
# URL: http://www.mccode.org
# Creator:  3.8.5, git
# Instrument: eqsans_sans.instr
# Ncount: 10000000
# Trace: no
# Gravitation: no
# Seed: 1790180504716840
# Directory: /Users/georgeyumnam/WORK/PANRAID/PaNRAID-results/Group2/panraidproject/scan_sans_sample/x-16_y+10
# Param: gx=-0.016
# Param: gy=0.01
# Param: sample_on=1
# Param: R_sphere=100
# Param: Phi=0.01
# Param: bs_radius=0
# Param: samp_ap=0.01
# Date: Wed Sep 23 18:22:18 2026 (1790180538)
# type: array_1d(100)
# Source: EQ_SANS_sample (eqsans_sans.instr)
# component: qmon
# position: 0 0 22.281
# title: QMonitor - Distribution in q (Radially averaged)
# Ncount: 10000000
# filename: qdet.dat
# statistics: X0=0.0136209; dX=0.00993006;
# signal: Min=0; Max=2.11795e+08; Mean=1.90809e+07;
# values: 1.90809e+09 2.6378e+08 2948
# xvar: q
# yvar: (I,I_err)
# xlabel: q [1 / AA]
# ylabel: I(q)
# xlimits: 0 0.151561
# variables: q I I_err N
0.0007578035702 0 0 0 
0.002273410711 155688317.4 155688317.4 1 
0.003789017851 211795499 130427479.3 3 
0.005304624991 117639900.8 76996517.21 3 
0.006820232132 124529439.8 80367329.15 3 
0.008335839272 42312367.1 29929122.13 2 
0.009851446413 140417842.4 53719939.99 8 
0.01136705355 174492401.9 69554594.74 9 
0.01288266069 169841428 52804086.03 12 
0.01439826783 96671042.41 42759099.82 7 
0.01591387497 141662280.2 40206014.2 17 
0.01742948211 45576527.1 18527047.72 8 
0.01894508925 77646897.9 27342268.98 11 
0.0204606964 64679168.7 23623260.05 12 
0.02197630354 62221428.03 20698960.22 13 
0.02349191068 39265719.34 15297484.39 13 
0.02500751782 21617703.83 8892137.625 9 
0.02652312496 57378892.57 15649244.85 20 
0.0280387321 29943927.34 11029297.72 21 
0.02955433924 19789834.67 6076420.488 18 
0.03106994638 37642810.46 12121255.51 26 
0.03258555352 13105192.64 6375074.114 13 
0.03410116066 17791340.08 6647255.014 21 
0.0356167678 7438748.609 2082692.031 22 
0.03713237494 8428335.851 2467942.734 26 
0.03864798208 3353698.302 1273319.351 22 
0.04016358922 4907499.997 2822051.213 23 
0.04167919636 1873180.274 1187116.28 20 
0.0431948035 1282492.012 675060.8032 27 
0.04471041064 648242.4448 257233.012 22 
0.04622601778 491692.4022 188909.1969 29 
0.04774162492 951715.7562 227551.1857 37 
0.04925723206 1214852.098 319368.1947 42 
0.0507728392 808862.446 181114.1108 32 
0.05228844634 688688.4859 158302.6722 33 
0.05380405348 1312688.871 240315.3146 42 
0.05531966062 1246148.755 234862.6553 43 
0.05683526776 1002308.306 193269.6992 39 
0.05835087491 1280355.55 255436.7184 35 
0.05986648205 1140620.708 208259.5905 38 
0.06138208919 1141797.219 212875.3778 42 
0.06289769633 945324.1151 178712.1457 46 
0.06441330347 639737.0214 143428.6246 41 
0.06592891061 872960.198 186095.6475 39 
0.06744451775 692595.3685 141808.1629 44 
0.06896012489 453047.303 103194.1108 41 
0.07047573203 382969.7874 76546.57773 51 
0.07199133917 216431.8737 63792.88575 41 
0.07350694631 202692.2751 66820.0325 46 
0.07502255345 101483.0025 42659.64296 35 
0.07653816059 137176.3658 46156.52032 39 
0.07805376773 127473.6367 38537.95618 45 
0.07956937487 118532.646 28358.50472 47 
0.08108498201 91826.27245 19255.74745 43 
0.08260058915 94544.73093 18723.22449 48 
0.08411619629 107699.9771 22282.98974 46 
0.08563180343 122462.4802 24201.38303 45 
0.08714741057 136226.8782 23880.82469 48 
0.08866301771 155604.6949 28486.57897 42 
0.09017862485 179532.2255 31649.57933 48 
0.09169423199 121118.1264 21808.67697 40 
0.09320983913 163991.6836 26248.91227 50 
0.09472544627 124631.6813 25447.95462 35 
0.09624105341 121598.546 21436.32697 43 
0.09775666056 89996.17655 17677.83241 40 
0.0992722677 94659.08401 19906.24554 41 
0.1007878748 63786.6588 14934.16375 36 
0.102303482 41018.70965 11465.34706 36 
0.1038190891 43966.40783 10922.26137 36 
0.1053346963 14938.72901 6320.180834 26 
0.1068503034 24441.16119 6138.013726 35 
0.1083659105 34317.76495 9026.968551 51 
0.1098815177 15717.60304 4224.617298 41 
0.1113971248 23347.0091 7137.839396 36 
0.112912732 13115.36677 2830.910669 39 
0.1144283391 15562.14697 4300.070671 28 
0.1159439462 34367.32184 6424.403945 50 
0.1174595534 22285.89305 4763.64805 35 
0.1189751605 27121.53282 5634.102152 34 
0.1204907677 38012.99444 6776.071144 42 
0.1220063748 20296.75696 4712.278713 25 
0.1235219819 32739.25822 6312.485328 37 
0.1250375891 27422.97779 6018.71566 27 
0.1265531962 21736.36412 4723.791495 28 
0.1280688034 27142.80391 5349.026887 39 
0.1295844105 26278.91787 5436.848807 34 
0.1311000176 17261.11987 4521.52556 22 
0.1326156248 16194.56879 4137.79075 29 
0.1341312319 7739.099465 2783.572182 16 
0.1356468391 6228.553103 2284.549931 17 
0.1371624462 11719.40659 3411.073986 29 
0.1386780533 7758.595672 2249.48862 23 
0.1401936605 3289.799271 1178.312338 18 
0.1417092676 2974.722132 1083.967857 23 
0.1432248748 9936.414902 2202.934812 40 
0.1447404819 5394.800455 1309.891447 29 
0.146256089 4446.374273 1228.511597 20 
0.1477716962 1935.609489 659.2522345 12 
0.1492873033 6673.471397 1521.876861 26 
0.1508029105 8413.590287 2028.061019 21 
