# Format: McCode with text headers
# URL: http://www.mccode.org
# Creator:  3.8.5, git
# Instrument: eqsans_1_fixed.instr
# Ncount: 1000000
# Trace: no
# Gravitation: no
# Seed: 1790169995751984
# Directory: /Users/georgeyumnam/WORK/PANRAID/PaNRAID-results/Group2/panraidproject/scan_guide_xy/x+13_y+02
# Param: gx=0.013
# Param: gy=0.002
# Date: Wed Sep 23 15:26:39 2026 (1790169999)
# type: array_1d(120)
# Source: EQ_SANS (eqsans_1_fixed.instr)
# component: lambda_det
# position: 0 0 22.28
# title: Wavelength monitor
# Ncount: 1000000
# filename: lambda_det.dat
# statistics: X0=4.06897; dX=0.972407;
# signal: Min=0; Max=4.04609e+06; Mean=617750;
# values: 7.413e+07 675208 22779
# xvar: L
# yvar: (I,I_err)
# xlabel: Wavelength [AA]
# ylabel: Intensity
# xlimits: 0 12
# variables: L I I_err N
0.05 0 0 0 
0.15 0 0 0 
0.25 0 0 0 
0.35 0 0 0 
0.45 0 0 0 
0.55 0 0 0 
0.65 0 0 0 
0.75 0 0 0 
0.85 0 0 0 
0.95 0 0 0 
1.05 0 0 0 
1.15 0 0 0 
1.25 0 0 0 
1.35 0 0 0 
1.45 0 0 0 
1.55 0 0 0 
1.65 0 0 0 
1.75 0 0 0 
1.85 0 0 0 
1.95 0 0 0 
2.05 0 0 0 
2.15 25797.08329 15553.20002 4 
2.25 27026.63936 14493.60107 5 
2.35 27833.60509 15797.01702 6 
2.45 98884.31482 26340.21286 28 
2.55 200388.9678 36921.59943 58 
2.65 442458.265 55717.20983 128 
2.75 875491.5011 72982.54135 328 
2.85 2668295.896 131684.885 842 
2.95 4046091.427 158025.0243 1289 
3.05 3862521.215 154833.3444 1185 
3.15 3885036.948 154251.1456 1161 
3.25 3606200.293 149542.171 1124 
3.35 3443740.364 147208.4037 1042 
3.45 3255666.541 141802.9363 1006 
3.55 3246474.832 142056.2919 932 
3.65 3107346.881 136979.3557 938 
3.75 2989704.982 133746.9385 897 
3.85 2490475.464 123954.1411 775 
3.95 2525963.971 124523.2557 799 
4.05 2333999.506 119741.901 700 
4.15 2393989.349 121857.0678 735 
4.25 2082238.31 112644.359 644 
4.35 2226793.897 117650.8269 645 
4.45 2062677.778 112231.4928 631 
4.55 1855156.315 107553.2563 571 
4.65 1644462.267 100368.619 513 
4.75 1517242.925 96214.23942 491 
4.85 1588700.175 98785.29275 478 
4.95 1476303.103 95291.36878 445 
5.05 1209510.252 83891.3468 407 
5.15 1256427.392 86243.64764 402 
5.25 1243175.391 87082.07976 376 
5.35 1088621.742 79904.60574 347 
5.45 1140335.976 82751.17046 349 
5.55 945682.1581 76282.0892 285 
5.65 1044525.957 80211.79817 315 
5.75 950858.5604 76778.26907 293 
5.85 827286.225 71893.69573 242 
5.95 872987.8479 74313.68209 248 
6.05 724767.0657 64595.92307 235 
6.15 642138.1233 61718.4516 212 
6.25 679926.0924 63384.55469 222 
6.35 613759.816 61505.54636 194 
6.45 528640.7419 56323.8953 152 
6.55 280145.9061 41901.03425 75 
6.65 74283.13968 18638.6086 25 
6.75 0 0 0 
6.85 0 0 0 
6.95 0 0 0 
7.05 0 0 0 
7.15 0 0 0 
7.25 0 0 0 
7.35 0 0 0 
7.45 0 0 0 
7.55 0 0 0 
7.65 0 0 0 
7.75 0 0 0 
7.85 0 0 0 
7.95 0 0 0 
8.05 0 0 0 
8.15 0 0 0 
8.25 0 0 0 
8.35 0 0 0 
8.45 0 0 0 
8.55 0 0 0 
8.65 0 0 0 
8.75 0 0 0 
8.85 0 0 0 
8.95 0 0 0 
9.05 0 0 0 
9.15 0 0 0 
9.25 0 0 0 
9.35 0 0 0 
9.45 0 0 0 
9.55 0 0 0 
9.65 0 0 0 
9.75 0 0 0 
9.85 0 0 0 
9.95 0 0 0 
10.05 0 0 0 
10.15 0 0 0 
10.25 0 0 0 
10.35 0 0 0 
10.45 0 0 0 
10.55 0 0 0 
10.65 0 0 0 
10.75 0 0 0 
10.85 0 0 0 
10.95 0 0 0 
11.05 0 0 0 
11.15 0 0 0 
11.25 0 0 0 
11.35 0 0 0 
11.45 0 0 0 
11.55 0 0 0 
11.65 0 0 0 
11.75 0 0 0 
11.85 0 0 0 
11.95 0 0 0 
