# Format: McCode with text headers
# URL: http://www.mccode.org
# Creator:  3.8.5, git
# Instrument: eqsans_cylinder.instr
# Ncount: 5000000
# Trace: no
# Gravitation: no
# Seed: 1790193162751816
# Directory: /Users/georgeyumnam/WORK/PANRAID/PaNRAID-results/Group2/panraidproject/dataset_cylinder/cyl_000258
# Param: gx=0
# Param: gy=0
# Param: sample_on=1
# Param: bs_radius=0
# Param: samp_ap=0.01
# Param: sld=0.939014
# Param: sld_solvent=1
# Param: radius=114.36
# Param: length=756.011
# Param: pd_radius=0.000979
# Param: pd_length=0.199301
# Param: model_scale=1
# Param: model_abs=0
# Date: Wed Sep 23 21:53:00 2026 (1790193180)
# type: array_1d(100)
# Source: EQ_SANS_cylinder (eqsans_cylinder.instr)
# component: qmon
# position: 0 0 22.281
# title: QMonitor - Radially averaged distribution
# Ncount: 5000000
# filename: rdet.dat
# statistics: X0=0.045139; dX=0.0372647;
# signal: Min=1.82983e+09; Max=1.70814e+13; Mean=1.88014e+12;
# values: 1.88014e+14 5.27407e+12 159867
# xvar: r
# yvar: (I,I_err)
# xlabel: Radius [m]
# ylabel: I(r)
# xlimits: 0 0.5
# variables: r I I_err N
0.0025 4.97509815e+12 2.042052296e+12 8 
0.0075 1.708140101e+13 2.858660181e+12 49 
0.0125 1.297397599e+13 1.961144614e+12 66 
0.0175 1.588302986e+13 1.885726569e+12 109 
0.0225 1.315709676e+13 1.311369043e+12 146 
0.0275 1.490912428e+13 1.346613908e+12 189 
0.0325 1.264232397e+13 1.087706323e+12 223 
0.0375 1.010601088e+13 8.316342144e+11 231 
0.0425 1.093118116e+13 8.58948964e+11 280 
0.0475 1.017626383e+13 7.576069173e+11 326 
0.0525 9.043169765e+12 6.844205546e+11 345 
0.0575 8.474744059e+12 5.903095156e+11 398 
0.0625 6.731346315e+12 4.78978385e+11 397 
0.0675 5.354719059e+12 3.622116563e+11 414 
0.0725 4.949282231e+12 3.206972026e+11 469 
0.0775 4.402617115e+12 3.029779185e+11 481 
0.0825 3.555249368e+12 2.208671785e+11 516 
0.0875 3.108867261e+12 2.01469383e+11 554 
0.0925 2.75453633e+12 1.661270536e+11 567 
0.0975 2.465640881e+12 1.567890544e+11 645 
0.1025 2.109285737e+12 1.334900143e+11 627 
0.1075 1.816844932e+12 1.087177008e+11 709 
0.1125 1.35369106e+12 8.954146132e+10 726 
0.1175 1.261789415e+12 8.034555608e+10 722 
0.1225 1.19823842e+12 7.547838375e+10 781 
0.1275 8.602069801e+11 5.373357258e+10 831 
0.1325 8.047231616e+11 5.312252927e+10 836 
0.1375 7.377540286e+11 4.763339517e+10 900 
0.1425 5.330088879e+11 3.659785725e+10 936 
0.1475 4.696802997e+11 3.307440646e+10 918 
0.1525 4.220593923e+11 2.937513721e+10 945 
0.1575 3.263788285e+11 2.300514339e+10 953 
0.1625 3.149718096e+11 2.196695562e+10 1026 
0.1675 2.80081578e+11 1.920416882e+10 1120 
0.1725 1.974951722e+11 1.447179619e+10 1081 
0.1775 1.859256262e+11 1.293629738e+10 1130 
0.1825 1.60619036e+11 1.132751028e+10 1125 
0.1875 1.343631361e+11 8836520197 1241 
0.1925 1.019862257e+11 7115630385 1188 
0.1975 9.456235954e+10 6164098055 1259 
0.2025 8.925445301e+10 6248916573 1268 
0.2075 8.035288247e+10 5747280177 1363 
0.2125 6.462510412e+10 4178001614 1344 
0.2175 6.152079705e+10 3412870499 1431 
0.2225 4.907126203e+10 2913392264 1491 
0.2275 4.302285046e+10 2580016681 1451 
0.2325 3.649423719e+10 1777350036 1506 
0.2375 3.370657401e+10 1674238543 1510 
0.2425 3.103529065e+10 1448786637 1555 
0.2475 2.959767192e+10 1348527782 1635 
0.2525 2.694261252e+10 1160419193 1659 
0.2575 2.568838175e+10 1028302001 1684 
0.2625 2.287973308e+10 880709739.6 1687 
0.2675 2.155675594e+10 795201744 1696 
0.2725 1.984951162e+10 754546814.2 1666 
0.2775 1.772947989e+10 615230028.8 1712 
0.2825 1.749752006e+10 646678233 1778 
0.2875 1.607965392e+10 569818295.6 1778 
0.2925 1.582296337e+10 550119674 1887 
0.2975 1.467474689e+10 517060806.9 1879 
0.3025 1.410554903e+10 510924966.2 1888 
0.3075 1.421423182e+10 502397578.4 1968 
0.3125 1.357262565e+10 480802200.1 1980 
0.3175 1.386267921e+10 495208864.4 2075 
0.3225 1.306581269e+10 468015493.4 2107 
0.3275 1.186380829e+10 435519034.4 2074 
0.3325 1.128124037e+10 421598903.8 2124 
0.3375 1.112860809e+10 418812467.3 2156 
0.3425 1.051611061e+10 392982856.2 2181 
0.3475 9834900199 374754513.9 2193 
0.3525 9294323898 358859869.6 2248 
0.3575 9033117410 344288790 2298 
0.3625 7901781854 315165373.6 2333 
0.3675 7689285908 308822996.7 2291 
0.3725 7593449058 299726294.1 2380 
0.3775 7213591909 291181331.1 2418 
0.3825 6676969681 261718465.7 2496 
0.3875 6312970845 252817421.4 2462 
0.3925 5348202137 211040178.2 2482 
0.3975 5543446262 220335453.5 2591 
0.4025 5066229654 201149565.1 2584 
0.4075 4910977322 193327445 2593 
0.4125 4475219969 179092645.5 2619 
0.4175 4145669571 160446302.7 2684 
0.4225 3757823635 144688316.1 2615 
0.4275 3771518167 135713789.9 2799 
0.4325 3600435957 127535791 2859 
0.4375 3354593144 122202914.7 2828 
0.4425 3048359616 106047217.7 2874 
0.4475 2994194833 107254830.7 2893 
0.4525 2681398263 87953009.68 2896 
0.4575 2641834332 89267075.38 2937 
0.4625 2404357641 76516359.79 2935 
0.4675 2447079203 78513002.11 2996 
0.4725 2163952531 63430777.27 3034 
0.4775 1958614012 59026339.6 2871 
0.4825 1975344233 57825409.38 3056 
0.4875 1989942413 57926487.72 3192 
0.4925 1954354803 55541581.73 3261 
0.4975 1829828691 52408577.53 3149 
