# Format: McCode with text headers
# URL: http://www.mccode.org
# Creator:  3.8.5, git
# Instrument: eqsans_sans.instr
# Ncount: 10000000
# Trace: no
# Gravitation: no
# Seed: 1790179171858006
# Directory: /Users/georgeyumnam/WORK/PANRAID/PaNRAID-results/Group2/panraidproject/scan_sans_nosample/x+16_y-04
# Param: gx=0.016
# Param: gy=-0.004
# Param: sample_on=0
# Param: R_sphere=100
# Param: Phi=0.01
# Param: bs_radius=0
# Param: samp_ap=0.01
# Date: Wed Sep 23 18:00:06 2026 (1790179206)
# type: array_1d(120)
# Source: EQ_SANS_sample (eqsans_sans.instr)
# component: lambda_det
# position: 0 0 22.28
# title: Wavelength monitor
# Ncount: 10000000
# filename: lambda_det.dat
# statistics: X0=3.9316; dX=0.929655;
# signal: Min=0; Max=222705; Mean=26541.7;
# values: 3.185e+06 50531.9 4107
# xvar: L
# yvar: (I,I_err)
# xlabel: Wavelength [AA]
# ylabel: Intensity
# xlimits: 0 12
# variables: L I I_err N
0.05 0 0 0 
0.15 0 0 0 
0.25 0 0 0 
0.35 0 0 0 
0.45 0 0 0 
0.55 0 0 0 
0.65 0 0 0 
0.75 0 0 0 
0.85 0 0 0 
0.95 0 0 0 
1.05 0 0 0 
1.15 0 0 0 
1.25 0 0 0 
1.35 0 0 0 
1.45 0 0 0 
1.55 0 0 0 
1.65 0 0 0 
1.75 0 0 0 
1.85 0 0 0 
1.95 0 0 0 
2.05 0 0 0 
2.15 0 0 0 
2.25 1852.317446 1310.316642 2 
2.35 5095.713623 2097.476453 6 
2.45 6851.474883 2329.85261 9 
2.55 6473.232954 2341.127062 8 
2.65 26344.40069 4643.040176 33 
2.75 40697.5028 5664.59251 54 
2.85 126974.4171 10228.13088 159 
2.95 188451.507 12289.78265 243 
3.05 222705.3913 13387.39626 286 
3.15 178159.382 12015.72337 227 
3.25 176433.2451 11877.03769 229 
3.35 159432.7783 11233.11023 208 
3.45 179751.731 12034.46539 230 
3.55 180351.3643 11986.25974 234 
3.65 142667.7319 10723.57633 184 
3.75 111192.2834 9372.835361 146 
3.85 102507.6854 9064.267192 132 
3.95 116965.095 9707.732293 150 
4.05 97239.31732 8675.923408 131 
4.15 89710.50311 8613.448758 112 
4.25 92019.0455 8599.615433 118 
4.35 80259.18782 8025.709827 103 
4.45 68730.56187 7372.351501 90 
4.55 67975.2395 7355.630274 88 
4.65 66650.23932 7260.155553 87 
4.75 56190.23139 6675.69188 74 
4.85 50143.65239 6369.014933 64 
4.95 53816.16595 6635.710872 68 
5.05 53373.06978 6616.298271 67 
5.15 45330.83908 6104.258674 57 
5.25 37961.78795 5415.253559 51 
5.35 43859.96652 6007.526588 55 
5.45 29674.676 4810.562936 39 
5.55 32098.83609 5146.295521 40 
5.65 40256.33658 5766.619916 50 
5.75 35649.75561 5334.102597 46 
5.85 26948.1618 4623.934054 35 
5.95 28493.27725 4823.614567 36 
6.05 23786.85463 4286.220235 32 
6.15 21350.45475 4021.568767 29 
6.25 21533.43784 4068.718647 29 
6.35 20892.13984 4082.034575 27 
6.45 12664.89508 3142.051106 17 
6.55 9974.060497 2700.068071 14 
6.65 5511.414003 1972.078755 8 
6.75 0 0 0 
6.85 0 0 0 
6.95 0 0 0 
7.05 0 0 0 
7.15 0 0 0 
7.25 0 0 0 
7.35 0 0 0 
7.45 0 0 0 
7.55 0 0 0 
7.65 0 0 0 
7.75 0 0 0 
7.85 0 0 0 
7.95 0 0 0 
8.05 0 0 0 
8.15 0 0 0 
8.25 0 0 0 
8.35 0 0 0 
8.45 0 0 0 
8.55 0 0 0 
8.65 0 0 0 
8.75 0 0 0 
8.85 0 0 0 
8.95 0 0 0 
9.05 0 0 0 
9.15 0 0 0 
9.25 0 0 0 
9.35 0 0 0 
9.45 0 0 0 
9.55 0 0 0 
9.65 0 0 0 
9.75 0 0 0 
9.85 0 0 0 
9.95 0 0 0 
10.05 0 0 0 
10.15 0 0 0 
10.25 0 0 0 
10.35 0 0 0 
10.45 0 0 0 
10.55 0 0 0 
10.65 0 0 0 
10.75 0 0 0 
10.85 0 0 0 
10.95 0 0 0 
11.05 0 0 0 
11.15 0 0 0 
11.25 0 0 0 
11.35 0 0 0 
11.45 0 0 0 
11.55 0 0 0 
11.65 0 0 0 
11.75 0 0 0 
11.85 0 0 0 
11.95 0 0 0 
