# Format: McCode with text headers
# URL: http://www.mccode.org
# Creator:  3.8.5, git
# Instrument: eqsans_1_fixed.instr
# Ncount: 1000000
# Trace: no
# Gravitation: no
# Seed: 1790169543876158
# Directory: /Users/georgeyumnam/WORK/PANRAID/PaNRAID-results/Group2/panraidproject/scan_guide_xy/x-16_y+08
# Param: gx=-0.016
# Param: gy=0.008
# Date: Wed Sep 23 15:19:07 2026 (1790169547)
# type: array_1d(120)
# Source: EQ_SANS (eqsans_1_fixed.instr)
# component: lambda_det
# position: 0 0 22.28
# title: Wavelength monitor
# Ncount: 1000000
# filename: lambda_det.dat
# statistics: X0=4.01852; dX=0.97909;
# signal: Min=0; Max=2.44501e+06; Mean=359838;
# values: 4.31806e+07 524353 12378
# xvar: L
# yvar: (I,I_err)
# xlabel: Wavelength [AA]
# ylabel: Intensity
# xlimits: 0 12
# variables: L I I_err N
0.05 0 0 0 
0.15 0 0 0 
0.25 0 0 0 
0.35 0 0 0 
0.45 0 0 0 
0.55 0 0 0 
0.65 0 0 0 
0.75 0 0 0 
0.85 0 0 0 
0.95 0 0 0 
1.05 0 0 0 
1.15 0 0 0 
1.25 0 0 0 
1.35 0 0 0 
1.45 0 0 0 
1.55 0 0 0 
1.65 0 0 0 
1.75 0 0 0 
1.85 0 0 0 
1.95 0 0 0 
2.05 0 0 0 
2.15 0 0 0 
2.25 5445.021628 4616.826712 2 
2.35 18118.24322 11985.61913 4 
2.45 66716.57373 20399.11642 21 
2.55 161668.8371 33048.55149 41 
2.65 308820.528 43709.0704 94 
2.75 1108801.793 82981.9479 320 
2.85 2148543.509 118373.7175 587 
2.95 2445012.761 126821.1047 687 
3.05 2396431.579 124328.1594 699 
3.15 2144332.336 117208.3001 609 
3.25 2012792.936 114196.3431 579 
3.35 2004620.191 115094.0296 558 
3.45 1738913.097 106157.5061 503 
3.55 1890400.793 110750.0221 538 
3.65 1637442.055 103597.7003 448 
3.75 1645329.3 103737.6855 455 
3.85 1447321.425 92934.69739 422 
3.95 1451360.778 95687.32509 428 
4.05 1269618.416 89428.97236 359 
4.15 1240246.183 87370.82016 362 
4.25 1139813.525 84306.4639 342 
4.35 1150503.176 84024.88231 339 
4.45 978456.9934 78749.93716 268 
4.55 1059089.509 81656.42119 324 
4.65 993541.5925 78633.74161 295 
4.75 921378.5455 76665.36705 262 
4.85 874307.3469 72715.80378 270 
4.95 1036642.169 80853.11395 293 
5.05 736394.6216 68657.76046 218 
5.15 665819.714 64561.07397 202 
5.25 738100.1217 69439.29237 214 
5.35 659300.6577 64584.54548 192 
5.45 573372.4883 60630.15887 176 
5.55 630786.4483 63405.55028 168 
5.65 543424.0705 57941.44734 155 
5.75 427352.2424 49872.2675 128 
5.85 556007.928 59352.16592 144 
5.95 419168.1428 51942.01315 128 
6.05 370295.9326 47408.37988 120 
6.15 489280.3306 55679.36251 129 
6.25 441787.2123 53717.58445 115 
6.35 306660.421 43617.98357 94 
6.45 251945.9339 41390.64126 65 
6.55 74463.39392 21480.48499 20 
6.65 761.409771 761.409771 1 
6.75 0 0 0 
6.85 0 0 0 
6.95 0 0 0 
7.05 0 0 0 
7.15 0 0 0 
7.25 0 0 0 
7.35 0 0 0 
7.45 0 0 0 
7.55 0 0 0 
7.65 0 0 0 
7.75 0 0 0 
7.85 0 0 0 
7.95 0 0 0 
8.05 0 0 0 
8.15 0 0 0 
8.25 0 0 0 
8.35 0 0 0 
8.45 0 0 0 
8.55 0 0 0 
8.65 0 0 0 
8.75 0 0 0 
8.85 0 0 0 
8.95 0 0 0 
9.05 0 0 0 
9.15 0 0 0 
9.25 0 0 0 
9.35 0 0 0 
9.45 0 0 0 
9.55 0 0 0 
9.65 0 0 0 
9.75 0 0 0 
9.85 0 0 0 
9.95 0 0 0 
10.05 0 0 0 
10.15 0 0 0 
10.25 0 0 0 
10.35 0 0 0 
10.45 0 0 0 
10.55 0 0 0 
10.65 0 0 0 
10.75 0 0 0 
10.85 0 0 0 
10.95 0 0 0 
11.05 0 0 0 
11.15 0 0 0 
11.25 0 0 0 
11.35 0 0 0 
11.45 0 0 0 
11.55 0 0 0 
11.65 0 0 0 
11.75 0 0 0 
11.85 0 0 0 
11.95 0 0 0 
