# Format: McCode with text headers
# URL: http://www.mccode.org
# Creator:  3.8.5, git
# Instrument: eqsans_cylinder.instr
# Ncount: 5000000
# Trace: no
# Gravitation: no
# Seed: 1790194871412243
# Directory: /Users/georgeyumnam/WORK/PANRAID/PaNRAID-results/Group2/panraidproject/dataset_cylinder/cyl_001204
# Param: gx=0
# Param: gy=0
# Param: sample_on=1
# Param: bs_radius=0
# Param: samp_ap=0.01
# Param: sld=5.78539
# Param: sld_solvent=1
# Param: radius=76.5836
# Param: length=245.682
# Param: pd_radius=0.126795
# Param: pd_length=0.183311
# Param: model_scale=1
# Param: model_abs=0
# Date: Wed Sep 23 22:21:29 2026 (1790194889)
# type: array_1d(100)
# Source: EQ_SANS_cylinder (eqsans_cylinder.instr)
# component: qmon
# position: 0 0 22.281
# title: QMonitor - Radially averaged distribution
# Ncount: 5000000
# filename: rdet.dat
# statistics: X0=0.0618678; dX=0.0557096;
# signal: Min=3.24008e+12; Max=7.00882e+15; Mean=7.5313e+14;
# values: 7.5313e+16 2.08361e+15 160304
# xvar: r
# yvar: (I,I_err)
# xlabel: Radius [m]
# ylabel: I(r)
# xlimits: 0 0.5
# variables: r I I_err N
0.0025 7.008819915e+15 1.654873743e+15 24 
0.0075 4.050000502e+15 6.839710872e+14 53 
0.0125 3.634757502e+15 5.36377494e+14 68 
0.0175 3.904483594e+15 4.36022947e+14 120 
0.0225 3.248749425e+15 3.210713774e+14 140 
0.0275 3.732435855e+15 3.479498071e+14 179 
0.0325 3.417896789e+15 2.699158663e+14 228 
0.0375 3.332150443e+15 2.720937051e+14 236 
0.0425 3.361900773e+15 2.52205171e+14 275 
0.0475 3.28841025e+15 2.177779053e+14 319 
0.0525 2.851578387e+15 1.920896859e+14 356 
0.0575 2.577124249e+15 1.764917006e+14 338 
0.0625 2.325033906e+15 1.515000166e+14 375 
0.0675 2.23946724e+15 1.403319525e+14 396 
0.0725 2.226040712e+15 1.290078474e+14 470 
0.0775 2.133614551e+15 1.218690767e+14 499 
0.0825 1.995058863e+15 1.12114362e+14 539 
0.0875 1.884130368e+15 1.016957674e+14 583 
0.0925 1.708585388e+15 9.408439759e+13 601 
0.0975 1.594516819e+15 8.745108352e+13 612 
0.1025 1.376170568e+15 7.033650721e+13 663 
0.1075 1.275817197e+15 6.347725597e+13 709 
0.1125 1.193692999e+15 6.030976561e+13 731 
0.1175 9.878358442e+14 5.051736661e+13 745 
0.1225 1.069236152e+15 5.434084465e+13 815 
0.1275 8.285406817e+14 4.087794197e+13 808 
0.1325 8.297268389e+14 4.064198961e+13 873 
0.1375 7.170986121e+14 3.553125978e+13 935 
0.1425 6.513544424e+14 3.23142019e+13 919 
0.1475 5.795223366e+14 2.870884585e+13 943 
0.1525 5.160536574e+14 2.537271052e+13 983 
0.1575 4.940262225e+14 2.403050839e+13 1047 
0.1625 4.192286125e+14 2.065460061e+13 1031 
0.1675 3.877560816e+14 1.888553589e+13 1041 
0.1725 3.506901807e+14 1.779619844e+13 1138 
0.1775 3.002117594e+14 1.549832233e+13 1119 
0.1825 2.675339433e+14 1.469400917e+13 1193 
0.1875 2.280331927e+14 1.167196132e+13 1172 
0.1925 2.213036415e+14 1.170668832e+13 1211 
0.1975 2.006862747e+14 1.025571935e+13 1286 
0.2025 1.761380253e+14 8.852607974e+12 1247 
0.2075 1.560444918e+14 7.991763084e+12 1326 
0.2125 1.391522869e+14 7.175238635e+12 1320 
0.2175 1.262978076e+14 6.378441093e+12 1443 
0.2225 1.040852577e+14 5.258232711e+12 1343 
0.2275 1.049467505e+14 5.32535097e+12 1426 
0.2325 9.50544141e+13 4.678845459e+12 1553 
0.2375 8.407531573e+13 4.508670771e+12 1527 
0.2425 7.581366495e+13 3.99105353e+12 1534 
0.2475 7.287904766e+13 3.556508046e+12 1701 
0.2525 6.091418366e+13 3.17409863e+12 1611 
0.2575 5.306941837e+13 2.697095141e+12 1644 
0.2625 5.080731941e+13 2.489250227e+12 1771 
0.2675 4.609619334e+13 2.356756626e+12 1701 
0.2725 4.538882078e+13 2.208553081e+12 1839 
0.2775 3.437408215e+13 1.667052941e+12 1763 
0.2825 3.420059098e+13 1.634137391e+12 1803 
0.2875 3.256955689e+13 1.551183357e+12 1876 
0.2925 2.876848467e+13 1.306615032e+12 1922 
0.2975 2.393632561e+13 1.055827545e+12 1876 
0.3025 2.269901056e+13 1.04124076e+12 1935 
0.3075 2.437455685e+13 1.099204053e+12 1971 
0.3125 2.09880199e+13 9.090358048e+11 2086 
0.3175 1.856869657e+13 8.367730777e+11 2008 
0.3225 1.690030693e+13 7.158996509e+11 2024 
0.3275 1.60581818e+13 6.289017419e+11 2126 
0.3325 1.52708331e+13 6.179966483e+11 2102 
0.3375 1.340200637e+13 5.272227612e+11 2104 
0.3425 1.258310504e+13 4.676026205e+11 2140 
0.3475 1.176074928e+13 4.399773632e+11 2181 
0.3525 1.143939431e+13 4.308852602e+11 2209 
0.3575 1.079899506e+13 3.938640589e+11 2242 
0.3625 1.068945626e+13 3.586160686e+11 2368 
0.3675 9.448318752e+12 3.287078973e+11 2318 
0.3725 9.23930297e+12 2.924334069e+11 2437 
0.3775 8.1093482e+12 2.615877642e+11 2297 
0.3825 8.28484999e+12 2.614062405e+11 2447 
0.3875 7.793017269e+12 2.441975316e+11 2449 
0.3925 7.565771497e+12 2.417595453e+11 2479 
0.3975 7.182097369e+12 2.229836418e+11 2535 
0.4025 7.156229242e+12 2.15534109e+11 2701 
0.4075 6.395336233e+12 1.976390665e+11 2575 
0.4125 6.152468466e+12 1.904374272e+11 2652 
0.4175 6.034648305e+12 1.889303489e+11 2687 
0.4225 5.552649117e+12 1.68869761e+11 2645 
0.4275 5.297663003e+12 1.652235075e+11 2685 
0.4325 5.441200442e+12 1.665060935e+11 2894 
0.4375 5.110517711e+12 1.625811874e+11 2818 
0.4425 4.942910079e+12 1.52511324e+11 2846 
0.4475 4.669318279e+12 1.4070027e+11 2858 
0.4525 4.620715647e+12 1.435227286e+11 2908 
0.4575 4.144194738e+12 1.294297148e+11 2836 
0.4625 4.58551486e+12 1.456148823e+11 2987 
0.4675 3.949561426e+12 1.213450714e+11 3013 
0.4725 4.101969041e+12 1.23502597e+11 3109 
0.4775 3.846887687e+12 1.189420866e+11 3103 
0.4825 3.523844554e+12 1.105298188e+11 3026 
0.4875 3.655004308e+12 1.143561734e+11 3120 
0.4925 3.517163836e+12 1.074649311e+11 3232 
0.4975 3.240076528e+12 1.006425685e+11 3152 
