# Format: McCode with text headers
# URL: http://www.mccode.org
# Creator:  3.8.5, git
# Instrument: eqsans_cylinder.instr
# Ncount: 5000000
# Trace: no
# Gravitation: no
# Seed: 1790193395004367
# Directory: /Users/georgeyumnam/WORK/PANRAID/PaNRAID-results/Group2/panraidproject/dataset_cylinder/cyl_000385
# Param: gx=0
# Param: gy=0
# Param: sample_on=1
# Param: bs_radius=0
# Param: samp_ap=0.01
# Param: sld=3.51591
# Param: sld_solvent=1
# Param: radius=41.4741
# Param: length=855.204
# Param: pd_radius=0.212318
# Param: pd_length=0.217189
# Param: model_scale=1
# Param: model_abs=0
# Date: Wed Sep 23 21:56:52 2026 (1790193412)
# type: array_1d(100)
# Source: EQ_SANS_cylinder (eqsans_cylinder.instr)
# component: qmon
# position: 0 0 22.281
# title: QMonitor - Radially averaged distribution
# Ncount: 5000000
# filename: rdet.dat
# statistics: X0=0.0720892; dX=0.0711483;
# signal: Min=1.39707e+12; Max=8.4363e+14; Mean=1.3773e+14;
# values: 1.3773e+16 4.01624e+14 163058
# xvar: r
# yvar: (I,I_err)
# xlabel: Radius [m]
# ylabel: I(r)
# xlimits: 0 0.5
# variables: r I I_err N
0.0025 7.970816614e+14 2.689012855e+14 17 
0.0075 6.77892956e+14 1.545683624e+14 37 
0.0125 7.940243308e+14 1.336693934e+14 78 
0.0175 6.912895597e+14 9.909175325e+13 110 
0.0225 8.436304513e+14 1.087917314e+14 163 
0.0275 6.681837991e+14 7.432976928e+13 187 
0.0325 7.519360646e+14 7.170974452e+13 234 
0.0375 5.95403444e+14 6.165666934e+13 245 
0.0425 5.326106239e+14 5.068566868e+13 270 
0.0475 5.601627241e+14 5.510070233e+13 298 
0.0525 4.920878439e+14 4.376154197e+13 343 
0.0575 5.069299903e+14 3.845065774e+13 394 
0.0625 4.589650485e+14 3.281603005e+13 409 
0.0675 3.893180854e+14 2.711441593e+13 457 
0.0725 3.845762621e+14 2.403769791e+13 521 
0.0775 3.142392438e+14 2.073734056e+13 492 
0.0825 2.55961951e+14 1.606559654e+13 509 
0.0875 2.604459186e+14 1.708535009e+13 546 
0.0925 2.504884151e+14 1.734048707e+13 579 
0.0975 2.27968999e+14 1.305096221e+13 622 
0.1025 2.113310178e+14 1.218988718e+13 662 
0.1075 2.033956902e+14 1.102401628e+13 727 
0.1125 1.781478318e+14 9.192012461e+12 750 
0.1175 1.791689887e+14 1.001519262e+13 785 
0.1225 1.491967936e+14 7.64585472e+12 792 
0.1275 1.462670203e+14 6.88896939e+12 838 
0.1325 1.490763737e+14 7.459349802e+12 865 
0.1375 1.364088999e+14 6.367842603e+12 909 
0.1425 1.27036984e+14 6.281442087e+12 911 
0.1475 1.203781406e+14 5.887791132e+12 936 
0.1525 1.126950546e+14 5.098535191e+12 989 
0.1575 1.031010505e+14 4.876877814e+12 1016 
0.1625 9.52098977e+13 4.082602893e+12 1075 
0.1675 9.190054618e+13 4.093021485e+12 1107 
0.1725 7.912263323e+13 3.547527038e+12 1088 
0.1775 7.869338062e+13 3.393729125e+12 1166 
0.1825 7.868998088e+13 3.429906574e+12 1203 
0.1875 7.17307484e+13 3.118446799e+12 1264 
0.1925 6.450244318e+13 2.70201696e+12 1244 
0.1975 6.452374285e+13 2.681666061e+12 1290 
0.2025 5.636900648e+13 2.28447557e+12 1340 
0.2075 5.338004969e+13 2.175648462e+12 1333 
0.2125 4.926727899e+13 2.002931672e+12 1391 
0.2175 4.890771349e+13 2.031171712e+12 1407 
0.2225 4.566280467e+13 1.785575707e+12 1494 
0.2275 3.929174651e+13 1.697431082e+12 1433 
0.2325 3.721476602e+13 1.556894296e+12 1487 
0.2375 3.524909413e+13 1.409812865e+12 1503 
0.2425 3.113080863e+13 1.243780193e+12 1509 
0.2475 3.371768012e+13 1.325131827e+12 1683 
0.2525 2.985308884e+13 1.177082328e+12 1634 
0.2575 2.789287281e+13 1.118465932e+12 1697 
0.2625 2.559701134e+13 1.008052241e+12 1735 
0.2675 2.390135358e+13 9.326478857e+11 1786 
0.2725 2.251330588e+13 9.206029479e+11 1787 
0.2775 2.095203929e+13 8.285248775e+11 1776 
0.2825 1.95709414e+13 7.865588797e+11 1809 
0.2875 1.907019838e+13 7.442787341e+11 1882 
0.2925 1.735903719e+13 6.84411131e+11 1884 
0.2975 1.873549066e+13 7.431459934e+11 2017 
0.3025 1.404823544e+13 5.637859137e+11 1937 
0.3075 1.383350641e+13 5.372749086e+11 2012 
0.3125 1.341024053e+13 5.298949184e+11 2029 
0.3175 1.241594351e+13 4.961468583e+11 2086 
0.3225 1.11028265e+13 4.599047725e+11 2048 
0.3275 1.055782517e+13 4.271112501e+11 2067 
0.3325 9.834255595e+12 4.039405374e+11 2098 
0.3375 1.023038182e+13 4.065420302e+11 2245 
0.3425 9.126309176e+12 3.521339151e+11 2271 
0.3475 8.057059916e+12 3.179208152e+11 2314 
0.3525 7.859561815e+12 3.19754127e+11 2301 
0.3575 7.532903434e+12 2.977363683e+11 2322 
0.3625 6.910577118e+12 2.746030937e+11 2383 
0.3675 6.507371411e+12 2.607428862e+11 2348 
0.3725 6.040665073e+12 2.503856262e+11 2360 
0.3775 5.780491054e+12 2.330956699e+11 2511 
0.3825 5.30797537e+12 2.105595792e+11 2478 
0.3875 5.225584076e+12 2.035533299e+11 2557 
0.3925 4.478060609e+12 1.7533808e+11 2591 
0.3975 4.61698367e+12 1.786694901e+11 2608 
0.4025 4.20492701e+12 1.70030102e+11 2603 
0.4075 3.88339334e+12 1.562835476e+11 2594 
0.4125 3.998545838e+12 1.565641209e+11 2784 
0.4175 3.771545711e+12 1.451212193e+11 2733 
0.4225 3.11634037e+12 1.25038648e+11 2739 
0.4275 2.991322533e+12 1.140744789e+11 2756 
0.4325 2.771686996e+12 1.103770511e+11 2845 
0.4375 2.718897429e+12 1.019544784e+11 2878 
0.4425 2.608466701e+12 9.859606607e+10 2931 
0.4475 2.462458288e+12 9.300900108e+10 2938 
0.4525 2.221054335e+12 8.100746111e+10 3009 
0.4575 2.266783179e+12 8.389312265e+10 2997 
0.4625 2.1515457e+12 7.965089769e+10 3028 
0.4675 1.826144485e+12 6.644291356e+10 2960 
0.4725 1.801323983e+12 6.608485045e+10 3081 
0.4775 1.699537127e+12 6.197283571e+10 3057 
0.4825 1.680778031e+12 6.079336961e+10 3160 
0.4875 1.58967788e+12 5.706766011e+10 3174 
0.4925 1.510325348e+12 5.356432823e+10 3247 
0.4975 1.397070952e+12 5.061055424e+10 3263 
