# Format: McCode with text headers
# URL: http://www.mccode.org
# Creator:  3.8.5, git
# Instrument: eqsans_sans.instr
# Ncount: 10000000
# Trace: no
# Gravitation: no
# Seed: 1790183227060361
# Directory: /Users/georgeyumnam/WORK/PANRAID/PaNRAID-results/Group2/panraidproject/scan_sans_sample/x+03_y+12
# Param: gx=0.003
# Param: gy=0.012
# Param: sample_on=1
# Param: R_sphere=100
# Param: Phi=0.01
# Param: bs_radius=0
# Param: samp_ap=0.01
# Date: Wed Sep 23 19:07:41 2026 (1790183261)
# type: array_1d(100)
# Source: EQ_SANS_sample (eqsans_sans.instr)
# component: qmon
# position: 0 0 22.281
# title: QMonitor - Distribution in q (Radially averaged)
# Ncount: 10000000
# filename: qdet.dat
# statistics: X0=0.0114622; dX=0.00952162;
# signal: Min=6644.95; Max=5.0729e+08; Mean=4.52294e+07;
# values: 4.52294e+09 5.15577e+08 5107
# xvar: q
# yvar: (I,I_err)
# xlabel: q [1 / AA]
# ylabel: I(q)
# xlimits: 0 0.151561
# variables: q I I_err N
0.0007578035702 288525259.2 288525259.2 1 
0.002273410711 368530721.9 220676563 3 
0.003789017851 507290171.3 188994298.3 8 
0.005304624991 343774397.1 169007818.2 6 
0.006820232132 388296126.1 138283485.5 10 
0.008335839272 360565880.7 108363187 14 
0.009851446413 451825584 145415550 15 
0.01136705355 121721371.4 45454244.68 9 
0.01288266069 249699669.6 71123543.82 17 
0.01439826783 252025380.3 74714359.13 19 
0.01591387497 128416971.3 44837485.91 11 
0.01742948211 129181823.8 41347506.75 15 
0.01894508925 141135222.6 35637745.8 21 
0.0204606964 119489690.5 32872080.21 21 
0.02197630354 143954853.8 35910822.79 27 
0.02349191068 107093613.1 25604666.21 27 
0.02500751782 65963845.57 17987256.09 27 
0.02652312496 69227308.8 18427596.13 27 
0.0280387321 55225542.41 13076446.98 31 
0.02955433924 62397119.64 15949267.64 33 
0.03106994638 38464802.91 10135133.64 30 
0.03258555352 21949290.15 5644242.281 35 
0.03410116066 20507630.49 5196686.52 39 
0.0356167678 14792290.93 4182749.004 36 
0.03713237494 12902316.26 3944930.852 35 
0.03864798208 16295647.84 8811454.013 43 
0.04016358922 4440118.624 2163128.15 34 
0.04167919636 2402464.277 931549.3412 36 
0.0431948035 4334777.422 1993772.759 56 
0.04471041064 2867294.984 737884.1974 68 
0.04622601778 1617620.429 414614.4981 45 
0.04774162492 769952.061 173863.3268 50 
0.04925723206 1980813.465 432825.2883 62 
0.0507728392 2169629.108 726943.2477 63 
0.05228844634 1435066.901 259923.1273 56 
0.05380405348 1209402.702 215862.7024 50 
0.05531966062 1313712.594 233853.3177 49 
0.05683526776 1610710.147 235434.6298 61 
0.05835087491 2351731.527 331832.354 69 
0.05986648205 1859021.71 271350.5206 70 
0.06138208919 1595718.283 234194.1651 70 
0.06289769633 1441432.317 222616.105 64 
0.06441330347 1229657.121 213989.1618 62 
0.06592891061 1126031.543 185359.9606 67 
0.06744451775 869964.8584 144993.3893 61 
0.06896012489 712602.0139 139294.6226 72 
0.07047573203 487233.3529 109867.4916 62 
0.07199133917 269084.8514 66111.83356 60 
0.07350694631 347818.2126 75201.46851 76 
0.07502255345 342319.0208 63448.01025 89 
0.07653816059 334379.7698 93494.63472 70 
0.07805376773 142155.079 46008.54261 76 
0.07956937487 155072.9864 26445.60307 77 
0.08108498201 141208.7384 24742.15371 70 
0.08260058915 197868.158 31851.92013 75 
0.08411619629 229225.3897 34180.92069 75 
0.08563180343 242036.8599 35462.55221 72 
0.08714741057 242532.4937 33630.99728 76 
0.08866301771 262696.6471 34003.02353 82 
0.09017862485 271335.6016 34980.07674 77 
0.09169423199 288905.5112 36484.85811 83 
0.09320983913 251817.8659 34574.74267 74 
0.09472544627 270664.4339 35209.83429 83 
0.09624105341 256178.0729 32609.7452 85 
0.09775666056 167877.6298 24642.11967 70 
0.0992722677 160402.5472 25103.9459 70 
0.1007878748 141627.1444 26083.50562 62 
0.102303482 82160.41156 15498.17278 60 
0.1038190891 94738.30735 15142.69157 76 
0.1053346963 63260.43857 13127.66294 81 
0.1068503034 43252.30068 8986.196089 64 
0.1083659105 49735.06367 10385.05855 76 
0.1098815177 27619.97503 5696.900175 72 
0.1113971248 39139.50181 8151.214077 72 
0.112912732 25127.64616 4857.623789 58 
0.1144283391 34624.83312 6101.312349 66 
0.1159439462 42972.92924 6578.834907 65 
0.1174595534 58318.19098 8253.297215 78 
0.1189751605 39185.31749 6444.798895 52 
0.1204907677 41849.22736 6930.830785 48 
0.1220063748 53826.14963 8525.650575 54 
0.1235219819 59430.70501 8542.000877 67 
0.1250375891 59838.28663 8394.132463 70 
0.1265531962 39910.24931 6902.163195 50 
0.1280688034 50681.29548 7232.078021 65 
0.1295844105 39190.15738 6231.026849 55 
0.1311000176 40449.52125 6623.755802 55 
0.1326156248 25459.39874 4831.135795 48 
0.1341312319 19099.47664 3652.313701 53 
0.1356468391 16374.39325 3739.096784 39 
0.1371624462 14213.89847 2890.911239 42 
0.1386780533 13758.41421 2668.246787 57 
0.1401936605 11196.55581 2581.970706 35 
0.1417092676 9855.107462 2231.770469 45 
0.1432248748 6644.9465 1533.973828 34 
0.1447404819 7938.826374 1642.619673 48 
0.146256089 7500.809589 1688.066431 31 
0.1477716962 8173.161866 1824.158345 32 
0.1492873033 8905.114407 1777.819314 38 
0.1508029105 9244.626808 1991.362681 32 
