# Format: McCode with text headers
# URL: http://www.mccode.org
# Creator:  3.8.5, git
# Instrument: eqsans_sans.instr
# Ncount: 10000000
# Trace: no
# Gravitation: no
# Seed: 1790179990358970
# Directory: /Users/georgeyumnam/WORK/PANRAID/PaNRAID-results/Group2/panraidproject/scan_sans_sample/x-19_y-14
# Param: gx=-0.019
# Param: gy=-0.014
# Param: sample_on=1
# Param: R_sphere=100
# Param: Phi=0.01
# Param: bs_radius=0
# Param: samp_ap=0.01
# Date: Wed Sep 23 18:13:43 2026 (1790180023)
# type: array_1d(100)
# Source: EQ_SANS_sample (eqsans_sans.instr)
# component: qmon
# position: 0 0 22.281
# title: QMonitor - Distribution in q (Radially averaged)
# Ncount: 10000000
# filename: qdet.dat
# statistics: X0=0.0130687; dX=0.00935667;
# signal: Min=0; Max=2.40957e+08; Mean=1.42481e+07;
# values: 1.42481e+09 2.13202e+08 1952
# xvar: q
# yvar: (I,I_err)
# xlabel: q [1 / AA]
# ylabel: I(q)
# xlimits: 0 0.151561
# variables: q I I_err N
0.0007578035702 0 0 0 
0.002273410711 0 0 0 
0.003789017851 120738561 85604676.36 2 
0.005304624991 240956981 131779217.7 5 
0.006820232132 113302611.2 60529671.33 4 
0.008335839272 102411556.7 77084574.64 3 
0.009851446413 90896316.25 52503703.2 3 
0.01136705355 157214031.3 66253757.55 7 
0.01288266069 95671400.83 39164536.09 9 
0.01439826783 109499818.4 47908093 7 
0.01591387497 31216082.43 18791178.24 4 
0.01742948211 74624094.43 31071964.31 9 
0.01894508925 25955244.28 11641397.76 7 
0.0204606964 47618251.57 18832618 10 
0.02197630354 11511582.01 6551335.093 4 
0.02349191068 39040885.87 14362763.58 12 
0.02500751782 35032830.59 14670269.93 10 
0.02652312496 16248546.99 6233255.855 8 
0.0280387321 15122417.06 8270571.73 7 
0.02955433924 23697454.94 9701992.487 11 
0.03106994638 14329575.34 6830430.421 9 
0.03258555352 16766034.07 8533471.118 11 
0.03410116066 8788990.652 2957166.318 19 
0.0356167678 7978719.702 3927531.36 15 
0.03713237494 6370451.472 4280991.535 14 
0.03864798208 1534677.925 790512.121 9 
0.04016358922 3360837.751 1712108.033 13 
0.04167919636 842317.4182 459441.6295 17 
0.0431948035 2072317.641 1234971.092 17 
0.04471041064 347220.5533 217343.1184 10 
0.04622601778 464157.1007 201426.1361 12 
0.04774162492 194641.283 73663.7542 13 
0.04925723206 663373.1433 196426.2526 28 
0.0507728392 599133.3204 152268.9023 23 
0.05228844634 714471.1975 176510.9634 27 
0.05380405348 543235.3744 127903.283 26 
0.05531966062 693528.618 174473.2199 22 
0.05683526776 610873.4652 156280.129 22 
0.05835087491 679295.8136 182930.8404 19 
0.05986648205 741549.357 164168.4715 26 
0.06138208919 927527.4608 207410.0591 31 
0.06289769633 661152.603 156025.1104 28 
0.06441330347 593811.045 129239.4188 31 
0.06592891061 286825.3651 86244.08751 24 
0.06744451775 345223.0888 87963.64557 24 
0.06896012489 282401.5034 88769.36977 22 
0.07047573203 157375.6075 41919.32858 37 
0.07199133917 150318.0275 76886.2543 19 
0.07350694631 170910.3885 74739.19843 21 
0.07502255345 111093.4549 29580.17172 35 
0.07653816059 137157.6938 52358.52777 38 
0.07805376773 71997.80997 21646.163 33 
0.07956937487 66128.20717 16523.57882 33 
0.08108498201 37533.2684 9935.260668 31 
0.08260058915 97765.08825 23812.30623 38 
0.08411619629 83145.94297 18799.81112 32 
0.08563180343 55605.88203 17208.98892 17 
0.08714741057 146356.7073 30731.7387 34 
0.08866301771 106804.5213 22917.77223 31 
0.09017862485 137820.936 26535.14404 37 
0.09169423199 159927.9554 29048.02344 39 
0.09320983913 107163.8496 23588.74413 27 
0.09472544627 85706.35585 19418.02646 25 
0.09624105341 88338.2042 17512.88274 34 
0.09775666056 78235.69037 19906.62384 25 
0.0992722677 55262.11216 14165.25619 25 
0.1007878748 52596.41294 14172.25423 32 
0.102303482 64091.88929 15757.16767 31 
0.1038190891 62162.95082 15573.68191 35 
0.1053346963 30401.07633 7595.725492 37 
0.1068503034 12586.02046 4036.698603 28 
0.1083659105 16175.57959 4849.790396 24 
0.1098815177 20536.33182 6269.783011 26 
0.1113971248 23497.00681 6059.379498 35 
0.112912732 12565.8302 3956.321555 22 
0.1144283391 22829.30079 5386.199761 33 
0.1159439462 19492.88465 4844.525789 23 
0.1174595534 21574.2055 5333.914739 28 
0.1189751605 25288.76543 5781.388971 26 
0.1204907677 13191.53444 3809.670454 18 
0.1220063748 12725.44841 3566.441793 19 
0.1235219819 22949.83697 5606.699937 22 
0.1250375891 23395.25117 5476.199336 23 
0.1265531962 22644.30915 5076.037126 26 
0.1280688034 7314.824292 2429.451009 15 
0.1295844105 8398.39706 2771.488796 17 
0.1311000176 10300.18666 3646.744108 15 
0.1326156248 4293.017482 1862.308084 12 
0.1341312319 4017.069112 1466.217359 16 
0.1356468391 10108.12828 3181.671624 19 
0.1371624462 3502.652018 1700.861319 12 
0.1386780533 2655.472177 1291.311103 13 
0.1401936605 2172.740704 1138.481096 14 
0.1417092676 2147.088837 806.5905444 16 
0.1432248748 1466.699755 624.3938842 10 
0.1447404819 3955.609883 1290.224327 15 
0.146256089 3160.934996 1121.569329 11 
0.1477716962 3592.95983 1104.964224 17 
0.1492873033 2811.947449 1079.23234 8 
0.1508029105 3050.390545 1127.565111 9 
