# Format: McCode with text headers
# URL: http://www.mccode.org
# Creator:  3.8.5, git
# Instrument: eqsans_cylinder.instr
# Ncount: 5000000
# Trace: no
# Gravitation: no
# Seed: 1790195945224474
# Directory: /Users/georgeyumnam/WORK/PANRAID/PaNRAID-results/Group2/panraidproject/dataset_cylinder/cyl_001804
# Param: gx=0
# Param: gy=0
# Param: sample_on=1
# Param: bs_radius=0
# Param: samp_ap=0.01
# Param: sld=4.19954
# Param: sld_solvent=1
# Param: radius=169.815
# Param: length=491.737
# Param: pd_radius=0.214044
# Param: pd_length=0.144444
# Param: model_scale=1
# Param: model_abs=0
# Date: Wed Sep 23 22:39:23 2026 (1790195963)
# type: array_1d(100)
# Source: EQ_SANS_cylinder (eqsans_cylinder.instr)
# component: qmon
# position: 0 0 22.281
# title: QMonitor - Distribution in q (Radially averaged)
# Ncount: 5000000
# filename: qdet.dat
# statistics: X0=0.00693525; dX=0.00569607;
# signal: Min=9.71748e+11; Max=4.92586e+17; Mean=3.37191e+16;
# values: 3.37191e+18 1.44569e+17 256953
# xvar: q
# yvar: (I,I_err)
# xlabel: q [1 / AA]
# ylabel: I(q)
# xlimits: 0 0.151561
# variables: q I I_err N
0.0007578035702 4.925864437e+17 1.005237609e+17 45 
0.002273410711 4.228070878e+17 6.332189663e+16 111 
0.003789017851 3.986150218e+17 4.461378384e+16 212 
0.005304624991 4.441876331e+17 4.461882875e+16 291 
0.006820232132 3.919123163e+17 3.624515779e+16 376 
0.008335839272 2.723197049e+17 2.20396924e+16 457 
0.009851446413 2.609190167e+17 2.401850741e+16 551 
0.01136705355 1.758775874e+17 1.351502572e+16 622 
0.01288266069 1.459731535e+17 1.227074493e+16 722 
0.01439826783 1.076506609e+17 1.028736106e+16 764 
0.01591387497 7.761132026e+16 7.456216207e+15 870 
0.01742948211 5.542946826e+16 5.94187067e+15 932 
0.01894508925 2.87530995e+16 2.515681178e+15 1020 
0.0204606964 3.121324963e+16 4.296387743e+15 1152 
0.02197630354 2.176446696e+16 3.533069085e+15 1165 
0.02349191068 9.782489359e+15 7.96297927e+14 1356 
0.02500751782 8.251068587e+15 8.970493267e+14 1344 
0.02652312496 4.927126526e+15 4.577730822e+14 1384 
0.0280387321 3.562536461e+15 3.048359829e+14 1504 
0.02955433924 2.905555036e+15 1.487562195e+14 1642 
0.03106994638 2.365698204e+15 1.356082252e+14 1755 
0.03258555352 1.760373419e+15 9.328326328e+13 1745 
0.03410116066 1.565024025e+15 6.648905624e+13 1874 
0.0356167678 1.225495419e+15 5.84485127e+13 1830 
0.03713237494 1.084947118e+15 3.727792471e+13 2167 
0.03864798208 8.317992612e+14 3.043672473e+13 2104 
0.04016358922 7.324148103e+14 2.454293076e+13 2236 
0.04167919636 5.985100062e+14 1.994654747e+13 2276 
0.0431948035 5.351068444e+14 1.589972955e+13 2487 
0.04471041064 4.580254243e+14 1.376529802e+13 2479 
0.04622601778 3.879895215e+14 1.17842532e+13 2587 
0.04774162492 3.389061978e+14 9.539531576e+12 2698 
0.04925723206 2.902267712e+14 8.672650894e+12 2684 
0.0507728392 2.580375794e+14 7.138432e+12 2761 
0.05228844634 2.332281421e+14 6.320215931e+12 2896 
0.05380405348 1.992779082e+14 5.312852159e+12 2957 
0.05531966062 1.858697852e+14 5.050517545e+12 3023 
0.05683526776 1.659712355e+14 4.179979236e+12 3161 
0.05835087491 1.483014913e+14 3.682040128e+12 3228 
0.05986648205 1.352628375e+14 3.336926311e+12 3284 
0.06138208919 1.161485405e+14 2.975972268e+12 3294 
0.06289769633 1.059303836e+14 2.63147034e+12 3317 
0.06441330347 9.672144294e+13 2.360459413e+12 3419 
0.06592891061 8.858355505e+13 2.071312973e+12 3586 
0.06744451775 7.826391366e+13 1.821460933e+12 3565 
0.06896012489 7.052722679e+13 1.621397434e+12 3562 
0.07047573203 6.393063844e+13 1.482901135e+12 3600 
0.07199133917 5.832578881e+13 1.337118965e+12 3611 
0.07350694631 5.265429825e+13 1.186430614e+12 3730 
0.07502255345 4.975662952e+13 1.100008793e+12 3778 
0.07653816059 4.497477102e+13 9.96583508e+11 3770 
0.07805376773 4.150398586e+13 9.071800788e+11 3851 
0.07956937487 3.824546668e+13 8.421796494e+11 3904 
0.08108498201 3.544044124e+13 7.684280519e+11 3903 
0.08260058915 3.238530364e+13 6.925208256e+11 3909 
0.08411619629 2.895095195e+13 6.23278363e+11 3892 
0.08563180343 2.743503137e+13 5.93276044e+11 3893 
0.08714741057 2.573190669e+13 5.556393797e+11 4017 
0.08866301771 2.409235348e+13 5.131170694e+11 3984 
0.09017862485 2.119804321e+13 4.580396309e+11 3886 
0.09169423199 1.895146289e+13 4.112072176e+11 3800 
0.09320983913 1.844958269e+13 3.957590517e+11 3867 
0.09472544627 1.677835831e+13 3.617797882e+11 3793 
0.09624105341 1.562466512e+13 3.314584758e+11 3811 
0.09775666056 1.420090737e+13 3.033273937e+11 3769 
0.0992722677 1.350672956e+13 2.911764673e+11 3758 
0.1007878748 1.280888305e+13 2.723070888e+11 3735 
0.102303482 1.159868684e+13 2.521438983e+11 3668 
0.1038190891 1.081024148e+13 2.358504284e+11 3591 
0.1053346963 9.796174657e+12 2.108687912e+11 3555 
0.1068503034 9.391198789e+12 2.032641413e+11 3562 
0.1083659105 8.197348647e+12 1.790161339e+11 3390 
0.1098815177 7.849266806e+12 1.737596084e+11 3362 
0.1113971248 7.460645697e+12 1.647667424e+11 3443 
0.112912732 6.728683616e+12 1.496399824e+11 3295 
0.1144283391 6.197363125e+12 1.410602785e+11 3192 
0.1159439462 6.018964056e+12 1.348402282e+11 3266 
0.1174595534 5.517182003e+12 1.249316007e+11 3178 
0.1189751605 5.018436214e+12 1.159276427e+11 3057 
0.1204907677 4.625255225e+12 1.089919422e+11 2948 
0.1220063748 4.498544227e+12 1.040359955e+11 2962 
0.1235219819 4.201232022e+12 9.869669148e+10 2901 
0.1250375891 3.627002057e+12 8.822995796e+10 2733 
0.1265531962 3.430824906e+12 8.254149095e+10 2759 
0.1280688034 3.162295085e+12 7.706133904e+10 2606 
0.1295844105 2.815523917e+12 7.03389658e+10 2531 
0.1311000176 2.703460429e+12 6.78407869e+10 2475 
0.1326156248 2.510574562e+12 6.381651026e+10 2442 
0.1341312319 2.367955173e+12 6.05078233e+10 2392 
0.1356468391 2.079925909e+12 5.479191187e+10 2272 
0.1371624462 1.943285068e+12 5.138037668e+10 2232 
0.1386780533 1.834964453e+12 4.874481584e+10 2199 
0.1401936605 1.698070048e+12 4.634601951e+10 2111 
0.1417092676 1.571243926e+12 4.289734618e+10 2049 
0.1432248748 1.476668021e+12 4.024766162e+10 2055 
0.1447404819 1.352670305e+12 3.845683935e+10 1891 
0.146256089 1.246087049e+12 3.542955257e+10 1845 
0.1477716962 1.111535934e+12 3.215342843e+10 1822 
0.1492873033 1.056584641e+12 3.128154339e+10 1732 
0.1508029105 9.717478026e+11 2.91972302e+10 1681 
