# Format: McCode with text headers
# URL: http://www.mccode.org
# Creator:  3.8.5, git
# Instrument: eqsans_cylinder.instr
# Ncount: 5000000
# Trace: no
# Gravitation: no
# Seed: 1790195945224474
# Directory: /Users/georgeyumnam/WORK/PANRAID/PaNRAID-results/Group2/panraidproject/dataset_cylinder/cyl_001804
# Param: gx=0
# Param: gy=0
# Param: sample_on=1
# Param: bs_radius=0
# Param: samp_ap=0.01
# Param: sld=4.19954
# Param: sld_solvent=1
# Param: radius=169.815
# Param: length=491.737
# Param: pd_radius=0.214044
# Param: pd_length=0.144444
# Param: model_scale=1
# Param: model_abs=0
# Date: Wed Sep 23 22:39:23 2026 (1790195963)
# type: array_1d(100)
# Source: EQ_SANS_cylinder (eqsans_cylinder.instr)
# component: qmon
# position: 0 0 22.281
# title: QMonitor - Radially averaged distribution
# Ncount: 5000000
# filename: rdet.dat
# statistics: X0=0.0381391; dX=0.0301997;
# signal: Min=6.5678e+12; Max=1.21396e+17; Mean=1.3016e+16;
# values: 1.3016e+18 5.00707e+16 160928
# xvar: r
# yvar: (I,I_err)
# xlabel: Radius [m]
# ylabel: I(r)
# xlimits: 0 0.5
# variables: r I I_err N
0.0025 6.739721184e+16 2.365757226e+16 11 
0.0075 1.005407284e+17 1.970481607e+16 43 
0.0125 1.199684353e+17 2.188979331e+16 81 
0.0175 1.059564418e+17 1.502025062e+16 124 
0.0225 1.047362162e+17 1.466570959e+16 133 
0.0275 1.213956857e+17 1.408362607e+16 181 
0.0325 1.0510628e+17 1.151432526e+16 236 
0.0375 9.483706132e+16 1.031763746e+16 250 
0.0425 6.829591328e+16 8.23987538e+15 247 
0.0475 6.442561067e+16 5.927078749e+15 325 
0.0525 4.342115938e+16 5.174916386e+15 308 
0.0575 6.261661327e+16 5.962176449e+15 408 
0.0625 4.021598378e+16 4.229708639e+15 372 
0.0675 4.133909974e+16 3.855805628e+15 452 
0.0725 2.999743692e+16 2.813717184e+15 443 
0.0775 2.61451275e+16 2.439057113e+15 533 
0.0825 2.104729247e+16 2.375669332e+15 552 
0.0875 1.598267433e+16 1.680010228e+15 546 
0.0925 1.256481124e+16 1.333324618e+15 585 
0.0975 1.162282032e+16 1.305528186e+15 629 
0.1025 7.140945451e+15 8.391597548e+14 633 
0.1075 7.323280312e+15 1.041447836e+15 698 
0.1125 4.451336992e+15 3.874551778e+14 697 
0.1175 4.592717155e+15 5.124369088e+14 761 
0.1225 3.269831776e+15 3.386097044e+14 743 
0.1275 2.053163639e+15 1.842268208e+14 822 
0.1325 2.022974928e+15 1.701453651e+14 865 
0.1375 1.769328331e+15 1.592137285e+14 880 
0.1425 1.630870451e+15 1.309272128e+14 943 
0.1475 1.067570305e+15 7.239592134e+13 920 
0.1525 8.992473327e+14 6.795156216e+13 964 
0.1575 8.046456525e+14 6.249664627e+13 1039 
0.1625 7.068974868e+14 4.8604812e+13 1045 
0.1675 5.502551497e+14 3.678719537e+13 995 
0.1725 5.206191172e+14 3.13121457e+13 1110 
0.1775 4.681799193e+14 2.71358856e+13 1150 
0.1825 3.857115533e+14 2.146245365e+13 1129 
0.1875 3.535409807e+14 1.937828492e+13 1221 
0.1925 3.379833861e+14 1.909798714e+13 1273 
0.1975 2.737685391e+14 1.643750741e+13 1282 
0.2025 2.612336473e+14 1.428172492e+13 1341 
0.2075 2.509219046e+14 1.406559573e+13 1342 
0.2125 2.306992252e+14 1.175867486e+13 1394 
0.2175 2.019969409e+14 9.926162837e+12 1456 
0.2225 1.831446203e+14 8.927099253e+12 1504 
0.2275 1.440563835e+14 7.108087234e+12 1425 
0.2325 1.484013028e+14 7.320522404e+12 1527 
0.2375 1.411442032e+14 6.899151195e+12 1536 
0.2425 1.237895939e+14 5.534936446e+12 1592 
0.2475 1.0905033e+14 5.015909861e+12 1562 
0.2525 1.043371527e+14 4.583458992e+12 1602 
0.2575 1.080940712e+14 5.015052335e+12 1634 
0.2625 9.240626959e+13 4.057248181e+12 1751 
0.2675 8.352570064e+13 3.802712712e+12 1690 
0.2725 7.347074815e+13 3.403933724e+12 1724 
0.2775 6.846492362e+13 2.910471512e+12 1762 
0.2825 6.815160903e+13 2.866241682e+12 1871 
0.2875 6.504053946e+13 2.90849077e+12 1821 
0.2925 5.839322191e+13 2.455494886e+12 1887 
0.2975 5.392143054e+13 2.251152977e+12 1945 
0.3025 5.224212544e+13 2.073921216e+12 1969 
0.3075 4.704488259e+13 2.067204505e+12 1978 
0.3125 4.522050535e+13 1.849324934e+12 2032 
0.3175 4.081948109e+13 1.704471282e+12 2011 
0.3225 3.812452456e+13 1.561818897e+12 2062 
0.3275 3.446672747e+13 1.330823548e+12 2093 
0.3325 3.350931698e+13 1.345637592e+12 2118 
0.3375 3.226340153e+13 1.238963734e+12 2157 
0.3425 2.932619228e+13 1.139237612e+12 2197 
0.3475 2.855078414e+13 1.047047656e+12 2243 
0.3525 2.464464041e+13 9.081898031e+11 2207 
0.3575 2.40700097e+13 9.801475949e+11 2270 
0.3625 2.42604212e+13 8.666026073e+11 2400 
0.3675 2.006164746e+13 7.431889892e+11 2308 
0.3725 2.017022457e+13 7.169668408e+11 2394 
0.3775 2.081298818e+13 7.713584268e+11 2455 
0.3825 1.84672178e+13 6.665663117e+11 2462 
0.3875 1.810635799e+13 6.654091185e+11 2400 
0.3925 1.678328405e+13 5.866807848e+11 2517 
0.3975 1.678045041e+13 5.757599599e+11 2586 
0.4025 1.485111994e+13 5.306092007e+11 2533 
0.4075 1.44744579e+13 5.067098926e+11 2624 
0.4125 1.364132411e+13 4.589913801e+11 2679 
0.4175 1.303764576e+13 4.661293222e+11 2683 
0.4225 1.250255449e+13 4.276918345e+11 2766 
0.4275 1.289791517e+13 4.504211949e+11 2760 
0.4325 1.171322689e+13 4.075424106e+11 2808 
0.4375 1.108356971e+13 3.735194662e+11 2802 
0.4425 1.099079715e+13 3.742699294e+11 2916 
0.4475 9.641577581e+12 3.252021532e+11 2866 
0.4525 1.00511588e+13 3.253545922e+11 3041 
0.4575 9.339646375e+12 3.007283536e+11 2984 
0.4625 8.469797283e+12 2.804214492e+11 2894 
0.4675 8.489644252e+12 2.698200616e+11 3026 
0.4725 8.671286202e+12 2.776465485e+11 3062 
0.4775 7.208821824e+12 2.267901563e+11 3053 
0.4825 7.337918097e+12 2.309323874e+11 3078 
0.4875 6.81622074e+12 2.228241982e+11 3109 
0.4925 6.845661619e+12 2.142716857e+11 3241 
0.4975 6.56779582e+12 2.096261586e+11 3149 
