# Format: McCode with text headers
# URL: http://www.mccode.org
# Creator:  3.8.5, git
# Instrument: eqsans_1_fixed.instr
# Ncount: 1000000
# Trace: no
# Gravitation: no
# Seed: 1790169543648575
# Directory: /Users/georgeyumnam/WORK/PANRAID/PaNRAID-results/Group2/panraidproject/scan_guide_xy/x-16_y+06
# Param: gx=-0.016
# Param: gy=0.006
# Date: Wed Sep 23 15:19:07 2026 (1790169547)
# type: array_1d(120)
# Source: EQ_SANS (eqsans_1_fixed.instr)
# component: lambda_det
# position: 0 0 22.28
# title: Wavelength monitor
# Ncount: 1000000
# filename: lambda_det.dat
# statistics: X0=4.00309; dX=0.977425;
# signal: Min=0; Max=2.66613e+06; Mean=400277;
# values: 4.80332e+07 552449 13793
# xvar: L
# yvar: (I,I_err)
# xlabel: Wavelength [AA]
# ylabel: Intensity
# xlimits: 0 12
# variables: L I I_err N
0.05 0 0 0 
0.15 0 0 0 
0.25 0 0 0 
0.35 0 0 0 
0.45 0 0 0 
0.55 0 0 0 
0.65 0 0 0 
0.75 0 0 0 
0.85 0 0 0 
0.95 0 0 0 
1.05 0 0 0 
1.15 0 0 0 
1.25 0 0 0 
1.35 0 0 0 
1.45 0 0 0 
1.55 0 0 0 
1.65 0 0 0 
1.75 0 0 0 
1.85 0 0 0 
1.95 0 0 0 
2.05 6775.085569 6775.085569 1 
2.15 2.588724686e-15 2.588724686e-15 1 
2.25 2.58892432e-31 2.58892432e-31 1 
2.35 59549.68944 19753.48134 16 
2.45 69495.3891 21364.87793 18 
2.55 237671.5151 40121.91265 59 
2.65 415215.5055 51439.88935 126 
2.75 1215260.41 86892.68674 350 
2.85 2566492.882 129739.6445 679 
2.95 2616681.461 129846.0914 781 
3.05 2666126.936 131926.2587 766 
3.15 2349783.205 122658.2853 696 
3.25 2438322.266 126212.2266 667 
3.35 2191247.116 117960.5237 636 
3.45 1935131.409 110935.9207 569 
3.55 1993083.06 112042.6631 561 
3.65 1704616.883 103490.0155 489 
3.75 1694674.167 103975.1257 492 
3.85 1691928.649 103134.1771 488 
3.95 1535675.018 99192.94666 443 
4.05 1527968.796 98347.41285 441 
4.15 1467255.259 97370.60215 404 
4.25 1438036.945 95040.27238 395 
4.35 1346522.82 91629.57987 367 
4.45 1187582.059 87602.64112 345 
4.55 1135121.313 84794.96809 325 
4.65 1169016.319 86292.2157 323 
4.75 956342.2138 77173.48864 279 
4.85 959549.9014 77649.92518 288 
4.95 947868.6619 77872.67605 259 
5.05 738090.7134 66335.37944 251 
5.15 728849.6381 67605.54088 227 
5.25 721363.8324 67835.18838 205 
5.35 725506.1839 67826.77549 214 
5.45 636323.2143 61475.84044 205 
5.55 616299.4028 61930.181 171 
5.65 583172.734 60687.31843 179 
5.75 534598.4158 56866.07267 153 
5.85 644048.7313 63921.02553 182 
5.95 475068.1617 54183.48429 146 
6.05 451464.9573 50705.91871 139 
6.15 522214.2013 59619.57534 140 
6.25 361778.9695 48426.01513 93 
6.35 413350.7722 50216.60493 120 
6.45 275645.1342 43873.38403 72 
6.55 82306.79659 22120.77773 30 
6.65 127.8090814 127.8090814 1 
6.75 0 0 0 
6.85 0 0 0 
6.95 0 0 0 
7.05 0 0 0 
7.15 0 0 0 
7.25 0 0 0 
7.35 0 0 0 
7.45 0 0 0 
7.55 0 0 0 
7.65 0 0 0 
7.75 0 0 0 
7.85 0 0 0 
7.95 0 0 0 
8.05 0 0 0 
8.15 0 0 0 
8.25 0 0 0 
8.35 0 0 0 
8.45 0 0 0 
8.55 0 0 0 
8.65 0 0 0 
8.75 0 0 0 
8.85 0 0 0 
8.95 0 0 0 
9.05 0 0 0 
9.15 0 0 0 
9.25 0 0 0 
9.35 0 0 0 
9.45 0 0 0 
9.55 0 0 0 
9.65 0 0 0 
9.75 0 0 0 
9.85 0 0 0 
9.95 0 0 0 
10.05 0 0 0 
10.15 0 0 0 
10.25 0 0 0 
10.35 0 0 0 
10.45 0 0 0 
10.55 0 0 0 
10.65 0 0 0 
10.75 0 0 0 
10.85 0 0 0 
10.95 0 0 0 
11.05 0 0 0 
11.15 0 0 0 
11.25 0 0 0 
11.35 0 0 0 
11.45 0 0 0 
11.55 0 0 0 
11.65 0 0 0 
11.75 0 0 0 
11.85 0 0 0 
11.95 0 0 0 
