# Format: McCode with text headers
# URL: http://www.mccode.org
# Creator:  3.8.5, git
# Instrument: eqsans_sans.instr
# Ncount: 10000000
# Trace: no
# Gravitation: no
# Seed: 1790180748950081
# Directory: /Users/georgeyumnam/WORK/PANRAID/PaNRAID-results/Group2/panraidproject/scan_sans_sample/x-14_y+01
# Param: gx=-0.014
# Param: gy=0.001
# Param: sample_on=1
# Param: R_sphere=100
# Param: Phi=0.01
# Param: bs_radius=0
# Param: samp_ap=0.01
# Date: Wed Sep 23 18:26:23 2026 (1790180783)
# type: array_1d(100)
# Source: EQ_SANS_sample (eqsans_sans.instr)
# component: qmon
# position: 0 0 22.281
# title: QMonitor - Distribution in q (Radially averaged)
# Ncount: 10000000
# filename: qdet.dat
# statistics: X0=0.0125196; dX=0.0101743;
# signal: Min=4942.69; Max=3.78825e+08; Mean=3.30738e+07;
# values: 3.30738e+09 4.41204e+08 5009
# xvar: q
# yvar: (I,I_err)
# xlabel: q [1 / AA]
# ylabel: I(q)
# xlimits: 0 0.151561
# variables: q I I_err N
0.0007578035702 236449119.2 236449119.2 1 
0.002273410711 378825487.9 287130298 2 
0.003789017851 299577369.1 145422299.5 5 
0.005304624991 147291837.1 65894052.41 6 
0.006820232132 95769877.16 43799182.86 5 
0.008335839272 147764024.7 59550587.99 7 
0.009851446413 245771046.1 94343662.52 10 
0.01136705355 292741021.3 82105420.08 17 
0.01288266069 186356178.6 60646545.62 14 
0.01439826783 147542859.8 54006556.46 11 
0.01591387497 242426409.6 61616883.04 20 
0.01742948211 155168704 44305484.78 17 
0.01894508925 79496988.67 27893435.65 12 
0.0204606964 98163130.88 30059030.96 17 
0.02197630354 67825445.02 21208304.8 18 
0.02349191068 129327504.4 31420115.68 29 
0.02500751782 63020832.37 15531337.35 25 
0.02652312496 60733080.4 17913930.16 25 
0.0280387321 47406535.42 12824408.81 31 
0.02955433924 38879179.77 14149371.73 26 
0.03106994638 27913672.15 7365596.487 31 
0.03258555352 17453711.74 4380044.942 29 
0.03410116066 19220304.72 7226332.812 30 
0.0356167678 10057259.38 3027361.567 36 
0.03713237494 15363312.04 4495994.098 37 
0.03864798208 13367306.2 3787149.424 43 
0.04016358922 4347669.306 1307079.568 40 
0.04167919636 4472442.124 1575862.921 46 
0.0431948035 2938579.857 1273337.915 41 
0.04471041064 1929866.807 518513.328 50 
0.04622601778 1884104.793 743027.8215 55 
0.04774162492 1078535.193 432096.33 44 
0.04925723206 1409668.974 261729.881 58 
0.0507728392 1598001.515 259670.5256 65 
0.05228844634 1315666.58 263919.9322 46 
0.05380405348 1668137.238 264074.1371 60 
0.05531966062 1647421.713 269605.6137 54 
0.05683526776 1638595.735 254047.7672 60 
0.05835087491 2062899.219 293230.9062 70 
0.05986648205 1718160.265 253283.0214 62 
0.06138208919 1560006.569 228356.1842 69 
0.06289769633 1347661.559 207214.7286 66 
0.06441330347 1351680.19 215874.0069 60 
0.06592891061 1166662.641 189635.5859 69 
0.06744451775 893320.1245 160057.8788 59 
0.06896012489 769995.5436 135701.6416 67 
0.07047573203 630319.709 109358.4644 76 
0.07199133917 469476.9459 97765.653 67 
0.07350694631 296734.5331 58835.12783 76 
0.07502255345 375364.4848 82960.64481 90 
0.07653816059 149531.1794 35969.90503 70 
0.07805376773 190516.8582 43553.03709 69 
0.07956937487 153012.2651 29115.41197 73 
0.08108498201 249133.4651 39642.04972 86 
0.08260058915 206876.3683 34740.00243 74 
0.08411619629 238866.8139 32702.15774 90 
0.08563180343 223394.1731 32881.43778 71 
0.08714741057 344479.847 39674.71166 106 
0.08866301771 274939.2169 38862.08067 82 
0.09017862485 279243.4283 36398.97363 80 
0.09169423199 243297.7378 34345.8098 71 
0.09320983913 267641.8115 33463.65837 82 
0.09472544627 253875.9506 32686.03072 80 
0.09624105341 173467.0365 26576.94692 67 
0.09775666056 157606.6756 24758.02697 64 
0.0992722677 168264.8336 25319.61833 81 
0.1007878748 152837.5847 23365.62317 79 
0.102303482 87359.97456 17681.79438 58 
0.1038190891 105278.479 20853.59363 70 
0.1053346963 64311.31406 13627.08413 60 
0.1068503034 61493.22547 13420.81058 77 
0.1083659105 44533.65139 8130.813391 69 
0.1098815177 25761.54039 4233.267755 64 
0.1113971248 29446.18364 6004.103702 60 
0.112912732 38161.35904 6644.628419 61 
0.1144283391 42101.21394 7619.662454 54 
0.1159439462 43110.06344 6748.170082 69 
0.1174595534 36332.6982 6058.678356 52 
0.1189751605 51442.75889 7824.491088 60 
0.1204907677 52956.02598 7762.707086 65 
0.1220063748 62124.94703 8465.800294 70 
0.1235219819 55484.42535 8728.964781 55 
0.1250375891 61583.76665 8686.463952 62 
0.1265531962 32440.68844 6425.685283 42 
0.1280688034 39665.74334 6578.525176 50 
0.1295844105 43064.0101 6596.979538 67 
0.1311000176 34929.36324 5989.547922 52 
0.1326156248 29591.83102 5697.076885 56 
0.1341312319 22944.69389 4901.914137 53 
0.1356468391 20307.79756 4485.346789 55 
0.1371624462 11737.40101 3161.684995 39 
0.1386780533 9540.936205 2651.678728 45 
0.1401936605 6696.278231 1830.986427 36 
0.1417092676 7421.952603 1671.315004 30 
0.1432248748 9085.797107 1854.982266 41 
0.1447404819 5881.518279 1456.549564 32 
0.146256089 4942.686169 1393.082472 25 
0.1477716962 7813.125408 1857.408954 33 
0.1492873033 8557.457283 1761.332289 31 
0.1508029105 11445.43055 2218.284847 37 
