# Format: McCode with text headers
# URL: http://www.mccode.org
# Creator:  3.8.5, git
# Instrument: eqsans_sans.instr
# Ncount: 10000000
# Trace: no
# Gravitation: no
# Seed: 1790183992771558
# Directory: /Users/georgeyumnam/WORK/PANRAID/PaNRAID-results/Group2/panraidproject/scan_sans_sample/x+09_y-17
# Param: gx=0.009
# Param: gy=-0.017
# Param: sample_on=1
# Param: R_sphere=100
# Param: Phi=0.01
# Param: bs_radius=0
# Param: samp_ap=0.01
# Date: Wed Sep 23 19:20:27 2026 (1790184027)
# type: array_1d(100)
# Source: EQ_SANS_sample (eqsans_sans.instr)
# component: qmon
# position: 0 0 22.281
# title: QMonitor - Radially averaged distribution
# Ncount: 10000000
# filename: rdet.dat
# statistics: X0=0.075726; dX=0.0521714;
# signal: Min=0; Max=7.33017e+07; Mean=6.47902e+06;
# values: 6.47902e+08 7.89763e+07 1661
# xvar: r
# yvar: (I,I_err)
# xlabel: Radius [m]
# ylabel: I(r)
# xlimits: 0 0.5
# variables: r I I_err N
0.0025 0 0 0 
0.0075 0 0 0 
0.0125 0 0 0 
0.0175 0 0 0 
0.0225 59433396.25 42301496.02 2 
0.0275 47809635.06 28913009.2 3 
0.0325 13004147.28 13004147.28 1 
0.0375 73301715.14 31562234.79 6 
0.0425 8733455.784 8733455.784 1 
0.0475 52884922.39 23904053.4 5 
0.0525 28720364.06 18831979.91 3 
0.0575 37565062.35 17498782.24 5 
0.0625 24175343.04 12999417.82 5 
0.0675 5906492.414 5906492.414 1 
0.0725 32123411.27 14658763.51 6 
0.0775 48296162.8 17175340.22 9 
0.0825 22795553.27 10440220.65 5 
0.0875 13214143.87 7701939.673 5 
0.0925 9922052.685 6416237.376 4 
0.0975 7920702.726 4516016.187 6 
0.1025 20560529.97 9900668.621 7 
0.1075 3676553.617 2614192.706 2 
0.1125 15609395.58 6147874.146 9 
0.1175 9651975.528 4090020.063 7 
0.1225 12768186.79 6382933.724 6 
0.1275 13314946.4 5277929.569 10 
0.1325 9120999.049 4597789.821 11 
0.1375 3381098.871 2005904.664 6 
0.1425 10523822.43 3947542.054 10 
0.1475 5280180.398 2306702.368 12 
0.1525 9059113.141 4190213.275 10 
0.1575 4351898.099 2689018.278 8 
0.1625 5062538.264 2140986.718 11 
0.1675 8372033.353 3008568.626 17 
0.1725 2451689.699 1510011.376 5 
0.1775 4022707.474 2027988.403 12 
0.1825 2112975.884 1070076.176 15 
0.1875 2489422.371 1021848.418 18 
0.1925 2587153.846 1107679.206 17 
0.1975 1443235.485 832719.3926 8 
0.2025 1755219.729 848387.0959 13 
0.2075 765057.789 422520.6593 9 
0.2125 1245515.447 759768.7113 7 
0.2175 1196173.186 530683.4013 16 
0.2225 275219.5166 116327.7474 13 
0.2275 347374.3898 153819.5521 13 
0.2325 775098.2597 576351.3274 8 
0.2375 944548.8903 514352.4928 15 
0.2425 1415295.983 723596.4449 19 
0.2475 610321.4549 305874.32 19 
0.2525 312666.7205 84848.89189 27 
0.2575 286213.1129 139048.5193 16 
0.2625 602918.9047 313312.4741 20 
0.2675 477122.5863 320593.2931 19 
0.2725 676448.6848 396417.5006 19 
0.2775 187913.6757 74559.79802 21 
0.2825 176607.3069 58830.42976 19 
0.2875 470745.6211 205897.6355 25 
0.2925 85012.77238 31820.0777 14 
0.2975 149539.04 53912.14866 26 
0.3025 385961.9561 145433.9926 17 
0.3075 175365.9963 74243.5437 18 
0.3125 109944.5068 35121.84923 18 
0.3175 203540.9861 59583.8845 21 
0.3225 168128.2126 74158.54004 20 
0.3275 135259.9753 36170.53279 26 
0.3325 94527.46385 32378.64454 27 
0.3375 89726.36054 30957.99051 19 
0.3425 95842.90088 30412.80383 20 
0.3475 114843.3609 33816.34641 34 
0.3525 95303.21599 25745.77586 28 
0.3575 97294.9357 31113.73 21 
0.3625 72045.08135 25157.76597 19 
0.3675 98890.32232 29650.24471 24 
0.3725 83790.95914 27004.1278 19 
0.3775 66308.96573 20378.97752 25 
0.3825 56816.76849 19507.89373 22 
0.3875 93355.35672 25658.17999 27 
0.3925 61295.2046 18880.57587 27 
0.3975 76994.2752 23105.79471 27 
0.4025 77044.71906 22737.8137 24 
0.4075 53902.21301 18115.0347 25 
0.4125 75395.72294 22322.6233 26 
0.4175 82498.84535 22732.58739 41 
0.4225 103324.1588 28496.6483 28 
0.4275 44629.75377 16992.75733 25 
0.4325 76876.27015 20981.32522 28 
0.4375 43033.03567 12841.23608 30 
0.4425 63856.18145 20071.95491 36 
0.4475 53158.23561 18958.83729 28 
0.4525 40942.19538 13020.20265 29 
0.4575 80606.38849 23762.65344 34 
0.4625 23112.8196 11714.16969 22 
0.4675 35447.1908 12652.32189 31 
0.4725 52754.09903 17326.98612 37 
0.4775 52519.48128 17894.01481 32 
0.4825 28123.35203 9732.59518 36 
0.4875 28071.07227 10894.56422 24 
0.4925 71764.54077 22359.05612 31 
0.4975 37334.86581 13625.39092 29 
