# Format: McCode with text headers
# URL: http://www.mccode.org
# Creator:  3.8.5, git
# Instrument: eqsans_1_fixed.instr
# Ncount: 1000000
# Trace: no
# Gravitation: no
# Seed: 1790169956764965
# Directory: /Users/georgeyumnam/WORK/PANRAID/PaNRAID-results/Group2/panraidproject/scan_guide_xy/x+10_y+20
# Param: gx=0.01
# Param: gy=0.02
# Date: Wed Sep 23 15:26:00 2026 (1790169960)
# type: array_1d(120)
# Source: EQ_SANS (eqsans_1_fixed.instr)
# component: lambda_det
# position: 0 0 22.28
# title: Wavelength monitor
# Ncount: 1000000
# filename: lambda_det.dat
# statistics: X0=4.10115; dX=0.982607;
# signal: Min=0; Max=1.27906e+06; Mean=211235;
# values: 2.53481e+07 387372 8491
# xvar: L
# yvar: (I,I_err)
# xlabel: Wavelength [AA]
# ylabel: Intensity
# xlimits: 0 12
# variables: L I I_err N
0.05 0 0 0 
0.15 0 0 0 
0.25 0 0 0 
0.35 0 0 0 
0.45 0 0 0 
0.55 0 0 0 
0.65 0 0 0 
0.75 0 0 0 
0.85 0 0 0 
0.95 0 0 0 
1.05 0 0 0 
1.15 0 0 0 
1.25 0 0 0 
1.35 0 0 0 
1.45 0 0 0 
1.55 0 0 0 
1.65 0 0 0 
1.75 0 0 0 
1.85 0 0 0 
1.95 0 0 0 
2.05 0 0 0 
2.15 0 0 0 
2.25 0 0 0 
2.35 13477.6401 9803.415861 2 
2.45 39809.04093 16844.53264 10 
2.55 41168.17726 15128.34469 27 
2.65 114792.3336 27542.23838 46 
2.75 416500.7779 50506.13202 176 
2.85 956105.4503 79248.63298 360 
2.95 1279055.598 90517.661 474 
3.05 1268263.182 89689.66221 477 
3.15 1169533.934 84013.01719 410 
3.25 1227927.413 86731.03068 436 
3.35 1127946.292 82781.9048 381 
3.45 1076092.652 80725.03575 376 
3.55 1083228.589 79971.67695 383 
3.65 1016583.913 76326.02722 345 
3.75 1002177.657 75606.22065 325 
3.85 961047.2567 75277.93129 284 
3.95 791332.3529 63877.4597 289 
4.05 796601.8669 68171.02557 255 
4.15 827267.1304 68291.71334 256 
4.25 714932.4679 63667.33469 227 
4.35 660186.6438 60846.96788 214 
4.45 876895.2424 71924.58502 244 
4.55 650811.413 60543.20714 208 
4.65 648583.8798 62273.32827 191 
4.75 397434.9574 45963.27014 161 
4.85 555466.8424 55631.01497 187 
4.95 470192.8231 53839.76376 141 
5.05 484063.395 52629.00556 162 
5.15 465929.1211 51356.48513 147 
5.25 361258.5429 45926.75562 120 
5.35 453530.0424 51723.34106 143 
5.45 371104.6882 45950.15086 113 
5.55 425347.3717 51590.43292 134 
5.65 383632.5169 47898.33653 119 
5.75 264451.9376 40214.43183 90 
5.85 272928.6504 40780.78037 81 
5.95 320310.3059 43026.78019 96 
6.05 299447.2668 41125.59112 98 
6.15 299043.807 42926.26375 82 
6.25 336422.1191 45249.8669 81 
6.35 204017.8259 34663.11116 63 
6.45 129274.2811 26926.14239 49 
6.55 62195.83685 18788.44351 18 
6.65 31773.77023 14556.62335 10 
6.75 0 0 0 
6.85 0 0 0 
6.95 0 0 0 
7.05 0 0 0 
7.15 0 0 0 
7.25 0 0 0 
7.35 0 0 0 
7.45 0 0 0 
7.55 0 0 0 
7.65 0 0 0 
7.75 0 0 0 
7.85 0 0 0 
7.95 0 0 0 
8.05 0 0 0 
8.15 0 0 0 
8.25 0 0 0 
8.35 0 0 0 
8.45 0 0 0 
8.55 0 0 0 
8.65 0 0 0 
8.75 0 0 0 
8.85 0 0 0 
8.95 0 0 0 
9.05 0 0 0 
9.15 0 0 0 
9.25 0 0 0 
9.35 0 0 0 
9.45 0 0 0 
9.55 0 0 0 
9.65 0 0 0 
9.75 0 0 0 
9.85 0 0 0 
9.95 0 0 0 
10.05 0 0 0 
10.15 0 0 0 
10.25 0 0 0 
10.35 0 0 0 
10.45 0 0 0 
10.55 0 0 0 
10.65 0 0 0 
10.75 0 0 0 
10.85 0 0 0 
10.95 0 0 0 
11.05 0 0 0 
11.15 0 0 0 
11.25 0 0 0 
11.35 0 0 0 
11.45 0 0 0 
11.55 0 0 0 
11.65 0 0 0 
11.75 0 0 0 
11.85 0 0 0 
11.95 0 0 0 
