# Format: McCode with text headers
# URL: http://www.mccode.org
# Creator:  3.8.5, git
# Instrument: eqsans_cylinder.instr
# Ncount: 5000000
# Trace: no
# Gravitation: no
# Seed: 1790196093694204
# Directory: /Users/georgeyumnam/WORK/PANRAID/PaNRAID-results/Group2/panraidproject/dataset_cylinder/cyl_001887
# Param: gx=0
# Param: gy=0
# Param: sample_on=1
# Param: bs_radius=0
# Param: samp_ap=0.01
# Param: sld=7.81808
# Param: sld_solvent=1
# Param: radius=143.787
# Param: length=264.057
# Param: pd_radius=0.297319
# Param: pd_length=0.030983
# Param: model_scale=1
# Param: model_abs=0
# Date: Wed Sep 23 22:41:51 2026 (1790196111)
# type: array_1d(100)
# Source: EQ_SANS_cylinder (eqsans_cylinder.instr)
# component: qmon
# position: 0 0 22.281
# title: QMonitor - Distribution in q (Radially averaged)
# Ncount: 5000000
# filename: qdet.dat
# statistics: X0=0.00801389; dX=0.00674172;
# signal: Min=2.40463e+12; Max=4.82677e+17; Mean=3.9682e+16;
# values: 3.9682e+18 1.75435e+17 255348
# xvar: q
# yvar: (I,I_err)
# xlabel: q [1 / AA]
# ylabel: I(q)
# xlimits: 0 0.151561
# variables: q I I_err N
0.0007578035702 4.65808654e+17 1.281799042e+17 48 
0.002273410711 4.724441059e+17 6.973145645e+16 124 
0.003789017851 4.826768979e+17 5.519791928e+16 203 
0.005304624991 4.334813374e+17 5.229252598e+16 279 
0.006820232132 3.865624004e+17 3.797719171e+16 391 
0.008335839272 3.464377587e+17 3.08605364e+16 457 
0.009851446413 2.960820873e+17 2.409622598e+16 522 
0.01136705355 2.474160466e+17 1.932059797e+16 633 
0.01288266069 1.971508199e+17 1.505092043e+16 652 
0.01439826783 1.637292044e+17 1.575712602e+16 757 
0.01591387497 1.119730708e+17 7.499097174e+15 835 
0.01742948211 9.407666496e+16 7.827237857e+15 873 
0.01894508925 6.9391895e+16 5.3877361e+15 966 
0.0204606964 4.688925086e+16 3.056597506e+15 1113 
0.02197630354 4.152953715e+16 3.279369724e+15 1226 
0.02349191068 2.507236378e+16 1.871244051e+15 1254 
0.02500751782 1.936056781e+16 1.643699625e+15 1362 
0.02652312496 1.347565095e+16 1.124752788e+15 1435 
0.0280387321 1.016398945e+16 1.075519124e+15 1510 
0.02955433924 8.407731242e+15 6.538313622e+14 1631 
0.03106994638 5.236105538e+15 3.357530414e+14 1699 
0.03258555352 4.357315537e+15 2.255189112e+14 1796 
0.03410116066 3.734815699e+15 1.571866073e+14 1858 
0.0356167678 3.067837381e+15 1.941026983e+14 1911 
0.03713237494 2.549413953e+15 9.233336557e+13 2020 
0.03864798208 2.245146036e+15 8.040932292e+13 2069 
0.04016358922 1.939817275e+15 6.181821729e+13 2262 
0.04167919636 1.651816436e+15 5.758611734e+13 2314 
0.0431948035 1.308862697e+15 4.396515985e+13 2281 
0.04471041064 1.144862954e+15 3.706381762e+13 2466 
0.04622601778 8.797851988e+14 2.932573416e+13 2449 
0.04774162492 8.339310264e+14 2.873732045e+13 2621 
0.04925723206 6.587106637e+14 2.084513065e+13 2648 
0.0507728392 5.928234878e+14 1.817008787e+13 2724 
0.05228844634 5.382513099e+14 1.602411262e+13 2899 
0.05380405348 4.444512488e+14 1.195660944e+13 2846 
0.05531966062 4.153614592e+14 1.04439863e+13 3022 
0.05683526776 4.095895893e+14 1.025585126e+13 3087 
0.05835087491 3.607792542e+14 9.059626655e+12 3070 
0.05986648205 3.376580037e+14 8.083331585e+12 3243 
0.06138208919 3.224067916e+14 7.809011748e+12 3398 
0.06289769633 2.814669663e+14 6.756722272e+12 3373 
0.06441330347 2.510567186e+14 6.080092588e+12 3408 
0.06592891061 2.220889566e+14 5.303582685e+12 3464 
0.06744451775 1.932104619e+14 4.685307683e+12 3555 
0.06896012489 1.818111486e+14 4.425214356e+12 3652 
0.07047573203 1.446385537e+14 3.556096916e+12 3532 
0.07199133917 1.364731131e+14 3.271065717e+12 3776 
0.07350694631 1.227514351e+14 2.831794444e+12 3773 
0.07502255345 1.08055654e+14 2.451130827e+12 3678 
0.07653816059 9.890267908e+13 2.235719002e+12 3679 
0.07805376773 9.557640931e+13 2.08588863e+12 3772 
0.07956937487 8.863191718e+13 1.923435232e+12 3771 
0.08108498201 8.798182279e+13 1.897696634e+12 3882 
0.08260058915 8.569859769e+13 1.771255632e+12 3966 
0.08411619629 7.812517881e+13 1.668542132e+12 3891 
0.08563180343 7.215608318e+13 1.561022649e+12 3869 
0.08714741057 6.375420399e+13 1.358777046e+12 3893 
0.08866301771 5.887135783e+13 1.268885143e+12 3849 
0.09017862485 5.26866259e+13 1.163429726e+12 3818 
0.09169423199 4.841518782e+13 1.080774679e+12 3764 
0.09320983913 4.428860425e+13 9.746335334e+11 3894 
0.09472544627 4.026743935e+13 8.854643083e+11 3838 
0.09624105341 3.559857058e+13 7.865793786e+11 3768 
0.09775666056 3.461549387e+13 7.413461451e+11 3847 
0.0992722677 3.0310637e+13 6.517793848e+11 3675 
0.1007878748 2.979620191e+13 6.405269725e+11 3719 
0.102303482 2.767482879e+13 5.967926857e+11 3637 
0.1038190891 2.676313538e+13 5.625911505e+11 3631 
0.1053346963 2.485631721e+13 5.383332752e+11 3575 
0.1068503034 2.31512936e+13 5.02146402e+11 3504 
0.1083659105 2.193284044e+13 4.838187432e+11 3458 
0.1098815177 1.996760869e+13 4.416232553e+11 3365 
0.1113971248 1.943179102e+13 4.336171809e+11 3421 
0.112912732 1.732282703e+13 3.981155629e+11 3299 
0.1144283391 1.553654401e+13 3.643090186e+11 3129 
0.1159439462 1.448060197e+13 3.366937048e+11 3226 
0.1174595534 1.314323808e+13 3.102567591e+11 3131 
0.1189751605 1.141559211e+13 2.707681258e+11 2999 
0.1204907677 1.090451974e+13 2.520532222e+11 3036 
0.1220063748 1.013634791e+13 2.391845785e+11 2994 
0.1235219819 9.422045962e+12 2.205760494e+11 2944 
0.1250375891 9.087280638e+12 2.145834638e+11 2850 
0.1265531962 8.103122021e+12 1.984229827e+11 2658 
0.1280688034 7.290128857e+12 1.822657608e+11 2536 
0.1295844105 7.219261667e+12 1.774436189e+11 2574 
0.1311000176 6.760701664e+12 1.692355104e+11 2516 
0.1326156248 6.281353806e+12 1.60702137e+11 2414 
0.1341312319 5.678247528e+12 1.494590636e+11 2370 
0.1356468391 5.592941862e+12 1.453342091e+11 2406 
0.1371624462 4.7044492e+12 1.261595368e+11 2224 
0.1386780533 4.432481018e+12 1.191314612e+11 2220 
0.1401936605 4.082798745e+12 1.138155057e+11 2106 
0.1417092676 3.703549095e+12 1.042560872e+11 1998 
0.1432248748 3.316299797e+12 9.40385054e+10 1944 
0.1447404819 3.243178712e+12 9.093531895e+10 1983 
0.146256089 2.831753465e+12 8.160144779e+10 1836 
0.1477716962 2.871206849e+12 8.248246293e+10 1874 
0.1492873033 2.46971444e+12 7.350330008e+10 1720 
0.1508029105 2.40462661e+12 7.142176003e+10 1710 
