# Format: McCode with text headers
# URL: http://www.mccode.org
# Creator:  3.8.5, git
# Instrument: eqsans_cylinder.instr
# Ncount: 5000000
# Trace: no
# Gravitation: no
# Seed: 1790193753048963
# Directory: /Users/georgeyumnam/WORK/PANRAID/PaNRAID-results/Group2/panraidproject/dataset_cylinder/cyl_000580
# Param: gx=0
# Param: gy=0
# Param: sample_on=1
# Param: bs_radius=0
# Param: samp_ap=0.01
# Param: sld=6.47388
# Param: sld_solvent=1
# Param: radius=140.725
# Param: length=260.233
# Param: pd_radius=0.140892
# Param: pd_length=0.101437
# Param: model_scale=1
# Param: model_abs=0
# Date: Wed Sep 23 22:02:51 2026 (1790193771)
# type: array_1d(100)
# Source: EQ_SANS_cylinder (eqsans_cylinder.instr)
# component: qmon
# position: 0 0 22.281
# title: QMonitor - Distribution in q (Radially averaged)
# Ncount: 5000000
# filename: qdet.dat
# statistics: X0=0.00848077; dX=0.00730675;
# signal: Min=1.4659e+12; Max=2.79884e+17; Mean=1.90069e+16;
# values: 1.90069e+18 6.3413e+16 256296
# xvar: q
# yvar: (I,I_err)
# xlabel: q [1 / AA]
# ylabel: I(q)
# xlimits: 0 0.151561
# variables: q I I_err N
0.0007578035702 2.798836841e+17 4.959238904e+16 48 
0.002273410711 2.104683787e+17 2.565501463e+16 119 
0.003789017851 1.758237275e+17 1.571028359e+16 196 
0.005304624991 1.811295011e+17 1.452512014e+16 270 
0.006820232132 1.660630508e+17 1.1781952e+16 357 
0.008335839272 1.517962614e+17 1.010931564e+16 429 
0.009851446413 1.340218785e+17 8.483156881e+15 514 
0.01136705355 1.186245787e+17 7.175892973e+15 638 
0.01288266069 1.021191111e+17 6.042469062e+15 723 
0.01439826783 8.994188907e+16 4.996633108e+15 800 
0.01591387497 7.25939616e+16 3.923651987e+15 942 
0.01742948211 5.396267741e+16 3.273976849e+15 938 
0.01894508925 4.434402122e+16 2.642136629e+15 1055 
0.0204606964 3.038234353e+16 1.790854068e+15 1128 
0.02197630354 2.277669134e+16 1.431750556e+15 1238 
0.02349191068 1.546868467e+16 9.804947339e+14 1238 
0.02500751782 1.202027561e+16 9.060356414e+14 1339 
0.02652312496 7.976713516e+15 5.280251667e+14 1462 
0.0280387321 5.440391894e+15 4.109562214e+14 1489 
0.02955433924 4.154129153e+15 2.726147931e+14 1642 
0.03106994638 3.49493142e+15 2.537873215e+14 1666 
0.03258555352 2.490883241e+15 1.588099889e+14 1748 
0.03410116066 2.209013132e+15 1.179092967e+14 1944 
0.0356167678 1.748637047e+15 9.103151171e+13 1882 
0.03713237494 1.4272836e+15 4.668509486e+13 1974 
0.03864798208 1.246538433e+15 3.967510646e+13 2055 
0.04016358922 1.129823139e+15 3.713871844e+13 2193 
0.04167919636 9.975211477e+14 3.100813315e+13 2261 
0.0431948035 8.718179727e+14 2.687443114e+13 2350 
0.04471041064 6.771280225e+14 2.122201613e+13 2331 
0.04622601778 6.170930484e+14 1.929398065e+13 2543 
0.04774162492 4.739643136e+14 1.471261992e+13 2487 
0.04925723206 4.320518482e+14 1.32338282e+13 2669 
0.0507728392 3.624998412e+14 1.064662836e+13 2731 
0.05228844634 3.170254903e+14 8.803233481e+12 2778 
0.05380405348 2.839493362e+14 7.565939082e+12 2937 
0.05531966062 2.599651616e+14 6.407518901e+12 3053 
0.05683526776 2.287956297e+14 5.666600947e+12 3102 
0.05835087491 2.133661476e+14 5.130410125e+12 3190 
0.05986648205 1.951326536e+14 4.561956069e+12 3311 
0.06138208919 1.752618464e+14 4.098215402e+12 3314 
0.06289769633 1.657682976e+14 3.830937995e+12 3401 
0.06441330347 1.462386326e+14 3.360224721e+12 3451 
0.06592891061 1.334840163e+14 2.959540333e+12 3532 
0.06744451775 1.202677921e+14 2.653337419e+12 3607 
0.06896012489 1.039171632e+14 2.324185075e+12 3550 
0.07047573203 9.662482741e+13 2.183394515e+12 3634 
0.07199133917 8.68117614e+13 1.92201363e+12 3686 
0.07350694631 7.748215056e+13 1.70013498e+12 3698 
0.07502255345 7.148449038e+13 1.530240073e+12 3777 
0.07653816059 6.564316679e+13 1.392142842e+12 3816 
0.07805376773 5.999624252e+13 1.268590428e+12 3897 
0.07956937487 5.457445886e+13 1.165063831e+12 3780 
0.08108498201 5.240657544e+13 1.079250446e+12 4001 
0.08260058915 4.745860787e+13 9.911757019e+11 3942 
0.08411619629 4.493108734e+13 9.158882546e+11 3972 
0.08563180343 4.007934359e+13 8.197646007e+11 3906 
0.08714741057 3.630338048e+13 7.479461743e+11 3860 
0.08866301771 3.450088706e+13 7.005449183e+11 3938 
0.09017862485 3.167601218e+13 6.532800395e+11 3902 
0.09169423199 3.023339674e+13 6.123876008e+11 3971 
0.09320983913 2.703431944e+13 5.565046418e+11 3844 
0.09472544627 2.522269601e+13 5.204975407e+11 3820 
0.09624105341 2.349426716e+13 4.833021154e+11 3834 
0.09775666056 2.10168016e+13 4.430093728e+11 3657 
0.0992722677 1.960616183e+13 4.030966429e+11 3719 
0.1007878748 1.762544759e+13 3.685342349e+11 3620 
0.102303482 1.7158046e+13 3.533526186e+11 3691 
0.1038190891 1.573254353e+13 3.283706719e+11 3623 
0.1053346963 1.479323905e+13 3.074804851e+11 3558 
0.1068503034 1.358904689e+13 2.874584056e+11 3459 
0.1083659105 1.232548966e+13 2.61021299e+11 3420 
0.1098815177 1.157007484e+13 2.462966966e+11 3335 
0.1113971248 1.071759441e+13 2.280057659e+11 3355 
0.112912732 9.71290627e+12 2.118519461e+11 3241 
0.1144283391 9.266939817e+12 2.014032902e+11 3195 
0.1159439462 8.502490744e+12 1.8621838e+11 3175 
0.1174595534 8.217844996e+12 1.756851351e+11 3229 
0.1189751605 7.34609222e+12 1.617744099e+11 3107 
0.1204907677 6.70183066e+12 1.510538987e+11 2939 
0.1220063748 6.443988363e+12 1.446948142e+11 2942 
0.1235219819 5.730081357e+12 1.325720397e+11 2834 
0.1250375891 5.591645722e+12 1.279022017e+11 2854 
0.1265531962 4.991573463e+12 1.163812148e+11 2680 
0.1280688034 4.62320774e+12 1.08799556e+11 2650 
0.1295844105 4.308557756e+12 1.02005963e+11 2630 
0.1311000176 3.822081396e+12 9.340967465e+10 2482 
0.1326156248 3.662270787e+12 8.994765072e+10 2385 
0.1341312319 3.369513599e+12 8.285824422e+10 2427 
0.1356468391 3.04918568e+12 7.675541123e+10 2274 
0.1371624462 2.974537339e+12 7.517586486e+10 2295 
0.1386780533 2.788159595e+12 7.037410817e+10 2276 
0.1401936605 2.483359201e+12 6.483667505e+10 2147 
0.1417092676 2.347843936e+12 6.209898377e+10 2058 
0.1432248748 2.058042728e+12 5.536060202e+10 1961 
0.1447404819 1.968886803e+12 5.322520047e+10 1970 
0.146256089 1.812061713e+12 5.002560647e+10 1865 
0.1477716962 1.765620094e+12 4.960851068e+10 1822 
0.1492873033 1.638806145e+12 4.555708117e+10 1823 
0.1508029105 1.465899423e+12 4.241969859e+10 1695 
