# Format: McCode with text headers
# URL: http://www.mccode.org
# Creator:  3.8.5, git
# Instrument: eqsans_sans.instr
# Ncount: 10000000
# Trace: no
# Gravitation: no
# Seed: 1790182634665691
# Directory: /Users/georgeyumnam/WORK/PANRAID/PaNRAID-results/Group2/panraidproject/scan_sans_sample/x-01_y+09
# Param: gx=-0.001
# Param: gy=0.009
# Param: sample_on=1
# Param: R_sphere=100
# Param: Phi=0.01
# Param: bs_radius=0
# Param: samp_ap=0.01
# Date: Wed Sep 23 18:57:50 2026 (1790182670)
# type: array_1d(100)
# Source: EQ_SANS_sample (eqsans_sans.instr)
# component: qmon
# position: 0 0 22.281
# title: QMonitor - Distribution in q (Radially averaged)
# Ncount: 10000000
# filename: qdet.dat
# statistics: X0=0.0121408; dX=0.010232;
# signal: Min=8405.88; Max=7.33079e+08; Mean=4.6574e+07;
# values: 4.6574e+09 6.42307e+08 6229
# xvar: q
# yvar: (I,I_err)
# xlabel: q [1 / AA]
# ylabel: I(q)
# xlimits: 0 0.151561
# variables: q I I_err N
0.0007578035702 733078523.6 538863877.3 2 
0.002273410711 277516434.9 221013144.1 2 
0.003789017851 166469064.6 90712806.67 4 
0.005304624991 314175976.6 150478212.3 7 
0.006820232132 301143251.9 117416415.8 9 
0.008335839272 209165616.3 77209491.79 9 
0.009851446413 312729880.8 104291567.2 14 
0.01136705355 373845310.3 97914381.55 19 
0.01288266069 326422422.6 78138590.05 23 
0.01439826783 159088843.5 52261374.21 14 
0.01591387497 155415363.2 39969564.19 19 
0.01742948211 161114023.1 47876827.12 16 
0.01894508925 235667473 55712769.07 29 
0.0204606964 140684871.9 37706045.89 23 
0.02197630354 187488211.1 41734586.28 36 
0.02349191068 85940765.34 20043843.81 26 
0.02500751782 82302182.22 19196308.5 30 
0.02652312496 96381449.9 21279263.46 35 
0.0280387321 73719899.28 14399109.48 43 
0.02955433924 60242489.96 15486464.66 35 
0.03106994638 45178748.67 11786648.18 31 
0.03258555352 28909738.48 8087741.501 33 
0.03410116066 23765491.45 5703922.397 46 
0.0356167678 17334131.84 4863887.043 47 
0.03713237494 18812944.96 4539491.74 47 
0.03864798208 9934731.103 2135423.873 62 
0.04016358922 13355657.49 3680156.923 61 
0.04167919636 4704979.484 1631953.331 56 
0.0431948035 3502525.571 1106907.603 58 
0.04471041064 3118762.467 974381.178 60 
0.04622601778 1455167.678 300601.9139 63 
0.04774162492 1345175.543 283850.2872 72 
0.04925723206 1021227.924 191360.4261 59 
0.0507728392 1725441.259 305118.8213 76 
0.05228844634 2118109.823 304273.7922 83 
0.05380405348 2242895.186 326851.2903 73 
0.05531966062 1794760.313 272688.6148 69 
0.05683526776 2557445.819 338442.258 80 
0.05835087491 2440536.215 294439.3541 88 
0.05986648205 2497847.818 324264.1537 84 
0.06138208919 2004787.229 248170.5781 87 
0.06289769633 1554749.901 213626.8071 73 
0.06441330347 1698439.306 239475.1757 86 
0.06592891061 1400776.729 205840.8192 83 
0.06744451775 1058290.77 162990.9585 83 
0.06896012489 869022.1717 131873.0421 86 
0.07047573203 821290.5424 134559.6411 96 
0.07199133917 703269.6209 117540.5396 103 
0.07350694631 709745.7971 129392.0186 92 
0.07502255345 467604.7862 92863.51343 95 
0.07653816059 265298.9267 60262.61703 113 
0.07805376773 280970.6837 59704.30274 89 
0.07956937487 206505.0904 34660.50595 94 
0.08108498201 253029.1481 42381.72828 95 
0.08260058915 213666.3494 33821.39333 98 
0.08411619629 226018.1335 32033.51955 95 
0.08563180343 298318.6931 36052.26329 108 
0.08714741057 320337.8175 39933.55375 99 
0.08866301771 297165.2563 38424.86606 88 
0.09017862485 307652.9101 37382.33884 89 
0.09169423199 316413.5427 37984.87888 93 
0.09320983913 267530.1859 33686.90092 90 
0.09472544627 329492.9105 39244.46005 98 
0.09624105341 229051.6201 28394.66076 86 
0.09775666056 229092.6274 29845.52346 96 
0.0992722677 200020.3593 26334.97892 87 
0.1007878748 149785.5851 22528.39333 85 
0.102303482 105138.8859 17443.22455 83 
0.1038190891 83392.90429 16899.30269 74 
0.1053346963 71775.57713 14788.86248 73 
0.1068503034 35079.29011 8761.882759 74 
0.1083659105 50549.51431 10422.11012 76 
0.1098815177 45897.49555 9019.204129 77 
0.1113971248 38238.36309 6481.459524 64 
0.112912732 29960.34794 4987.176294 72 
0.1144283391 42957.72675 7126.008436 76 
0.1159439462 37651.10623 6084.494896 67 
0.1174595534 75818.42215 9718.24576 95 
0.1189751605 48841.30494 7118.184484 68 
0.1204907677 62037.74416 9160.755491 62 
0.1220063748 54576.73508 7859.953282 67 
0.1235219819 75444.72747 9129.990749 88 
0.1250375891 66744.83796 9043.972861 69 
0.1265531962 64349.09726 8776.213462 69 
0.1280688034 51698.50036 7471.935167 69 
0.1295844105 41858.56811 6648.800286 63 
0.1311000176 32406.65885 5628.435811 51 
0.1326156248 36596.09147 6154.316348 69 
0.1341312319 27650.99112 4730.971982 59 
0.1356468391 18854.55039 4055.891258 63 
0.1371624462 13049.67006 3146.971739 52 
0.1386780533 13124.76407 2683.296975 50 
0.1401936605 9513.139038 2087.809151 51 
0.1417092676 12641.29119 2272.277083 57 
0.1432248748 9578.974515 2074.739847 41 
0.1447404819 11754.72596 2153.552239 51 
0.146256089 11769.60327 2474.998448 46 
0.1477716962 8405.88017 1774.709553 32 
0.1492873033 14037.43255 2480.997655 46 
0.1508029105 13547.88534 2532.068412 45 
