# Format: McCode with text headers
# URL: http://www.mccode.org
# Creator:  3.8.5, git
# Instrument: eqsans_sans.instr
# Ncount: 10000000
# Trace: no
# Gravitation: no
# Seed: 1790181718876523
# Directory: /Users/georgeyumnam/WORK/PANRAID/PaNRAID-results/Group2/panraidproject/scan_sans_sample/x-07_y-08
# Param: gx=-0.007
# Param: gy=-0.008
# Param: sample_on=1
# Param: R_sphere=100
# Param: Phi=0.01
# Param: bs_radius=0
# Param: samp_ap=0.01
# Date: Wed Sep 23 18:42:34 2026 (1790181754)
# type: array_1d(100)
# Source: EQ_SANS_sample (eqsans_sans.instr)
# component: qmon
# position: 0 0 22.281
# title: QMonitor - Distribution in q (Radially averaged)
# Ncount: 10000000
# filename: qdet.dat
# statistics: X0=0.0120328; dX=0.0101372;
# signal: Min=6842.27; Max=4.5224e+08; Mean=3.54296e+07;
# values: 3.54296e+09 5.33102e+08 4716
# xvar: q
# yvar: (I,I_err)
# xlabel: q [1 / AA]
# ylabel: I(q)
# xlimits: 0 0.151561
# variables: q I I_err N
0.0007578035702 421841025.2 421841025.2 1 
0.002273410711 207475273 154080709 2 
0.003789017851 161733131.7 89165373.77 4 
0.005304624991 452240480.5 173284305.1 11 
0.006820232132 182993860.5 98518643.17 5 
0.008335839272 224981505 94432185.87 8 
0.009851446413 314798737.6 110889548.2 12 
0.01136705355 152657856.1 65523814.78 7 
0.01288266069 159891194.1 52527521.05 12 
0.01439826783 136126799.3 40380879.95 14 
0.01591387497 180522202.3 48420611.84 22 
0.01742948211 96720688.87 39837374.36 10 
0.01894508925 135161666.1 39502701.52 15 
0.0204606964 112264528.1 29737119.29 21 
0.02197630354 125512024.9 28949553.47 31 
0.02349191068 84540358.61 19637920.53 28 
0.02500751782 59012106.15 18560669.53 19 
0.02652312496 75064713.28 17550926.27 34 
0.0280387321 41574822.05 14076811.1 22 
0.02955433924 57819327.8 17585894.27 32 
0.03106994638 37041160.8 10906399.46 32 
0.03258555352 32728073.24 8709669.039 29 
0.03410116066 12397290.91 3168082.122 27 
0.0356167678 13693081.68 4380504.038 32 
0.03713237494 9018830.004 3376317.753 38 
0.03864798208 7557134.043 3105411.594 30 
0.04016358922 10845920.71 4256547.793 40 
0.04167919636 4385955.989 1238995.455 41 
0.0431948035 3434658.643 1096340.315 47 
0.04471041064 1198970.935 330490.813 47 
0.04622601778 1462195.647 738104.5191 50 
0.04774162492 1347979.106 425867.4502 50 
0.04925723206 1195475.749 255208.7675 47 
0.0507728392 1432324.384 264468.1519 49 
0.05228844634 1265466.607 217087.4645 53 
0.05380405348 1399654.432 253009.8043 55 
0.05531966062 1597585.696 260029.4324 58 
0.05683526776 1841790.013 285849.2729 60 
0.05835087491 1987227.45 285620.7472 69 
0.05986648205 1227111.649 205957.3877 49 
0.06138208919 1358994.165 233219.3473 53 
0.06289769633 1530702.419 236624.978 63 
0.06441330347 1312703.16 207919.4145 69 
0.06592891061 1194820 196353.3866 65 
0.06744451775 908322.6382 166368.3668 61 
0.06896012489 935847.5796 159733.9504 69 
0.07047573203 577853.4363 99939.65945 66 
0.07199133917 432733.9747 84025.33281 81 
0.07350694631 274524.9233 68592.45134 64 
0.07502255345 205832.8243 49664.06041 65 
0.07653816059 239119.6813 61119.32428 72 
0.07805376773 90768.03675 18813.98586 54 
0.07956937487 157055.7175 27597.05459 70 
0.08108498201 134661.3834 25753.25419 57 
0.08260058915 167278.5943 27271.95774 67 
0.08411619629 144713.5188 25342.83455 63 
0.08563180343 236416.2219 33302.97423 83 
0.08714741057 221115.6313 31159.56425 79 
0.08866301771 226704.8337 31934.47313 69 
0.09017862485 216730.7542 34128.62769 64 
0.09169423199 217931.4662 30290.42133 64 
0.09320983913 221397.4793 29340.76202 74 
0.09472544627 223371.844 30530.13687 78 
0.09624105341 195420.0772 29759.05218 69 
0.09775666056 177465.4004 27125.95804 72 
0.0992722677 146626.4073 24094.87906 62 
0.1007878748 138282.8181 22980.92013 71 
0.102303482 90584.03326 16936.88498 62 
0.1038190891 74460.15209 13877.81472 64 
0.1053346963 80318.02884 15508.25383 76 
0.1068503034 46461.44386 10551.9374 66 
0.1083659105 38771.17912 8481.066239 67 
0.1098815177 43683.77134 8338.621662 63 
0.1113971248 35915.39388 7221.890823 57 
0.112912732 43468.34569 6566.602132 85 
0.1144283391 39312.43546 5969.470764 76 
0.1159439462 33321.44459 5961.152509 49 
0.1174595534 53969.66357 8341.725116 62 
0.1189751605 32782.57239 5852.636261 49 
0.1204907677 45611.22619 7147.95984 58 
0.1220063748 49074.40509 8289.954786 50 
0.1235219819 47416.52762 7596.404408 52 
0.1250375891 47144.74019 7475.328514 47 
0.1265531962 32268.35368 5789.361696 46 
0.1280688034 39067.79482 6605.900195 48 
0.1295844105 31730.81673 5857.565513 48 
0.1311000176 27623.8506 5355.517591 47 
0.1326156248 22335.2758 4497.372402 49 
0.1341312319 16641.56473 3593.479877 42 
0.1356468391 15445.48204 3493.341125 42 
0.1371624462 12596.24467 3262.6596 42 
0.1386780533 8768.199822 2141.54208 40 
0.1401936605 9565.979736 2596.971036 36 
0.1417092676 8312.693111 2348.227082 29 
0.1432248748 10548.68407 2372.166609 47 
0.1447404819 7149.773549 1616.545148 37 
0.146256089 10516.08751 2054.03803 44 
0.1477716962 9971.43591 1993.917829 40 
0.1492873033 6842.266422 1544.753293 28 
0.1508029105 10188.44318 2067.068317 31 
