# Format: McCode with text headers
# URL: http://www.mccode.org
# Creator:  3.8.5, git
# Instrument: eqsans_sans.instr
# Ncount: 10000000
# Trace: no
# Gravitation: no
# Seed: 1790185630426940
# Directory: /Users/georgeyumnam/WORK/PANRAID/PaNRAID-results/Group2/panraidproject/scan_sans_sample/x+20_y+04
# Param: gx=0.02
# Param: gy=0.004
# Param: sample_on=1
# Param: R_sphere=100
# Param: Phi=0.01
# Param: bs_radius=0
# Param: samp_ap=0.01
# Date: Wed Sep 23 19:47:44 2026 (1790185664)
# type: array_1d(120)
# Source: EQ_SANS_sample (eqsans_sans.instr)
# component: lambda_det
# position: 0 0 22.28
# title: Wavelength monitor
# Ncount: 10000000
# filename: lambda_det.dat
# statistics: X0=4.33286; dX=1.03674;
# signal: Min=0; Max=6752.3; Mean=953.198;
# values: 114384 8587.62 3225
# xvar: L
# yvar: (I,I_err)
# xlabel: Wavelength [AA]
# ylabel: Intensity
# xlimits: 0 12
# variables: L I I_err N
0.05 0 0 0 
0.15 0 0 0 
0.25 0 0 0 
0.35 0 0 0 
0.45 0 0 0 
0.55 0 0 0 
0.65 0 0 0 
0.75 0 0 0 
0.85 0 0 0 
0.95 0 0 0 
1.05 0 0 0 
1.15 0 0 0 
1.25 0 0 0 
1.35 0 0 0 
1.45 0 0 0 
1.55 0 0 0 
1.65 0 0 0 
1.75 0 0 0 
1.85 0 0 0 
1.95 0 0 0 
2.05 0 0 0 
2.15 0 0 0 
2.25 0 0 0 
2.35 0.03738713545 0.03738713545 1 
2.45 544.9653344 570.0949441 8 
2.55 10.40967051 8.993097321 13 
2.65 601.0513547 505.0520633 23 
2.75 56.35658683 18.45462226 42 
2.85 3021.37173 1731.274532 115 
2.95 3114.369209 1316.741961 224 
3.05 5291.502861 1878.154628 183 
3.15 5007.774454 1820.665974 187 
3.25 2752.614893 1035.903981 177 
3.35 3212.083952 1453.054241 181 
3.45 6367.792026 2403.640083 155 
3.55 5488.178035 2072.209579 131 
3.65 6752.304135 2020.622222 125 
3.75 2022.57069 964.4832095 129 
3.85 4259.79696 1723.801564 134 
3.95 4232.570826 1924.758234 102 
4.05 2722.662264 1114.726126 105 
4.15 2281.96162 1167.046551 92 
4.25 4397.280262 1502.509184 95 
4.35 3753.704777 1500.389933 85 
4.45 3486.473456 1540.755961 72 
4.55 2182.095999 1189.05983 77 
4.65 1159.263303 720.0207859 68 
4.75 2649.650383 1522.418786 47 
4.85 4529.086151 1482.202615 66 
4.95 1641.389045 1002.872013 68 
5.05 1853.71135 1009.259776 44 
5.15 2883.907352 1277.822427 52 
5.25 3349.239303 1552.054725 52 
5.35 1940.941738 921.9971956 56 
5.45 2231.507487 977.7762919 36 
5.55 4374.749092 2005.143597 38 
5.65 713.1776798 363.7025966 28 
5.75 2390.616009 982.4372382 33 
5.85 1984.101746 1190.442351 25 
5.95 563.1641864 426.0291736 29 
6.05 3388.435498 1425.605766 23 
6.15 2092.064323 1250.771492 30 
6.25 174.4573952 103.0097893 17 
6.35 3348.915659 1661.756623 30 
6.45 683.1174555 627.1548786 11 
6.55 304.0839575 295.8601571 11 
6.65 568.2501851 598.0817325 5 
6.75 0 0 0 
6.85 0 0 0 
6.95 0 0 0 
7.05 0 0 0 
7.15 0 0 0 
7.25 0 0 0 
7.35 0 0 0 
7.45 0 0 0 
7.55 0 0 0 
7.65 0 0 0 
7.75 0 0 0 
7.85 0 0 0 
7.95 0 0 0 
8.05 0 0 0 
8.15 0 0 0 
8.25 0 0 0 
8.35 0 0 0 
8.45 0 0 0 
8.55 0 0 0 
8.65 0 0 0 
8.75 0 0 0 
8.85 0 0 0 
8.95 0 0 0 
9.05 0 0 0 
9.15 0 0 0 
9.25 0 0 0 
9.35 0 0 0 
9.45 0 0 0 
9.55 0 0 0 
9.65 0 0 0 
9.75 0 0 0 
9.85 0 0 0 
9.95 0 0 0 
10.05 0 0 0 
10.15 0 0 0 
10.25 0 0 0 
10.35 0 0 0 
10.45 0 0 0 
10.55 0 0 0 
10.65 0 0 0 
10.75 0 0 0 
10.85 0 0 0 
10.95 0 0 0 
11.05 0 0 0 
11.15 0 0 0 
11.25 0 0 0 
11.35 0 0 0 
11.45 0 0 0 
11.55 0 0 0 
11.65 0 0 0 
11.75 0 0 0 
11.85 0 0 0 
11.95 0 0 0 
