# Format: McCode with text headers
# URL: http://www.mccode.org
# Creator:  3.8.5, git
# Instrument: eqsans_1_fixed.instr
# Ncount: 1000000
# Trace: no
# Gravitation: no
# Seed: 1790169645283160
# Directory: /Users/georgeyumnam/WORK/PANRAID/PaNRAID-results/Group2/panraidproject/scan_guide_xy/x-09_y-12
# Param: gx=-0.009
# Param: gy=-0.012
# Date: Wed Sep 23 15:20:49 2026 (1790169649)
# type: array_1d(120)
# Source: EQ_SANS (eqsans_1_fixed.instr)
# component: lambda_det
# position: 0 0 22.28
# title: Wavelength monitor
# Ncount: 1000000
# filename: lambda_det.dat
# statistics: X0=4.03786; dX=0.978814;
# signal: Min=0; Max=2.74282e+06; Mean=426642;
# values: 5.1197e+07 553757 16531
# xvar: L
# yvar: (I,I_err)
# xlabel: Wavelength [AA]
# ylabel: Intensity
# xlimits: 0 12
# variables: L I I_err N
0.05 0 0 0 
0.15 0 0 0 
0.25 0 0 0 
0.35 0 0 0 
0.45 0 0 0 
0.55 0 0 0 
0.65 0 0 0 
0.75 0 0 0 
0.85 0 0 0 
0.95 0 0 0 
1.05 0 0 0 
1.15 0 0 0 
1.25 0 0 0 
1.35 0 0 0 
1.45 0 0 0 
1.55 0 0 0 
1.65 0 0 0 
1.75 0 0 0 
1.85 0 0 0 
1.95 0 0 0 
2.05 0 0 0 
2.15 8142.70039 8142.70039 1 
2.25 9624.635645 7662.110901 5 
2.35 37647.84822 15512.0435 10 
2.45 59936.30872 17992.99426 22 
2.55 169058.8408 33294.43826 44 
2.65 484647.7719 56297.80414 138 
2.75 1205947.229 85900.54741 394 
2.85 2395052.6 122019.5553 752 
2.95 2742821.283 130441.0006 922 
3.05 2527342.766 123642.0414 851 
3.15 2629761.993 126877.2257 830 
3.25 2560178.507 126669.4374 813 
3.35 2115659.849 113116.326 731 
3.45 2131526.712 114237.1652 701 
3.55 1986760.144 108044.5832 643 
3.65 2196415.044 115583.0227 674 
3.75 1852643.426 105646.0888 612 
3.85 1794527.17 102823.7709 564 
3.95 1703728.59 99073.63512 558 
4.05 1578577.709 96167.46924 504 
4.15 1510358.606 92534.24977 474 
4.25 1555438.753 95938.40247 474 
4.35 1248407.358 87506.57221 397 
4.45 1544415.577 97949.00909 440 
4.55 1197594.922 83565.16505 381 
4.65 1089690.102 80719.20472 372 
4.75 1200012.976 83074.81641 394 
4.85 1076328.443 78605.83975 360 
4.95 988171.0369 76422.25548 330 
5.05 958389.16 76399.24182 310 
5.15 807569.8968 69107.05998 276 
5.25 839562.6205 67599.04874 278 
5.35 745825.0422 63880.13563 248 
5.45 721736.6059 64888.62318 250 
5.55 709522.3152 64143.12839 250 
5.65 665090.6292 62957.59401 206 
5.75 542161.0511 56184.24968 188 
5.85 791063.1922 68621.72622 224 
5.95 542176.3917 56681.74813 184 
6.05 510882.4495 54381.6616 169 
6.15 466507.5893 54375.47532 155 
6.25 500879.1769 55571.24113 142 
6.35 368508.4617 46253.76214 122 
6.45 327195.6526 43385.82861 100 
6.55 93855.43688 23905.26243 32 
6.65 5694.531359 2947.944887 6 
6.75 0 0 0 
6.85 0 0 0 
6.95 0 0 0 
7.05 0 0 0 
7.15 0 0 0 
7.25 0 0 0 
7.35 0 0 0 
7.45 0 0 0 
7.55 0 0 0 
7.65 0 0 0 
7.75 0 0 0 
7.85 0 0 0 
7.95 0 0 0 
8.05 0 0 0 
8.15 0 0 0 
8.25 0 0 0 
8.35 0 0 0 
8.45 0 0 0 
8.55 0 0 0 
8.65 0 0 0 
8.75 0 0 0 
8.85 0 0 0 
8.95 0 0 0 
9.05 0 0 0 
9.15 0 0 0 
9.25 0 0 0 
9.35 0 0 0 
9.45 0 0 0 
9.55 0 0 0 
9.65 0 0 0 
9.75 0 0 0 
9.85 0 0 0 
9.95 0 0 0 
10.05 0 0 0 
10.15 0 0 0 
10.25 0 0 0 
10.35 0 0 0 
10.45 0 0 0 
10.55 0 0 0 
10.65 0 0 0 
10.75 0 0 0 
10.85 0 0 0 
10.95 0 0 0 
11.05 0 0 0 
11.15 0 0 0 
11.25 0 0 0 
11.35 0 0 0 
11.45 0 0 0 
11.55 0 0 0 
11.65 0 0 0 
11.75 0 0 0 
11.85 0 0 0 
11.95 0 0 0 
