# Format: McCode with text headers
# URL: http://www.mccode.org
# Creator:  3.8.5, git
# Instrument: eqsans_cylinder.instr
# Ncount: 5000000
# Trace: no
# Gravitation: no
# Seed: 1790193539120240
# Directory: /Users/georgeyumnam/WORK/PANRAID/PaNRAID-results/Group2/panraidproject/dataset_cylinder/cyl_000467
# Param: gx=0
# Param: gy=0
# Param: sample_on=1
# Param: bs_radius=0
# Param: samp_ap=0.01
# Param: sld=6.17252
# Param: sld_solvent=1
# Param: radius=22.8528
# Param: length=486.61
# Param: pd_radius=0.021371
# Param: pd_length=0.143158
# Param: model_scale=1
# Param: model_abs=0
# Date: Wed Sep 23 21:59:16 2026 (1790193556)
# type: array_1d(100)
# Source: EQ_SANS_cylinder (eqsans_cylinder.instr)
# component: qmon
# position: 0 0 22.281
# title: QMonitor - Distribution in q (Radially averaged)
# Ncount: 5000000
# filename: qdet.dat
# statistics: X0=0.0225788; dX=0.0227751;
# signal: Min=1.14611e+11; Max=5.04254e+14; Mean=7.10964e+13;
# values: 7.10964e+15 1.20519e+14 258091
# xvar: q
# yvar: (I,I_err)
# xlabel: q [1 / AA]
# ylabel: I(q)
# xlimits: 0 0.151561
# variables: q I I_err N
0.0007578035702 4.953659259e+14 9.127786859e+13 44 
0.002273410711 4.023819047e+14 4.294259225e+13 122 
0.003789017851 5.042538061e+14 3.96703315e+13 238 
0.005304624991 4.076375673e+14 2.789734747e+13 300 
0.006820232132 3.451692696e+14 2.18356058e+13 363 
0.008335839272 3.40006758e+14 2.001338745e+13 420 
0.009851446413 3.288972987e+14 1.664051243e+13 560 
0.01136705355 3.141409349e+14 1.526168343e+13 640 
0.01288266069 2.551684607e+14 1.210180249e+13 689 
0.01439826783 2.41329136e+14 1.099585412e+13 751 
0.01591387497 2.417617395e+14 9.633466818e+12 936 
0.01742948211 2.14108012e+14 8.153381152e+12 1006 
0.01894508925 1.86349538e+14 6.867759028e+12 1085 
0.0204606964 1.678751821e+14 6.004244471e+12 1123 
0.02197630354 1.463822399e+14 5.123485401e+12 1152 
0.02349191068 1.499720374e+14 4.943958999e+12 1323 
0.02500751782 1.301124622e+14 4.265063722e+12 1324 
0.02652312496 1.295970998e+14 3.953937631e+12 1492 
0.0280387321 1.212916357e+14 3.591714078e+12 1555 
0.02955433924 1.153832717e+14 3.245370641e+12 1695 
0.03106994638 1.05982278e+14 3.042466528e+12 1691 
0.03258555352 9.577190781e+13 2.685260133e+12 1734 
0.03410116066 9.048342401e+13 2.429762501e+12 1873 
0.0356167678 8.332315611e+13 2.237121531e+12 1865 
0.03713237494 8.410245702e+13 2.163628662e+12 2054 
0.03864798208 7.779292018e+13 1.982486996e+12 2103 
0.04016358922 7.334573868e+13 1.838251338e+12 2177 
0.04167919636 7.112805432e+13 1.712317605e+12 2335 
0.0431948035 6.371005237e+13 1.557319747e+12 2251 
0.04471041064 6.269223877e+13 1.489201792e+12 2404 
0.04622601778 6.137093725e+13 1.419624556e+12 2552 
0.04774162492 5.80468737e+13 1.308933194e+12 2645 
0.04925723206 5.309556444e+13 1.191871432e+12 2662 
0.0507728392 5.257539632e+13 1.155213534e+12 2815 
0.05228844634 4.948261424e+13 1.070387582e+12 2873 
0.05380405348 4.634570962e+13 9.995721893e+11 2921 
0.05531966062 4.399746855e+13 9.152351084e+11 3067 
0.05683526776 4.315752158e+13 8.906340649e+11 3165 
0.05835087491 4.100772916e+13 8.335154873e+11 3227 
0.05986648205 3.856028395e+13 7.815031523e+11 3283 
0.06138208919 3.73806493e+13 7.460772262e+11 3388 
0.06289769633 3.471771604e+13 6.935928186e+11 3379 
0.06441330347 3.25470423e+13 6.444079425e+11 3406 
0.06592891061 3.116898068e+13 6.069607801e+11 3530 
0.06744451775 2.92866273e+13 5.703922474e+11 3531 
0.06896012489 2.895818885e+13 5.461038206e+11 3738 
0.07047573203 2.584358932e+13 4.962542701e+11 3625 
0.07199133917 2.574023835e+13 4.812168155e+11 3820 
0.07350694631 2.295728532e+13 4.355126132e+11 3688 
0.07502255345 2.275085129e+13 4.225698409e+11 3857 
0.07653816059 2.132738731e+13 3.927667131e+11 3893 
0.07805376773 1.97339159e+13 3.661040355e+11 3854 
0.07956937487 1.905968284e+13 3.486534085e+11 3972 
0.08108498201 1.708388054e+13 3.16279677e+11 3871 
0.08260058915 1.585635172e+13 2.936182862e+11 3841 
0.08411619629 1.531241477e+13 2.793693993e+11 3936 
0.08563180343 1.407759505e+13 2.563879637e+11 3964 
0.08714741057 1.367207091e+13 2.457657965e+11 4033 
0.08866301771 1.298173672e+13 2.305985869e+11 4111 
0.09017862485 1.144918554e+13 2.103834422e+11 3865 
0.09169423199 1.103562896e+13 2.017713222e+11 3946 
0.09320983913 9.754612385e+12 1.813381174e+11 3752 
0.09472544627 9.787881979e+12 1.758276081e+11 4009 
0.09624105341 8.82296897e+12 1.605555465e+11 3884 
0.09775666056 7.808594607e+12 1.459328014e+11 3697 
0.0992722677 7.566426081e+12 1.377742198e+11 3864 
0.1007878748 6.854124673e+12 1.279236643e+11 3721 
0.102303482 6.030102541e+12 1.142205318e+11 3572 
0.1038190891 5.764257884e+12 1.079411863e+11 3655 
0.1053346963 5.315289288e+12 1.002915704e+11 3598 
0.1068503034 4.797899766e+12 9.207036357e+10 3509 
0.1083659105 4.402295775e+12 8.518805292e+10 3439 
0.1098815177 4.044618826e+12 7.776183267e+10 3467 
0.1113971248 3.66894689e+12 7.134418008e+10 3383 
0.112912732 3.275771551e+12 6.476042703e+10 3267 
0.1144283391 3.028513245e+12 6.004434135e+10 3274 
0.1159439462 2.643195856e+12 5.314982598e+10 3170 
0.1174595534 2.421024729e+12 4.891053028e+10 3129 
0.1189751605 2.221478772e+12 4.572935386e+10 3072 
0.1204907677 1.988803724e+12 4.104980763e+10 3055 
0.1220063748 1.783410502e+12 3.742105994e+10 2974 
0.1235219819 1.563625083e+12 3.361452592e+10 2855 
0.1250375891 1.367007593e+12 2.993700437e+10 2742 
0.1265531962 1.222165745e+12 2.702868688e+10 2682 
0.1280688034 1.067891037e+12 2.380221853e+10 2652 
0.1295844105 9.845156906e+11 2.212430331e+10 2643 
0.1311000176 8.538079607e+11 1.966180608e+10 2521 
0.1326156248 7.271320437e+11 1.733267736e+10 2416 
0.1341312319 6.535213055e+11 1.561542646e+10 2436 
0.1356468391 5.380991535e+11 1.321432114e+10 2339 
0.1371624462 4.660072307e+11 1.166227145e+10 2229 
0.1386780533 3.96322149e+11 1.046966672e+10 2060 
0.1401936605 3.610464903e+11 9329469997 2167 
0.1417092676 3.142396088e+11 8264406147 2114 
0.1432248748 2.493253493e+11 7017124413 1905 
0.1447404819 2.316114327e+11 6468988832 1999 
0.146256089 1.731861436e+11 5107079666 1774 
0.1477716962 1.563696831e+11 4724174894 1776 
0.1492873033 1.259537906e+11 3822934512 1747 
0.1508029105 1.146111139e+11 3508284436 1780 
