# Format: McCode with text headers
# URL: http://www.mccode.org
# Creator:  3.8.5, git
# Instrument: eqsans_sans.instr
# Ncount: 10000000
# Trace: no
# Gravitation: no
# Seed: 1790174709934165
# Directory: /Users/georgeyumnam/WORK/PANRAID/PaNRAID-results/Group2/panraidproject/scan_sans_nosample/x-11_y+02
# Param: gx=-0.011
# Param: gy=0.002
# Param: sample_on=0
# Param: R_sphere=100
# Param: Phi=0.01
# Param: bs_radius=0
# Param: samp_ap=0.01
# Date: Wed Sep 23 16:45:45 2026 (1790174745)
# type: array_1d(100)
# Source: EQ_SANS_sample (eqsans_sans.instr)
# component: qmon
# position: 0 0 22.281
# title: QMonitor - Radially averaged distribution
# Ncount: 10000000
# filename: rdet.dat
# statistics: X0=0.0207435; dX=0.0159254;
# signal: Min=0; Max=2.17782e+10; Mean=1.25325e+09;
# values: 1.25325e+11 2.6654e+09 6296
# xvar: r
# yvar: (I,I_err)
# xlabel: Radius [m]
# ylabel: I(r)
# xlimits: 0 0.5
# variables: r I I_err N
0.0025 1.882373719e+10 1963268144 92 
0.0075 2.177815825e+10 1212737213 323 
0.0125 1.737714241e+10 828991477.4 441 
0.0175 1.449919878e+10 631756988.6 530 
0.0225 1.118094557e+10 480438666.7 547 
0.0275 8775806885 375783109.5 554 
0.0325 7689328545 319314872.8 593 
0.0375 7180210688 281936549.7 667 
0.0425 5840105146 232642477.7 651 
0.0475 4555919151 191942565.4 587 
0.0525 3200023307 150749406.9 471 
0.0575 2112904762 114844454.9 357 
0.0625 1289528550 84722142.61 245 
0.0675 651607657.7 56945463.59 138 
0.0725 252457040.9 31723322.56 65 
0.0775 92331497.51 18289910.74 26 
0.0825 25739753.59 8657958.227 9 
0.0875 0 0 0 
0.0925 0 0 0 
0.0975 0 0 0 
0.1025 0 0 0 
0.1075 0 0 0 
0.1125 0 0 0 
0.1175 0 0 0 
0.1225 0 0 0 
0.1275 0 0 0 
0.1325 0 0 0 
0.1375 0 0 0 
0.1425 0 0 0 
0.1475 0 0 0 
0.1525 0 0 0 
0.1575 0 0 0 
0.1625 0 0 0 
0.1675 0 0 0 
0.1725 0 0 0 
0.1775 0 0 0 
0.1825 0 0 0 
0.1875 0 0 0 
0.1925 0 0 0 
0.1975 0 0 0 
0.2025 0 0 0 
0.2075 0 0 0 
0.2125 0 0 0 
0.2175 0 0 0 
0.2225 0 0 0 
0.2275 0 0 0 
0.2325 0 0 0 
0.2375 0 0 0 
0.2425 0 0 0 
0.2475 0 0 0 
0.2525 0 0 0 
0.2575 0 0 0 
0.2625 0 0 0 
0.2675 0 0 0 
0.2725 0 0 0 
0.2775 0 0 0 
0.2825 0 0 0 
0.2875 0 0 0 
0.2925 0 0 0 
0.2975 0 0 0 
0.3025 0 0 0 
0.3075 0 0 0 
0.3125 0 0 0 
0.3175 0 0 0 
0.3225 0 0 0 
0.3275 0 0 0 
0.3325 0 0 0 
0.3375 0 0 0 
0.3425 0 0 0 
0.3475 0 0 0 
0.3525 0 0 0 
0.3575 0 0 0 
0.3625 0 0 0 
0.3675 0 0 0 
0.3725 0 0 0 
0.3775 0 0 0 
0.3825 0 0 0 
0.3875 0 0 0 
0.3925 0 0 0 
0.3975 0 0 0 
0.4025 0 0 0 
0.4075 0 0 0 
0.4125 0 0 0 
0.4175 0 0 0 
0.4225 0 0 0 
0.4275 0 0 0 
0.4325 0 0 0 
0.4375 0 0 0 
0.4425 0 0 0 
0.4475 0 0 0 
0.4525 0 0 0 
0.4575 0 0 0 
0.4625 0 0 0 
0.4675 0 0 0 
0.4725 0 0 0 
0.4775 0 0 0 
0.4825 0 0 0 
0.4875 0 0 0 
0.4925 0 0 0 
0.4975 0 0 0 
