# Format: McCode with text headers
# URL: http://www.mccode.org
# Creator:  3.8.5, git
# Instrument: eqsans_sans.instr
# Ncount: 10000000
# Trace: no
# Gravitation: no
# Seed: 1790183260849912
# Directory: /Users/georgeyumnam/WORK/PANRAID/PaNRAID-results/Group2/panraidproject/scan_sans_sample/x+04_y-20
# Param: gx=0.004
# Param: gy=-0.02
# Param: sample_on=1
# Param: R_sphere=100
# Param: Phi=0.01
# Param: bs_radius=0
# Param: samp_ap=0.01
# Date: Wed Sep 23 19:08:15 2026 (1790183295)
# type: array_1d(120)
# Source: EQ_SANS_sample (eqsans_sans.instr)
# component: lambda_det
# position: 0 0 22.28
# title: Wavelength monitor
# Ncount: 10000000
# filename: lambda_det.dat
# statistics: X0=4.1834; dX=1.00324;
# signal: Min=0; Max=9926.58; Mean=921.198;
# values: 110544 8175.09 3291
# xvar: L
# yvar: (I,I_err)
# xlabel: Wavelength [AA]
# ylabel: Intensity
# xlimits: 0 12
# variables: L I I_err N
0.05 0 0 0 
0.15 0 0 0 
0.25 0 0 0 
0.35 0 0 0 
0.45 0 0 0 
0.55 0 0 0 
0.65 0 0 0 
0.75 0 0 0 
0.85 0 0 0 
0.95 0 0 0 
1.05 0 0 0 
1.15 0 0 0 
1.25 0 0 0 
1.35 0 0 0 
1.45 0 0 0 
1.55 0 0 0 
1.65 0 0 0 
1.75 0 0 0 
1.85 0 0 0 
1.95 0 0 0 
2.05 0 0 0 
2.15 0 0 0 
2.25 0.07391384067 0.07391384067 1 
2.35 0.09205612133 0.06611630209 2 
2.45 380.2136915 416.3982234 5 
2.55 216.8266155 216.6934331 15 
2.65 181.7101854 170.3708748 28 
2.75 1392.124084 903.2387293 78 
2.85 1837.561349 695.4373441 158 
2.95 4476.279705 1578.573933 232 
3.05 3409.717148 1177.111788 190 
3.15 9926.578053 2981.265208 196 
3.25 3725.248211 1323.368907 176 
3.35 4088.830509 1693.895034 179 
3.45 5884.33888 2042.811902 144 
3.55 3733.937421 1275.293186 143 
3.65 4137.089809 1704.224848 115 
3.75 6872.629189 2354.497794 136 
3.85 4810.049624 1632.38462 131 
3.95 2058.933925 1215.048757 108 
4.05 3599.065289 1548.239885 94 
4.15 4180.913905 1606.366155 92 
4.25 2605.67474 1118.844255 82 
4.35 2451.121045 1277.267899 83 
4.45 974.4047029 664.4092092 81 
4.55 2993.992768 1172.718384 71 
4.65 3315.148724 1277.99179 66 
4.75 2541.105225 1058.682086 68 
4.85 2166.331897 773.0353792 77 
4.95 3403.435133 1459.6349 54 
5.05 1285.02277 638.0258712 64 
5.15 4241.057179 1809.577641 55 
5.25 2373.243318 1392.833736 36 
5.35 739.0747811 491.6822198 47 
5.45 480.1086064 304.7988068 40 
5.55 1837.051839 961.8148466 34 
5.65 3300.181294 1625.580695 27 
5.75 2774.611905 1393.226125 30 
5.85 187.4944038 79.29796988 30 
5.95 96.3906793 30.35018341 23 
6.05 1271.635729 809.2025925 20 
6.15 1741.194147 882.8255828 22 
6.25 1301.543268 772.4784415 15 
6.35 1326.62647 695.6998485 19 
6.45 1659.941992 1008.27991 15 
6.55 557.5140492 500.7705354 7 
6.65 7.612787417 8.907961667 2 
6.75 0 0 0 
6.85 0 0 0 
6.95 0 0 0 
7.05 0 0 0 
7.15 0 0 0 
7.25 0 0 0 
7.35 0 0 0 
7.45 0 0 0 
7.55 0 0 0 
7.65 0 0 0 
7.75 0 0 0 
7.85 0 0 0 
7.95 0 0 0 
8.05 0 0 0 
8.15 0 0 0 
8.25 0 0 0 
8.35 0 0 0 
8.45 0 0 0 
8.55 0 0 0 
8.65 0 0 0 
8.75 0 0 0 
8.85 0 0 0 
8.95 0 0 0 
9.05 0 0 0 
9.15 0 0 0 
9.25 0 0 0 
9.35 0 0 0 
9.45 0 0 0 
9.55 0 0 0 
9.65 0 0 0 
9.75 0 0 0 
9.85 0 0 0 
9.95 0 0 0 
10.05 0 0 0 
10.15 0 0 0 
10.25 0 0 0 
10.35 0 0 0 
10.45 0 0 0 
10.55 0 0 0 
10.65 0 0 0 
10.75 0 0 0 
10.85 0 0 0 
10.95 0 0 0 
11.05 0 0 0 
11.15 0 0 0 
11.25 0 0 0 
11.35 0 0 0 
11.45 0 0 0 
11.55 0 0 0 
11.65 0 0 0 
11.75 0 0 0 
11.85 0 0 0 
11.95 0 0 0 
