# Format: McCode with text headers
# URL: http://www.mccode.org
# Creator:  3.8.5, git
# Instrument: eqsans_cylinder.instr
# Ncount: 5000000
# Trace: no
# Gravitation: no
# Seed: 1790195209050320
# Directory: /Users/georgeyumnam/WORK/PANRAID/PaNRAID-results/Group2/panraidproject/dataset_cylinder/cyl_001391
# Param: gx=0
# Param: gy=0
# Param: sample_on=1
# Param: bs_radius=0
# Param: samp_ap=0.01
# Param: sld=2.23781
# Param: sld_solvent=1
# Param: radius=160.261
# Param: length=534.07
# Param: pd_radius=0.035673
# Param: pd_length=0.279439
# Param: model_scale=1
# Param: model_abs=0
# Date: Wed Sep 23 22:27:06 2026 (1790195226)
# type: array_1d(100)
# Source: EQ_SANS_cylinder (eqsans_cylinder.instr)
# component: qmon
# position: 0 0 22.281
# title: QMonitor - Distribution in q (Radially averaged)
# Ncount: 5000000
# filename: qdet.dat
# statistics: X0=0.00718676; dX=0.00599824;
# signal: Min=1.44306e+11; Max=5.99101e+16; Mean=3.95996e+15;
# values: 3.95996e+17 1.6237e+16 253289
# xvar: q
# yvar: (I,I_err)
# xlabel: q [1 / AA]
# ylabel: I(q)
# xlimits: 0 0.151561
# variables: q I I_err N
0.0007578035702 5.220917834e+16 1.148927613e+16 40 
0.002273410711 5.991013845e+16 8.555833734e+15 124 
0.003789017851 4.551731891e+16 4.527947153e+15 199 
0.005304624991 4.405103989e+16 3.542432615e+15 286 
0.006820232132 3.892154505e+16 2.992693841e+15 357 
0.008335839272 3.506414976e+16 2.631381144e+15 470 
0.009851446413 3.063872936e+16 2.171729623e+15 559 
0.01136705355 2.300231471e+16 1.764912876e+15 596 
0.01288266069 1.883424378e+16 1.26420478e+15 693 
0.01439826783 1.277220903e+16 8.696131839e+14 758 
0.01591387497 9.896894372e+15 8.261965545e+14 849 
0.01742948211 6.923413391e+15 5.913712013e+14 899 
0.01894508925 5.379230748e+15 3.926418237e+14 1035 
0.0204606964 3.742136652e+15 3.252670552e+14 1097 
0.02197630354 2.545547254e+15 2.082877673e+14 1231 
0.02349191068 1.548444262e+15 1.328722048e+14 1262 
0.02500751782 1.127215192e+15 1.069838137e+14 1360 
0.02652312496 8.485024309e+14 8.01834539e+13 1450 
0.0280387321 5.336301912e+14 4.27286996e+13 1526 
0.02955433924 3.682134893e+14 2.148443624e+13 1621 
0.03106994638 3.276111279e+14 1.743606807e+13 1763 
0.03258555352 2.501900256e+14 8.261093887e+12 1792 
0.03410116066 2.279893221e+14 7.543078926e+12 1868 
0.0356167678 1.945248654e+14 6.56100155e+12 1955 
0.03713237494 1.677622653e+14 5.365854328e+12 1996 
0.03864798208 1.329423937e+14 4.414921096e+12 2048 
0.04016358922 1.115034133e+14 3.830718316e+12 2127 
0.04167919636 9.491064938e+13 3.350585262e+12 2307 
0.0431948035 6.972066326e+13 2.490356274e+12 2269 
0.04471041064 5.484280338e+13 1.886316582e+12 2437 
0.04622601778 5.023981479e+13 1.781821232e+12 2515 
0.04774162492 4.619767299e+13 1.422121338e+12 2654 
0.04925723206 3.920019951e+13 1.170969134e+12 2621 
0.0507728392 3.737035476e+13 1.040313082e+12 2760 
0.05228844634 3.459692997e+13 8.893108248e+11 2811 
0.05380405348 3.177762697e+13 7.593942256e+11 2936 
0.05531966062 3.121805034e+13 7.466970883e+11 3160 
0.05683526776 2.563519954e+13 6.473025274e+11 3048 
0.05835087491 2.256607607e+13 5.638356377e+11 3202 
0.05986648205 1.898173859e+13 4.979194261e+11 3195 
0.06138208919 1.672466191e+13 4.312858561e+11 3376 
0.06289769633 1.442279695e+13 3.824371133e+11 3399 
0.06441330347 1.213964246e+13 3.234644431e+11 3368 
0.06592891061 1.129514425e+13 2.7920739e+11 3558 
0.06744451775 1.037824643e+13 2.540726657e+11 3492 
0.06896012489 9.479134804e+12 2.180366132e+11 3531 
0.07047573203 9.66814519e+12 2.153664323e+11 3574 
0.07199133917 8.8271707e+12 1.930907034e+11 3598 
0.07350694631 8.526208757e+12 1.807645687e+11 3740 
0.07502255345 7.859152329e+12 1.664801724e+11 3732 
0.07653816059 6.95870916e+12 1.508398146e+11 3727 
0.07805376773 6.310450201e+12 1.389876351e+11 3800 
0.07956937487 5.570746318e+12 1.238955438e+11 3838 
0.08108498201 4.933466569e+12 1.112819973e+11 3866 
0.08260058915 4.442459127e+12 9.949658866e+10 3920 
0.08411619629 3.930777634e+12 8.86591619e+10 3843 
0.08563180343 3.628192594e+12 8.010946161e+10 3908 
0.08714741057 3.500054487e+12 7.429790589e+10 3954 
0.08866301771 3.36230555e+12 7.177802458e+10 3878 
0.09017862485 3.232344634e+12 6.728954833e+10 3828 
0.09169423199 3.039105122e+12 6.23216387e+10 3857 
0.09320983913 2.936213459e+12 6.031661987e+10 3894 
0.09472544627 2.642447808e+12 5.546758695e+10 3864 
0.09624105341 2.34980552e+12 5.04383348e+10 3691 
0.09775666056 2.121825709e+12 4.677042882e+10 3653 
0.0992722677 1.950660318e+12 4.262730248e+10 3677 
0.1007878748 1.734876861e+12 3.849486224e+10 3564 
0.102303482 1.599482614e+12 3.484526027e+10 3661 
0.1038190891 1.497875949e+12 3.342769523e+10 3492 
0.1053346963 1.348177509e+12 2.921291758e+10 3531 
0.1068503034 1.303860911e+12 2.853624123e+10 3417 
0.1083659105 1.182106513e+12 2.616306059e+10 3345 
0.1098815177 1.157300297e+12 2.513728477e+10 3368 
0.1113971248 1.078454689e+12 2.333370051e+10 3336 
0.112912732 1.033134021e+12 2.265525653e+10 3315 
0.1144283391 9.487603327e+11 2.146759194e+10 3150 
0.1159439462 8.476409452e+11 1.938907273e+10 3046 
0.1174595534 7.827387186e+11 1.810968537e+10 3008 
0.1189751605 7.11494678e+11 1.676061124e+10 2957 
0.1204907677 6.588336883e+11 1.545388723e+10 2939 
0.1220063748 6.24851645e+11 1.475570855e+10 2917 
0.1235219819 5.390128647e+11 1.320619423e+10 2732 
0.1250375891 5.101199915e+11 1.236404325e+10 2740 
0.1265531962 4.83520213e+11 1.164107561e+10 2653 
0.1280688034 4.321753099e+11 1.089809733e+10 2559 
0.1295844105 4.108308107e+11 1.027352434e+10 2500 
0.1311000176 4.039449408e+11 9861099711 2562 
0.1326156248 3.527391402e+11 9038155347 2302 
0.1341312319 3.217118292e+11 8524411989 2212 
0.1356468391 3.13444945e+11 8193480430 2285 
0.1371624462 2.774188878e+11 7464140077 2131 
0.1386780533 2.790079921e+11 7405115222 2219 
0.1401936605 2.339809946e+11 6364687406 2115 
0.1417092676 2.180729275e+11 6123340809 2003 
0.1432248748 1.947717677e+11 5643576702 1879 
0.1447404819 1.941654514e+11 5540065343 1889 
0.146256089 1.789428925e+11 5175342770 1828 
0.1477716962 1.636569719e+11 4760511546 1755 
0.1492873033 1.661806424e+11 4721942718 1823 
0.1508029105 1.443064921e+11 4446029345 1614 
