# Format: McCode with text headers
# URL: http://www.mccode.org
# Creator:  3.8.5, git
# Instrument: eqsans_cylinder.instr
# Ncount: 5000000
# Trace: no
# Gravitation: no
# Seed: 1790194655545059
# Directory: /Users/georgeyumnam/WORK/PANRAID/PaNRAID-results/Group2/panraidproject/dataset_cylinder/cyl_001081
# Param: gx=0
# Param: gy=0
# Param: sample_on=1
# Param: bs_radius=0
# Param: samp_ap=0.01
# Param: sld=0.904927
# Param: sld_solvent=1
# Param: radius=179.638
# Param: length=862.127
# Param: pd_radius=0.178822
# Param: pd_length=0.254378
# Param: model_scale=1
# Param: model_abs=0
# Date: Wed Sep 23 22:17:53 2026 (1790194673)
# type: array_1d(100)
# Source: EQ_SANS_cylinder (eqsans_cylinder.instr)
# component: qmon
# position: 0 0 22.281
# title: QMonitor - Distribution in q (Radially averaged)
# Ncount: 5000000
# filename: qdet.dat
# statistics: X0=0.00639366; dX=0.00537502;
# signal: Min=1.46901e+09; Max=1.08263e+15; Mean=6.422e+13;
# values: 6.422e+15 3.85562e+14 254646
# xvar: q
# yvar: (I,I_err)
# xlabel: q [1 / AA]
# ylabel: I(q)
# xlimits: 0 0.151561
# variables: q I I_err N
0.0007578035702 1.082630964e+15 3.328151331e+14 42 
0.002273410711 8.678648262e+14 1.147766118e+14 112 
0.003789017851 8.521915082e+14 9.114103084e+13 200 
0.005304624991 8.001742486e+14 8.843164371e+13 282 
0.006820232132 7.177071555e+14 6.894815649e+13 390 
0.008335839272 5.850373282e+14 5.166332838e+13 466 
0.009851446413 3.661768535e+14 3.475366954e+13 502 
0.01136705355 3.403694376e+14 3.089491613e+13 639 
0.01288266069 2.352655303e+14 2.205013373e+13 676 
0.01439826783 1.674753892e+14 1.418050481e+13 732 
0.01591387497 1.323333545e+14 1.447920996e+13 855 
0.01742948211 9.097323024e+13 1.124137319e+13 962 
0.01894508925 5.262742452e+13 5.931245673e+12 1040 
0.0204606964 4.411387689e+13 4.992875069e+12 1119 
0.02197630354 2.050856325e+13 2.393225651e+12 1152 
0.02349191068 1.574841792e+13 2.310218258e+12 1277 
0.02500751782 1.074212773e+13 1.00248243e+12 1402 
0.02652312496 8.458679911e+12 7.821920887e+11 1438 
0.0280387321 5.264288554e+12 2.943300033e+11 1510 
0.02955433924 4.272264632e+12 2.392731011e+11 1600 
0.03106994638 3.54493893e+12 1.812927721e+11 1684 
0.03258555352 3.053109196e+12 1.454384459e+11 1810 
0.03410116066 2.189285152e+12 9.072180852e+10 1832 
0.0356167678 1.904874083e+12 7.025283805e+10 2024 
0.03713237494 1.354943116e+12 5.376200809e+10 1918 
0.03864798208 1.327480856e+12 4.821146877e+10 2182 
0.04016358922 1.068865282e+12 3.843189235e+10 2173 
0.04167919636 8.15160491e+11 2.786662431e+10 2210 
0.0431948035 7.384656036e+11 2.589695748e+10 2264 
0.04471041064 6.329908607e+11 2.019530009e+10 2372 
0.04622601778 5.956047484e+11 1.847673377e+10 2543 
0.04774162492 4.900948065e+11 1.555309271e+10 2566 
0.04925723206 4.33279667e+11 1.27691145e+10 2729 
0.0507728392 3.913092783e+11 1.157023333e+10 2806 
0.05228844634 3.254781251e+11 9251736618 2767 
0.05380405348 3.026113799e+11 8147316429 2983 
0.05531966062 2.718602582e+11 7367228830 3003 
0.05683526776 2.345131382e+11 6556198367 3047 
0.05835087491 2.113319457e+11 5879711163 3090 
0.05986648205 1.892789284e+11 4873172894 3246 
0.06138208919 1.734798816e+11 4257733561 3321 
0.06289769633 1.546630042e+11 3800967076 3438 
0.06441330347 1.417354879e+11 3479968720 3498 
0.06592891061 1.281511804e+11 3165612138 3469 
0.06744451775 1.117561387e+11 2675744843 3527 
0.06896012489 1.024993696e+11 2486341696 3566 
0.07047573203 9.091206868e+10 2202057871 3509 
0.07199133917 8.645031071e+10 2042952419 3698 
0.07350694631 7.688652539e+10 1765664317 3676 
0.07502255345 7.410820765e+10 1711402257 3776 
0.07653816059 6.657163424e+10 1550167343 3761 
0.07805376773 6.111118531e+10 1413442464 3764 
0.07956937487 5.617747006e+10 1275789346 3808 
0.08108498201 5.195327086e+10 1161344966 3890 
0.08260058915 4.935910977e+10 1108674778 3942 
0.08411619629 4.423400169e+10 976990180.8 3883 
0.08563180343 4.120347361e+10 902079143.9 3992 
0.08714741057 3.847676482e+10 851540729 3992 
0.08866301771 3.377924445e+10 740690338.4 3843 
0.09017862485 3.17389144e+10 702732570.2 3922 
0.09169423199 2.846702756e+10 632153208 3807 
0.09320983913 2.65178496e+10 589562633.2 3757 
0.09472544627 2.56442166e+10 561270894.4 3910 
0.09624105341 2.336022762e+10 511873416 3876 
0.09775666056 2.109442947e+10 472249277.1 3784 
0.0992722677 1.95498571e+10 435811689.5 3630 
0.1007878748 1.803010289e+10 404931869 3621 
0.102303482 1.660650469e+10 369295977.9 3625 
0.1038190891 1.586070584e+10 354553131.6 3584 
0.1053346963 1.490302884e+10 333959271.8 3552 
0.1068503034 1.369568136e+10 306246940.6 3580 
0.1083659105 1.259855914e+10 281554083.7 3501 
0.1098815177 1.149717953e+10 260628299.3 3436 
0.1113971248 1.058289995e+10 248279721.1 3243 
0.112912732 9747450610 225979154.8 3208 
0.1144283391 9219740291 214281928.5 3228 
0.1159439462 8593597980 200433823.8 3167 
0.1174595534 7845310434 184464988 3074 
0.1189751605 7182856011 171133933.7 2983 
0.1204907677 6755732712 161699183.4 2980 
0.1220063748 6404628842 154313183.8 2949 
0.1235219819 6161208367 150080390.5 2936 
0.1250375891 5263188429 131074205.8 2705 
0.1265531962 4976224602 123713363.7 2684 
0.1280688034 4447336971 113906934.8 2536 
0.1295844105 4274461595 109390572.4 2575 
0.1311000176 3942087331 102824208.8 2491 
0.1326156248 3640773460 96234178.13 2439 
0.1341312319 3462863427 91534389.79 2373 
0.1356468391 3142284476 84031059.12 2312 
0.1371624462 2872268607 79177476.02 2159 
0.1386780533 2522986883 70942624.46 2095 
0.1401936605 2369796344 67438403.61 2033 
0.1417092676 2280262721 64891149.13 2033 
0.1432248748 2039676427 58982241.06 1924 
0.1447404819 1887283548 54857613.04 1855 
0.146256089 1763000789 53549613.46 1788 
0.1477716962 1740316706 51299470.87 1849 
0.1492873033 1536157305 47109620.45 1736 
0.1508029105 1469008047 45308342.05 1708 
