# Format: McCode with text headers
# URL: http://www.mccode.org
# Creator:  3.8.5, git
# Instrument: eqsans_cylinder.instr
# Ncount: 5000000
# Trace: no
# Gravitation: no
# Seed: 1790194655545059
# Directory: /Users/georgeyumnam/WORK/PANRAID/PaNRAID-results/Group2/panraidproject/dataset_cylinder/cyl_001081
# Param: gx=0
# Param: gy=0
# Param: sample_on=1
# Param: bs_radius=0
# Param: samp_ap=0.01
# Param: sld=0.904927
# Param: sld_solvent=1
# Param: radius=179.638
# Param: length=862.127
# Param: pd_radius=0.178822
# Param: pd_length=0.254378
# Param: model_scale=1
# Param: model_abs=0
# Date: Wed Sep 23 22:17:53 2026 (1790194673)
# type: array_1d(100)
# Source: EQ_SANS_cylinder (eqsans_cylinder.instr)
# component: qmon
# position: 0 0 22.281
# title: QMonitor - Radially averaged distribution
# Ncount: 5000000
# filename: rdet.dat
# statistics: X0=0.0325779; dX=0.0287778;
# signal: Min=9.15575e+09; Max=4.00168e+14; Mean=2.72983e+13;
# values: 2.72983e+15 2.48733e+14 160145
# xvar: r
# yvar: (I,I_err)
# xlabel: Radius [m]
# ylabel: I(r)
# xlimits: 0 0.5
# variables: r I I_err N
0.0025 4.001683933e+14 2.359206397e+14 16 
0.0075 2.336072515e+14 5.587944008e+13 44 
0.0125 2.566480047e+14 4.0369771e+13 81 
0.0175 1.875532785e+14 2.97589011e+13 93 
0.0225 1.862156524e+14 2.797413115e+13 130 
0.0275 2.538266809e+14 3.075422842e+13 204 
0.0325 1.860475805e+14 2.171625533e+13 230 
0.0375 1.353330995e+14 1.627677623e+13 220 
0.0425 1.715310474e+14 2.029768357e+13 267 
0.0475 1.344767181e+14 1.421551669e+13 325 
0.0525 1.047213537e+14 1.13222709e+13 340 
0.0575 7.921731876e+13 8.126108362e+12 343 
0.0625 8.460791613e+13 8.837304609e+12 412 
0.0675 6.312124446e+13 7.183309992e+12 426 
0.0725 5.198032015e+13 5.953156422e+12 427 
0.0775 3.863929423e+13 4.165395103e+12 457 
0.0825 3.12695057e+13 4.08077937e+12 522 
0.0875 2.695635221e+13 2.633234716e+12 583 
0.0925 2.36457817e+13 2.855551157e+12 596 
0.0975 1.51738499e+13 1.644131958e+12 602 
0.1025 1.023081535e+13 9.615311478e+11 645 
0.1075 1.122573464e+13 1.349543851e+12 677 
0.1125 7.853580093e+12 9.032427102e+11 695 
0.1175 5.199637085e+12 4.57370943e+11 761 
0.1225 4.242328795e+12 3.759263957e+11 796 
0.1275 3.720225426e+12 3.430277284e+11 825 
0.1325 3.345346652e+12 3.208627877e+11 832 
0.1375 2.65298764e+12 2.843917064e+11 885 
0.1425 2.259469794e+12 2.664604738e+11 914 
0.1475 1.397477948e+12 1.005359004e+11 946 
0.1525 1.279152647e+12 1.286732285e+11 966 
0.1575 1.319569767e+12 1.371732576e+11 1003 
0.1625 1.051888095e+12 7.22747289e+10 1070 
0.1675 9.034668678e+11 6.517618862e+10 1056 
0.1725 8.596139114e+11 5.703871482e+10 1098 
0.1775 6.375483231e+11 3.667542914e+10 1160 
0.1825 5.932070856e+11 3.222172557e+10 1206 
0.1875 5.76776163e+11 3.370670103e+10 1251 
0.1925 4.44694056e+11 2.371216391e+10 1198 
0.1975 4.439404258e+11 2.462117895e+10 1274 
0.2025 3.717288821e+11 2.032457654e+10 1268 
0.2075 3.290261903e+11 1.62335101e+10 1327 
0.2125 3.291217654e+11 1.847139123e+10 1359 
0.2175 3.087695467e+11 1.714374205e+10 1424 
0.2225 2.709936218e+11 1.436691648e+10 1445 
0.2275 2.557367972e+11 1.41308816e+10 1462 
0.2325 2.168234743e+11 1.001848063e+10 1531 
0.2375 1.90256807e+11 9417674654 1486 
0.2425 1.700596589e+11 8416586458 1499 
0.2475 1.715736028e+11 8532559009 1568 
0.2525 1.413451841e+11 6674377702 1544 
0.2575 1.510247109e+11 7247600522 1678 
0.2625 1.263688513e+11 6031080473 1660 
0.2675 1.298282933e+11 6026266144 1730 
0.2725 1.106581466e+11 5013462632 1772 
0.2775 1.000267008e+11 4534770024 1716 
0.2825 9.672215785e+10 4479126832 1805 
0.2875 8.568110833e+10 3702151323 1781 
0.2925 8.066162188e+10 3487337473 1888 
0.2975 7.662782458e+10 3292021402 1864 
0.3025 7.163714703e+10 2906945896 2042 
0.3075 6.745338231e+10 2815267854 1955 
0.3125 5.82270914e+10 2499136849 2004 
0.3175 5.9134351e+10 2457886592 2100 
0.3225 5.439895274e+10 2175980411 2096 
0.3275 5.152450817e+10 2168192277 2130 
0.3325 4.612801055e+10 1874120143 2087 
0.3375 4.652820721e+10 1921808154 2115 
0.3425 4.504443234e+10 1722164848 2266 
0.3475 4.084528207e+10 1631079509 2219 
0.3525 3.517111158e+10 1398722969 2198 
0.3575 3.588703231e+10 1329892738 2327 
0.3625 3.388880917e+10 1251237290 2310 
0.3675 3.47098928e+10 1339411194 2336 
0.3725 2.865792561e+10 1120537009 2414 
0.3775 2.890198644e+10 1103841708 2369 
0.3825 2.786422312e+10 1058692353 2452 
0.3875 2.585055802e+10 979353520.7 2448 
0.3925 2.450141349e+10 942598345.7 2524 
0.3975 2.303174257e+10 823385706.8 2579 
0.4025 2.259568381e+10 828903942.8 2571 
0.4075 2.173132102e+10 808312934.4 2555 
0.4125 2.066587966e+10 750432703 2660 
0.4175 1.963450655e+10 737876828 2639 
0.4225 1.883283738e+10 666653037.4 2738 
0.4275 1.721877365e+10 591421914.9 2820 
0.4325 1.612842499e+10 546743075.8 2767 
0.4375 1.57925291e+10 565021483.4 2737 
0.4425 1.567888493e+10 541744607.3 2896 
0.4475 1.388833764e+10 468495884.9 2800 
0.4525 1.42967894e+10 484203672.1 2957 
0.4575 1.212000242e+10 403145252.9 2913 
0.4625 1.240218349e+10 402887563 2988 
0.4675 1.217016553e+10 415086342.7 3023 
0.4725 1.134941533e+10 380476930.1 3044 
0.4775 1.142269807e+10 384350040.5 3002 
0.4825 1.08982736e+10 354361471.2 3146 
0.4875 9928254059 329932279.3 3086 
0.4925 9875799881 319491725.6 3312 
0.4975 9155754787 302415649.1 3137 
