# Format: McCode with text headers
# URL: http://www.mccode.org
# Creator:  3.8.5, git
# Instrument: eqsans_sans.instr
# Ncount: 10000000
# Trace: no
# Gravitation: no
# Seed: 1790175607797285
# Directory: /Users/georgeyumnam/WORK/PANRAID/PaNRAID-results/Group2/panraidproject/scan_sans_nosample/x-05_y+10
# Param: gx=-0.005
# Param: gy=0.01
# Param: sample_on=0
# Param: R_sphere=100
# Param: Phi=0.01
# Param: bs_radius=0
# Param: samp_ap=0.01
# Date: Wed Sep 23 17:00:44 2026 (1790175644)
# type: array_1d(100)
# Source: EQ_SANS_sample (eqsans_sans.instr)
# component: qmon
# position: 0 0 22.281
# title: QMonitor - Radially averaged distribution
# Ncount: 10000000
# filename: rdet.dat
# statistics: X0=0.0204948; dX=0.016169;
# signal: Min=0; Max=2.04814e+10; Mean=1.10785e+09;
# values: 1.10785e+11 2.60525e+09 5545
# xvar: r
# yvar: (I,I_err)
# xlabel: Radius [m]
# ylabel: I(r)
# xlimits: 0 0.5
# variables: r I I_err N
0.0025 2.048138264e+10 2038863806 101 
0.0075 1.634168744e+10 1047384146 244 
0.0125 1.508318691e+10 769356833.6 386 
0.0175 1.271965229e+10 587245158.1 472 
0.0225 9551313961 439533367.4 477 
0.0275 7546592332 347496815.3 478 
0.0325 6576316616 294142280.8 509 
0.0375 6075437308 259241065.4 563 
0.0425 5604672727 230893614.6 608 
0.0475 4185102374 185951020.5 525 
0.0525 2686673490 138344741.2 394 
0.0575 1820868395 105158620.6 315 
0.0625 1208965048 78881744.54 247 
0.0675 559048419.8 50853400.66 128 
0.0725 235395639.7 30630780.67 62 
0.0775 93652759.69 17322680.81 30 
0.0825 15390827.46 6308386.443 6 
0.0875 0 0 0 
0.0925 0 0 0 
0.0975 0 0 0 
0.1025 0 0 0 
0.1075 0 0 0 
0.1125 0 0 0 
0.1175 0 0 0 
0.1225 0 0 0 
0.1275 0 0 0 
0.1325 0 0 0 
0.1375 0 0 0 
0.1425 0 0 0 
0.1475 0 0 0 
0.1525 0 0 0 
0.1575 0 0 0 
0.1625 0 0 0 
0.1675 0 0 0 
0.1725 0 0 0 
0.1775 0 0 0 
0.1825 0 0 0 
0.1875 0 0 0 
0.1925 0 0 0 
0.1975 0 0 0 
0.2025 0 0 0 
0.2075 0 0 0 
0.2125 0 0 0 
0.2175 0 0 0 
0.2225 0 0 0 
0.2275 0 0 0 
0.2325 0 0 0 
0.2375 0 0 0 
0.2425 0 0 0 
0.2475 0 0 0 
0.2525 0 0 0 
0.2575 0 0 0 
0.2625 0 0 0 
0.2675 0 0 0 
0.2725 0 0 0 
0.2775 0 0 0 
0.2825 0 0 0 
0.2875 0 0 0 
0.2925 0 0 0 
0.2975 0 0 0 
0.3025 0 0 0 
0.3075 0 0 0 
0.3125 0 0 0 
0.3175 0 0 0 
0.3225 0 0 0 
0.3275 0 0 0 
0.3325 0 0 0 
0.3375 0 0 0 
0.3425 0 0 0 
0.3475 0 0 0 
0.3525 0 0 0 
0.3575 0 0 0 
0.3625 0 0 0 
0.3675 0 0 0 
0.3725 0 0 0 
0.3775 0 0 0 
0.3825 0 0 0 
0.3875 0 0 0 
0.3925 0 0 0 
0.3975 0 0 0 
0.4025 0 0 0 
0.4075 0 0 0 
0.4125 0 0 0 
0.4175 0 0 0 
0.4225 0 0 0 
0.4275 0 0 0 
0.4325 0 0 0 
0.4375 0 0 0 
0.4425 0 0 0 
0.4475 0 0 0 
0.4525 0 0 0 
0.4575 0 0 0 
0.4625 0 0 0 
0.4675 0 0 0 
0.4725 0 0 0 
0.4775 0 0 0 
0.4825 0 0 0 
0.4875 0 0 0 
0.4925 0 0 0 
0.4975 0 0 0 
