# Format: McCode with text headers
# URL: http://www.mccode.org
# Creator:  3.8.5, git
# Instrument: eqsans_cylinder.instr
# Ncount: 5000000
# Trace: no
# Gravitation: no
# Seed: 1790192858112315
# Directory: /Users/georgeyumnam/WORK/PANRAID/PaNRAID-results/Group2/panraidproject/dataset_cylinder/cyl_000085
# Param: gx=0
# Param: gy=0
# Param: sample_on=1
# Param: bs_radius=0
# Param: samp_ap=0.01
# Param: sld=6.3289
# Param: sld_solvent=1
# Param: radius=183.344
# Param: length=263.42
# Param: pd_radius=0.079721
# Param: pd_length=0.209686
# Param: model_scale=1
# Param: model_abs=0
# Date: Wed Sep 23 21:47:56 2026 (1790192876)
# type: array_1d(120)
# Source: EQ_SANS_cylinder (eqsans_cylinder.instr)
# component: lambda_det
# position: 0 0 22.28
# title: Wavelength monitor
# Ncount: 5000000
# filename: lambda_det.dat
# statistics: X0=4.38552; dX=1.04693;
# signal: Min=0; Max=5.18182e+12; Mean=1.03359e+12;
# values: 1.2403e+14 2.13581e+12 289241
# xvar: L
# yvar: (I,I_err)
# xlabel: Wavelength [AA]
# ylabel: Intensity
# xlimits: 0 12
# variables: L I I_err N
0.05 0 0 0 
0.15 0 0 0 
0.25 0 0 0 
0.35 0 0 0 
0.45 0 0 0 
0.55 0 0 0 
0.65 0 0 0 
0.75 0 0 0 
0.85 0 0 0 
0.95 0 0 0 
1.05 0 0 0 
1.15 0 0 0 
1.25 0 0 0 
1.35 0 0 0 
1.45 0 0 0 
1.55 0 0 0 
1.65 0 0 0 
1.75 0 0 0 
1.85 0 0 0 
1.95 0 0 0 
2.05 0 0 0 
2.15 537659384.1 442317099.8 50 
2.25 935429208.2 408457471.2 150 
2.35 959355549.2 444573809.8 100 
2.45 7.874729985e+10 4.505693795e+10 600 
2.55 2.02362869e+11 1.136523743e+11 1050 
2.65 5.003232308e+11 1.208187403e+11 2800 
2.75 1.347303331e+12 1.898326645e+11 8250 
2.85 2.668702045e+12 2.948988691e+11 13499 
2.95 4.698044033e+12 4.528199035e+11 17699 
3.05 4.042036703e+12 3.620232495e+11 17750 
3.15 5.181819435e+12 4.365245562e+11 17000 
3.25 4.569448331e+12 3.980227864e+11 16050 
3.35 4.456879582e+12 4.305840679e+11 13199 
3.45 3.864252753e+12 3.529396055e+11 13600 
3.55 4.207687063e+12 3.831531776e+11 12849 
3.65 4.602180652e+12 3.888095205e+11 13049 
3.75 4.222690451e+12 4.340143571e+11 10850 
3.85 3.0598757e+12 3.037941973e+11 9749 
3.95 4.502518126e+12 4.11392402e+11 10350 
4.05 4.008447624e+12 3.974278508e+11 9400 
4.15 3.181224075e+12 3.048181827e+11 8249 
4.25 3.650828951e+12 3.458754025e+11 7750 
4.35 2.926318233e+12 2.981444504e+11 6550 
4.45 4.093805548e+12 3.846127093e+11 7899 
4.55 3.390767228e+12 3.735674658e+11 5700 
4.65 3.003212123e+12 3.207815285e+11 5850 
4.75 3.651814822e+12 3.855145156e+11 5600 
4.85 3.184391377e+12 3.623803953e+11 5000 
4.95 4.049165872e+12 4.307468033e+11 5700 
5.05 2.772043e+12 3.097909487e+11 4200 
5.15 2.771307557e+12 3.117382008e+11 4200 
5.25 3.098048425e+12 3.45618011e+11 4199 
5.35 3.1908805e+12 3.147929888e+11 4150 
5.45 2.181064444e+12 2.890962272e+11 2600 
5.55 2.429674547e+12 2.982376608e+11 3000 
5.65 2.56125236e+12 2.964466783e+11 3250 
5.75 1.87130384e+12 2.609390289e+11 2150 
5.85 2.362218314e+12 3.076251986e+11 2350 
5.95 1.821068343e+12 2.268274351e+11 2450 
6.05 1.85565612e+12 2.676688522e+11 1900 
6.15 2.395426898e+12 3.25903903e+11 1950 
6.25 2.445091529e+12 3.087247108e+11 2250 
6.35 2.777449674e+12 3.545873332e+11 2100 
6.45 1.258388862e+12 2.036856364e+11 1300 
6.55 8.920955594e+11 1.586423134e+11 850 
6.65 0 0 0 
6.75 0 0 0 
6.85 0 0 0 
6.95 0 0 0 
7.05 0 0 0 
7.15 0 0 0 
7.25 0 0 0 
7.35 0 0 0 
7.45 0 0 0 
7.55 0 0 0 
7.65 0 0 0 
7.75 0 0 0 
7.85 0 0 0 
7.95 0 0 0 
8.05 0 0 0 
8.15 0 0 0 
8.25 0 0 0 
8.35 0 0 0 
8.45 0 0 0 
8.55 0 0 0 
8.65 0 0 0 
8.75 0 0 0 
8.85 0 0 0 
8.95 0 0 0 
9.05 0 0 0 
9.15 0 0 0 
9.25 0 0 0 
9.35 0 0 0 
9.45 0 0 0 
9.55 0 0 0 
9.65 0 0 0 
9.75 0 0 0 
9.85 0 0 0 
9.95 0 0 0 
10.05 0 0 0 
10.15 0 0 0 
10.25 0 0 0 
10.35 0 0 0 
10.45 0 0 0 
10.55 0 0 0 
10.65 0 0 0 
10.75 0 0 0 
10.85 0 0 0 
10.95 0 0 0 
11.05 0 0 0 
11.15 0 0 0 
11.25 0 0 0 
11.35 0 0 0 
11.45 0 0 0 
11.55 0 0 0 
11.65 0 0 0 
11.75 0 0 0 
11.85 0 0 0 
11.95 0 0 0 
