# Format: McCode with text headers
# URL: http://www.mccode.org
# Creator:  3.8.5, git
# Instrument: eqsans_sans.instr
# Ncount: 10000000
# Trace: no
# Gravitation: no
# Seed: 1790184172777903
# Directory: /Users/georgeyumnam/WORK/PANRAID/PaNRAID-results/Group2/panraidproject/scan_sans_sample/x+10_y-03
# Param: gx=0.01
# Param: gy=-0.003
# Param: sample_on=1
# Param: R_sphere=100
# Param: Phi=0.01
# Param: bs_radius=0
# Param: samp_ap=0.01
# Date: Wed Sep 23 19:23:27 2026 (1790184207)
# type: array_1d(120)
# Source: EQ_SANS_sample (eqsans_sans.instr)
# component: lambda_det
# position: 0 0 22.28
# title: Wavelength monitor
# Ncount: 10000000
# filename: lambda_det.dat
# statistics: X0=4.34809; dX=1.04521;
# signal: Min=0; Max=10728.9; Mean=1786.78;
# values: 214413 11820.7 5827
# xvar: L
# yvar: (I,I_err)
# xlabel: Wavelength [AA]
# ylabel: Intensity
# xlimits: 0 12
# variables: L I I_err N
0.05 0 0 0 
0.15 0 0 0 
0.25 0 0 0 
0.35 0 0 0 
0.45 0 0 0 
0.55 0 0 0 
0.65 0 0 0 
0.75 0 0 0 
0.85 0 0 0 
0.95 0 0 0 
1.05 0 0 0 
1.15 0 0 0 
1.25 0 0 0 
1.35 0 0 0 
1.45 0 0 0 
1.55 0 0 0 
1.65 0 0 0 
1.75 0 0 0 
1.85 0 0 0 
1.95 0 0 0 
2.05 0 0 0 
2.15 0.1294409084 0.1294409084 1 
2.25 36.71101338 42.27005258 3 
2.35 0 0 0 
2.45 135.5775755 134.2073286 10 
2.55 464.3066301 372.1458572 28 
2.65 1723.470092 1301.673582 42 
2.75 1795.47682 1043.523096 129 
2.85 7159.680039 2415.339359 241 
2.95 5307.079526 1778.571512 364 
3.05 10728.91273 2853.524634 397 
3.15 10466.23548 2496.216022 330 
3.25 5283.310602 1798.227749 307 
3.35 8891.767753 2657.99296 302 
3.45 7788.536755 2282.494516 273 
3.55 6187.943462 2009.169117 255 
3.65 3673.019975 1078.692086 234 
3.75 8678.724154 2497.012693 233 
3.85 6499.839435 1845.387835 213 
3.95 9078.320631 2809.055665 220 
4.05 3957.251269 1609.46183 166 
4.15 5666.13176 1917.742491 175 
4.25 5679.927368 1767.639066 177 
4.35 3668.945908 1505.939598 140 
4.45 9598.573145 2745.536651 146 
4.55 6079.494669 1841.412718 126 
4.65 5582.518701 1758.901928 124 
4.75 7917.161714 2342.932217 111 
4.85 7346.598612 2068.488912 96 
4.95 3555.176967 1548.509806 89 
5.05 3970.706652 1553.932054 79 
5.15 5836.918373 1848.849399 87 
5.25 5841.912866 1861.499291 88 
5.35 3124.925992 1281.24567 70 
5.45 6562.509307 2158.49972 61 
5.55 4320.074488 1805.810503 66 
5.65 5201.916332 1846.226391 60 
5.75 3808.567315 1435.544841 61 
5.85 1715.456343 661.9725597 53 
5.95 1953.063847 944.6778657 43 
6.05 4355.784609 1709.650508 54 
6.15 2260.23426 1009.145448 41 
6.25 5969.65787 2027.964225 44 
6.35 1523.140711 806.7921241 39 
6.45 3362.600925 1802.200033 27 
6.55 1291.908899 906.8521504 15 
6.65 363.1529308 250.3796938 7 
6.75 0 0 0 
6.85 0 0 0 
6.95 0 0 0 
7.05 0 0 0 
7.15 0 0 0 
7.25 0 0 0 
7.35 0 0 0 
7.45 0 0 0 
7.55 0 0 0 
7.65 0 0 0 
7.75 0 0 0 
7.85 0 0 0 
7.95 0 0 0 
8.05 0 0 0 
8.15 0 0 0 
8.25 0 0 0 
8.35 0 0 0 
8.45 0 0 0 
8.55 0 0 0 
8.65 0 0 0 
8.75 0 0 0 
8.85 0 0 0 
8.95 0 0 0 
9.05 0 0 0 
9.15 0 0 0 
9.25 0 0 0 
9.35 0 0 0 
9.45 0 0 0 
9.55 0 0 0 
9.65 0 0 0 
9.75 0 0 0 
9.85 0 0 0 
9.95 0 0 0 
10.05 0 0 0 
10.15 0 0 0 
10.25 0 0 0 
10.35 0 0 0 
10.45 0 0 0 
10.55 0 0 0 
10.65 0 0 0 
10.75 0 0 0 
10.85 0 0 0 
10.95 0 0 0 
11.05 0 0 0 
11.15 0 0 0 
11.25 0 0 0 
11.35 0 0 0 
11.45 0 0 0 
11.55 0 0 0 
11.65 0 0 0 
11.75 0 0 0 
11.85 0 0 0 
11.95 0 0 0 
