# Format: McCode with text headers
# URL: http://www.mccode.org
# Creator:  3.8.5, git
# Instrument: eqsans_cylinder.instr
# Ncount: 5000000
# Trace: no
# Gravitation: no
# Seed: 1790195084428031
# Directory: /Users/georgeyumnam/WORK/PANRAID/PaNRAID-results/Group2/panraidproject/dataset_cylinder/cyl_001322
# Param: gx=0
# Param: gy=0
# Param: sample_on=1
# Param: bs_radius=0
# Param: samp_ap=0.01
# Param: sld=2.99794
# Param: sld_solvent=1
# Param: radius=23.7301
# Param: length=334.765
# Param: pd_radius=0.273713
# Param: pd_length=0.071782
# Param: model_scale=1
# Param: model_abs=0
# Date: Wed Sep 23 22:25:02 2026 (1790195102)
# type: array_1d(100)
# Source: EQ_SANS_cylinder (eqsans_cylinder.instr)
# component: qmon
# position: 0 0 22.281
# title: QMonitor - Distribution in q (Radially averaged)
# Ncount: 5000000
# filename: qdet.dat
# statistics: X0=0.0216238; dX=0.0205272;
# signal: Min=2.5325e+10; Max=7.18348e+13; Mean=1.01469e+13;
# values: 1.01469e+15 2.27901e+13 262459
# xvar: q
# yvar: (I,I_err)
# xlabel: q [1 / AA]
# ylabel: I(q)
# xlimits: 0 0.151561
# variables: q I I_err N
0.0007578035702 7.183484453e+13 1.748529666e+13 37 
0.002273410711 5.420085658e+13 7.947694727e+12 102 
0.003789017851 5.078392844e+13 6.158455956e+12 184 
0.005304624991 5.823610935e+13 5.327201423e+12 280 
0.006820232132 5.305303826e+13 4.62373419e+12 379 
0.008335839272 5.073671083e+13 4.059679664e+12 448 
0.009851446413 4.534755753e+13 3.040573866e+12 565 
0.01136705355 4.585592046e+13 3.076754324e+12 636 
0.01288266069 4.174217382e+13 2.619297179e+12 718 
0.01439826783 3.461060607e+13 2.269983906e+12 757 
0.01591387497 3.295730101e+13 1.894177053e+12 878 
0.01742948211 3.272029538e+13 1.99454907e+12 977 
0.01894508925 3.403733639e+13 1.90984559e+12 1092 
0.0204606964 2.615335727e+13 1.277730436e+12 1096 
0.02197630354 2.637802658e+13 1.274294396e+12 1216 
0.02349191068 2.178001957e+13 1.024813812e+12 1241 
0.02500751782 2.105718197e+13 9.080003371e+11 1368 
0.02652312496 2.023244854e+13 8.539670806e+11 1457 
0.0280387321 1.951430338e+13 8.214139931e+11 1569 
0.02955433924 1.868670352e+13 7.117865739e+11 1733 
0.03106994638 1.663681068e+13 6.65156031e+11 1703 
0.03258555352 1.466642434e+13 5.438033949e+11 1774 
0.03410116066 1.492178978e+13 5.290594686e+11 1920 
0.0356167678 1.355822651e+13 4.691751537e+11 1960 
0.03713237494 1.297002892e+13 4.345086297e+11 2073 
0.03864798208 1.225505467e+13 4.154377332e+11 2207 
0.04016358922 1.121000964e+13 3.686370267e+11 2234 
0.04167919636 1.048638151e+13 3.331119096e+11 2270 
0.0431948035 9.9499442e+12 3.078017372e+11 2391 
0.04471041064 9.467305985e+12 2.824761937e+11 2524 
0.04622601778 8.821984341e+12 2.706703896e+11 2548 
0.04774162492 8.454039646e+12 2.406610427e+11 2647 
0.04925723206 7.847988423e+12 2.205491737e+11 2775 
0.0507728392 7.321135929e+12 1.981093875e+11 2877 
0.05228844634 7.103539744e+12 1.899528671e+11 2941 
0.05380405348 6.928311499e+12 1.820481506e+11 3086 
0.05531966062 5.926753396e+12 1.504704316e+11 3095 
0.05683526776 5.664584411e+12 1.470821783e+11 3157 
0.05835087491 5.458628029e+12 1.342819916e+11 3243 
0.05986648205 4.938972505e+12 1.217927402e+11 3282 
0.06138208919 4.417600727e+12 1.043546822e+11 3348 
0.06289769633 4.241425769e+12 9.953165895e+10 3476 
0.06441330347 3.901340747e+12 8.986883669e+10 3489 
0.06592891061 3.770203183e+12 8.788235523e+10 3535 
0.06744451775 3.510918475e+12 7.839933833e+10 3638 
0.06896012489 3.315043485e+12 7.385812707e+10 3709 
0.07047573203 3.150177132e+12 6.841424335e+10 3791 
0.07199133917 2.739045679e+12 5.902436127e+10 3700 
0.07350694631 2.590473236e+12 5.497758211e+10 3819 
0.07502255345 2.330172049e+12 4.903533353e+10 3836 
0.07653816059 2.301767522e+12 4.73547945e+10 3943 
0.07805376773 1.992397887e+12 4.054433928e+10 3876 
0.07956937487 1.857344476e+12 3.790385736e+10 3887 
0.08108498201 1.742806248e+12 3.536268974e+10 3961 
0.08260058915 1.654494798e+12 3.282449336e+10 4133 
0.08411619629 1.476476635e+12 3.002069072e+10 3907 
0.08563180343 1.405703932e+12 2.772541087e+10 4059 
0.08714741057 1.214576186e+12 2.425608392e+10 3954 
0.08866301771 1.149073551e+12 2.248301544e+10 4042 
0.09017862485 1.049433993e+12 2.079188817e+10 4001 
0.09169423199 9.707233955e+11 1.899017375e+10 3985 
0.09320983913 8.83428711e+11 1.738808009e+10 3936 
0.09472544627 7.931288353e+11 1.564022137e+10 3921 
0.09624105341 7.452395409e+11 1.448531091e+10 3937 
0.09775666056 6.560245807e+11 1.291508896e+10 3819 
0.0992722677 5.89099701e+11 1.184246751e+10 3704 
0.1007878748 5.550803909e+11 1.084986441e+10 3851 
0.102303482 5.007934283e+11 9964398346 3760 
0.1038190891 4.521898928e+11 8995205483 3670 
0.1053346963 4.298225113e+11 8510831238 3847 
0.1068503034 3.8175143e+11 7733788912 3642 
0.1083659105 3.379464624e+11 6968911770 3498 
0.1098815177 3.003720552e+11 6187497359 3465 
0.1113971248 2.775872611e+11 5845827359 3355 
0.112912732 2.496620479e+11 5316854718 3267 
0.1144283391 2.290780326e+11 4869928710 3329 
0.1159439462 2.097706791e+11 4440677587 3343 
0.1174595534 1.815090212e+11 3956161461 3189 
0.1189751605 1.694034141e+11 3759220953 3134 
0.1204907677 1.503191543e+11 3400378549 2963 
0.1220063748 1.402710979e+11 3195167331 2979 
0.1235219819 1.233656675e+11 2850370506 2924 
0.1250375891 1.167803134e+11 2739189504 2871 
0.1265531962 9.785597518e+10 2368724983 2664 
0.1280688034 9.285682213e+10 2263919261 2691 
0.1295844105 8.761711705e+10 2113435203 2778 
0.1311000176 7.807131765e+10 1943318888 2623 
0.1326156248 7.129951824e+10 1779044161 2585 
0.1341312319 6.37826665e+10 1664383831 2448 
0.1356468391 5.571784376e+10 1504241883 2313 
0.1371624462 5.302763726e+10 1441797490 2261 
0.1386780533 4.8156912e+10 1329467387 2218 
0.1401936605 4.552186704e+10 1258371768 2216 
0.1417092676 4.386083866e+10 1219049485 2189 
0.1432248748 3.795374006e+10 1097955304 2049 
0.1447404819 3.658219782e+10 1075481877 2055 
0.146256089 3.219051212e+10 978062804.2 1926 
0.1477716962 2.936220673e+10 896476279.8 1889 
0.1492873033 2.899223858e+10 878908002.4 1890 
0.1508029105 2.532496074e+10 828319310.4 1731 
