# Format: McCode with text headers
# URL: http://www.mccode.org
# Creator:  3.8.5, git
# Instrument: eqsans_sans.instr
# Ncount: 10000000
# Trace: no
# Gravitation: no
# Seed: 1790182101869543
# Directory: /Users/georgeyumnam/WORK/PANRAID/PaNRAID-results/Group2/panraidproject/scan_sans_sample/x-05_y+17
# Param: gx=-0.005
# Param: gy=0.017
# Param: sample_on=1
# Param: R_sphere=100
# Param: Phi=0.01
# Param: bs_radius=0
# Param: samp_ap=0.01
# Date: Wed Sep 23 18:48:55 2026 (1790182135)
# type: array_1d(100)
# Source: EQ_SANS_sample (eqsans_sans.instr)
# component: qmon
# position: 0 0 22.281
# title: QMonitor - Distribution in q (Radially averaged)
# Ncount: 10000000
# filename: qdet.dat
# statistics: X0=0.0128722; dX=0.0100498;
# signal: Min=1539.52; Max=2.55307e+08; Mean=2.24803e+07;
# values: 2.24803e+09 3.47727e+08 3252
# xvar: q
# yvar: (I,I_err)
# xlabel: q [1 / AA]
# ylabel: I(q)
# xlimits: 0 0.151561
# variables: q I I_err N
0.0007578035702 255307236.5 255307236.5 1 
0.002273410711 130957690.2 130957690.2 1 
0.003789017851 58215760.48 44388604.83 2 
0.005304624991 185721173.6 98924659.95 4 
0.006820232132 178880124.9 97233014.7 4 
0.008335839272 86426924.91 48507839.85 4 
0.009851446413 100808627.5 44903346.19 6 
0.01136705355 218228604.5 69821133.45 13 
0.01288266069 140609132.5 49680981.43 11 
0.01439826783 125299706.2 38406712.87 12 
0.01591387497 70002280.28 25082699.82 10 
0.01742948211 90951818.61 28414504.94 14 
0.01894508925 125634665.9 39238626.43 18 
0.0204606964 83342899.75 24322779.18 16 
0.02197630354 71115018.04 26871040.89 13 
0.02349191068 67945030 21646379.48 17 
0.02500751782 48741349.74 13389372.43 20 
0.02652312496 45262520.1 13304359.16 16 
0.0280387321 31662779.28 9721982.108 20 
0.02955433924 33762643.04 8991345.412 25 
0.03106994638 18161263 5372749.92 20 
0.03258555352 21032049.25 6911932.752 28 
0.03410116066 14651538.46 4413756.906 30 
0.0356167678 7043997.946 2376186.89 19 
0.03713237494 7690396.351 2333796.506 26 
0.03864798208 2618711.388 866530.2447 22 
0.04016358922 4043426.041 2903887.672 25 
0.04167919636 2021553.776 787849.0341 34 
0.0431948035 1613203.331 753836.3572 26 
0.04471041064 1403356.796 628365.9006 30 
0.04622601778 1067518.691 328760.7716 38 
0.04774162492 1199723.576 428009.5524 35 
0.04925723206 876189.7836 237756.115 36 
0.0507728392 1020114.437 345859.9548 31 
0.05228844634 1195153.683 238555.4757 43 
0.05380405348 934990.6918 202985.9837 36 
0.05531966062 1034769.499 193321.8556 39 
0.05683526776 1093439.916 183441.6312 44 
0.05835087491 999579.2157 205538.7159 40 
0.05986648205 972026.651 172039.293 43 
0.06138208919 988400.9738 169039.6261 48 
0.06289769633 1030655.504 185584.0993 48 
0.06441330347 719370.2807 138736.3627 44 
0.06592891061 791711.4265 158618.7079 44 
0.06744451775 630340.2614 125430.6178 46 
0.06896012489 556272.1244 134955.6042 40 
0.07047573203 368147.277 88842.9736 38 
0.07199133917 187673.36 55189.02543 39 
0.07350694631 202555.5384 65448.2481 44 
0.07502255345 193443.2337 47179.23866 56 
0.07653816059 132788.9385 32694.23771 61 
0.07805376773 43602.75122 11521.90901 40 
0.07956937487 71051.0528 15757.76206 43 
0.08108498201 81965.17971 18420.17092 44 
0.08260058915 115377.49 22466.44753 48 
0.08411619629 128582.0827 22656.24108 54 
0.08563180343 141436.2289 24553.50333 50 
0.08714741057 209411.4671 34254.12216 56 
0.08866301771 180063.7432 29888.23107 52 
0.09017862485 151224.8185 23692.22006 53 
0.09169423199 144102.6055 24916.22585 45 
0.09320983913 206734.2784 31063.43972 62 
0.09472544627 120391.7541 20288.10825 50 
0.09624105341 117257.8838 22672.42488 42 
0.09775666056 75441.36421 14625.72865 39 
0.0992722677 109436.6784 20634.38011 55 
0.1007878748 78007.28192 18191.28646 41 
0.102303482 69165.63023 13217.68564 50 
0.1038190891 46528.23943 10715.10537 43 
0.1053346963 49692.97153 10728.98308 55 
0.1068503034 27856.87807 7697.789649 44 
0.1083659105 15005.57531 4094.293242 38 
0.1098815177 19123.15917 4914.35426 36 
0.1113971248 25254.08492 5448.153115 49 
0.112912732 19933.69186 4807.536563 29 
0.1144283391 16914.54387 3483.282918 41 
0.1159439462 22887.65367 4776.189993 36 
0.1174595534 17836.08289 4435.156716 29 
0.1189751605 35192.17173 6264.608897 48 
0.1204907677 32037.24853 6311.167073 37 
0.1220063748 30799.10654 5918.420624 35 
0.1235219819 39342.90195 6920.334775 39 
0.1250375891 37410.83021 6658.522508 39 
0.1265531962 31505.30827 6185.565875 36 
0.1280688034 36838.29848 6533.410688 40 
0.1295844105 22919.84488 4861.366647 34 
0.1311000176 16444.01617 3571.151717 34 
0.1326156248 21634.76168 4935.117603 39 
0.1341312319 12868.35879 3196.365345 28 
0.1356468391 12907.85496 3652.6159 29 
0.1371624462 11115.92875 2992.957073 26 
0.1386780533 4331.851517 1302.062343 24 
0.1401936605 1539.518048 863.1933814 10 
0.1417092676 3693.176998 1105.519495 24 
0.1432248748 5054.381012 1563.101002 23 
0.1447404819 6051.467706 1431.654374 29 
0.146256089 4541.77817 1408.38778 17 
0.1477716962 5565.595956 1311.538128 31 
0.1492873033 4624.155301 1345.226934 16 
0.1508029105 3788.851076 1496.105839 10 
