# Format: McCode with text headers
# URL: http://www.mccode.org
# Creator:  3.8.5, git
# Instrument: eqsans_sans.instr
# Ncount: 10000000
# Trace: no
# Gravitation: no
# Seed: 1790184411813819
# Directory: /Users/georgeyumnam/WORK/PANRAID/PaNRAID-results/Group2/panraidproject/scan_sans_sample/x+11_y+20
# Param: gx=0.011
# Param: gy=0.02
# Param: sample_on=1
# Param: R_sphere=100
# Param: Phi=0.01
# Param: bs_radius=0
# Param: samp_ap=0.01
# Date: Wed Sep 23 19:27:26 2026 (1790184446)
# type: array_1d(100)
# Source: EQ_SANS_sample (eqsans_sans.instr)
# component: qmon
# position: 0 0 22.281
# title: QMonitor - Distribution in q (Radially averaged)
# Ncount: 10000000
# filename: qdet.dat
# statistics: X0=0.0144662; dX=0.00954488;
# signal: Min=0; Max=1.79909e+08; Mean=1.24479e+07;
# values: 1.24479e+09 1.9105e+08 2109
# xvar: q
# yvar: (I,I_err)
# xlabel: q [1 / AA]
# ylabel: I(q)
# xlimits: 0 0.151561
# variables: q I I_err N
0.0007578035702 0 0 0 
0.002273410711 132496336.9 132496336.9 1 
0.003789017851 95994825.6 73119631.59 2 
0.005304624991 0 0 0 
0.006820232132 56289634.28 28332319.95 4 
0.008335839272 9504732.179 9504732.179 1 
0.009851446413 108738575.2 43988509.95 7 
0.01136705355 179908602.4 71016585.9 9 
0.01288266069 78983165.21 36268266.88 6 
0.01439826783 59214773.98 32040317.43 4 
0.01591387497 85798342.77 34680901.19 10 
0.01742948211 81425407.98 32699302.26 8 
0.01894508925 72738719.13 27404426.7 11 
0.0204606964 46517740.75 15384818.81 11 
0.02197630354 42647976.68 17299986.15 10 
0.02349191068 40171785.68 12877592.24 14 
0.02500751782 32683752.68 11913509.59 12 
0.02652312496 35602257.07 12117484.92 13 
0.0280387321 11478270.8 4721638.798 10 
0.02955433924 14310508.03 5965384.967 11 
0.03106994638 15575896.81 5545011.185 15 
0.03258555352 12562377.57 6131583.944 12 
0.03410116066 8434231.635 2989088.765 15 
0.0356167678 4225616.175 1569554.884 13 
0.03713237494 3444216.456 1211918.385 20 
0.03864798208 1358214.964 627229.9217 13 
0.04016358922 1601167.871 551482.3611 19 
0.04167919636 370951.1075 154539.2947 17 
0.0431948035 743044.3538 282721.9621 17 
0.04471041064 649095.0891 326256.5173 17 
0.04622601778 342172.1534 102903.8373 23 
0.04774162492 285093.9844 93547.61142 20 
0.04925723206 500801.6706 127419.3442 25 
0.0507728392 495968.6386 139871.0308 23 
0.05228844634 651675.7643 151406.3648 29 
0.05380405348 527363.9866 129292.2853 24 
0.05531966062 757345.7059 197612.6032 22 
0.05683526776 636573.3952 152069.2933 22 
0.05835087491 666550.3103 139700.8171 29 
0.05986648205 642169.9493 155724.4778 24 
0.06138208919 699778.516 154050.4527 27 
0.06289769633 635668.7663 156247.2138 25 
0.06441330347 610640.5098 127202.5952 31 
0.06592891061 572505.3451 137329.1391 30 
0.06744451775 533191.5316 136780.7003 30 
0.06896012489 266938.7672 73067.76615 30 
0.07047573203 208214.1756 64535.85941 23 
0.07199133917 200783.743 54131.36241 35 
0.07350694631 91276.54365 36035.83734 32 
0.07502255345 108119.5596 56241.91368 26 
0.07653816059 61699.90355 16090.84564 32 
0.07805376773 41717.93869 11047.02266 27 
0.07956937487 56027.88769 13821.8313 38 
0.08108498201 53667.32219 13970.48837 29 
0.08260058915 104837.0437 22204.87509 40 
0.08411619629 59959.03191 13926.38526 26 
0.08563180343 96863.86276 23094.30719 23 
0.08714741057 125484.4403 25605.47906 35 
0.08866301771 123554.6019 24038.91903 35 
0.09017862485 88135.29563 18806.6962 29 
0.09169423199 136067.1633 26145.72528 36 
0.09320983913 48953.77773 14516.06636 17 
0.09472544627 91892.66646 19458.72919 30 
0.09624105341 108164.4697 22222.10297 33 
0.09775666056 87424.18263 18356.55988 35 
0.0992722677 63564.24869 13240.47215 37 
0.1007878748 55447.53442 14636.5458 23 
0.102303482 31558.21663 8513.646061 27 
0.1038190891 37288.82601 10187.57332 30 
0.1053346963 23368.2762 6152.426106 35 
0.1068503034 26795.32335 8019.404508 29 
0.1083659105 15274.33179 4789.922741 24 
0.1098815177 12631.15436 4238.304604 25 
0.1113971248 17920.3338 4953.277676 39 
0.112912732 10129.45867 2709.994822 27 
0.1144283391 23735.98331 4991.145893 35 
0.1159439462 26589.10179 5786.094176 34 
0.1174595534 17608.64886 4198.003826 24 
0.1189751605 27001.19201 5836.502994 29 
0.1204907677 20674.67183 4706.472902 28 
0.1220063748 16885.92685 4200.154315 18 
0.1235219819 33057.83304 6023.587999 34 
0.1250375891 20270.02624 4847.144777 23 
0.1265531962 17396.26664 4062.562375 23 
0.1280688034 22007.76555 5092.649256 26 
0.1295844105 17409.44852 4858.039995 19 
0.1311000176 10672.40282 3460.485788 15 
0.1326156248 8477.939935 2796.576598 20 
0.1341312319 14697.44719 4123.900647 21 
0.1356468391 6875.10339 2637.752104 21 
0.1371624462 4423.490273 1605.735709 18 
0.1386780533 2512.890002 1419.017447 11 
0.1401936605 3676.863406 1373.073123 17 
0.1417092676 2997.583556 1018.935022 15 
0.1432248748 2660.495261 941.5661213 15 
0.1447404819 1284.304247 738.1325483 6 
0.146256089 2234.93833 767.1461069 19 
0.1477716962 3266.809298 1120.776781 13 
0.1492873033 3590.2066 1066.332226 17 
0.1508029105 3210.274534 1176.5772 15 
