# Format: McCode with text headers
# URL: http://www.mccode.org
# Creator:  3.8.5, git
# Instrument: eqsans_sans.instr
# Ncount: 10000000
# Trace: no
# Gravitation: no
# Seed: 1790179773182576
# Directory: /Users/georgeyumnam/WORK/PANRAID/PaNRAID-results/Group2/panraidproject/scan_sans_nosample/x+20_y+09
# Param: gx=0.02
# Param: gy=0.009
# Param: sample_on=0
# Param: R_sphere=100
# Param: Phi=0.01
# Param: bs_radius=0
# Param: samp_ap=0.01
# Date: Wed Sep 23 18:10:08 2026 (1790179808)
# type: array_1d(120)
# Source: EQ_SANS_sample (eqsans_sans.instr)
# component: lambda_det
# position: 0 0 22.28
# title: Wavelength monitor
# Ncount: 10000000
# filename: lambda_det.dat
# statistics: X0=3.9262; dX=0.90006;
# signal: Min=0; Max=127333; Mean=15846.2;
# values: 1.90155e+06 38993.2 2441
# xvar: L
# yvar: (I,I_err)
# xlabel: Wavelength [AA]
# ylabel: Intensity
# xlimits: 0 12
# variables: L I I_err N
0.05 0 0 0 
0.15 0 0 0 
0.25 0 0 0 
0.35 0 0 0 
0.45 0 0 0 
0.55 0 0 0 
0.65 0 0 0 
0.75 0 0 0 
0.85 0 0 0 
0.95 0 0 0 
1.05 0 0 0 
1.15 0 0 0 
1.25 0 0 0 
1.35 0 0 0 
1.45 0 0 0 
1.55 0 0 0 
1.65 0 0 0 
1.75 0 0 0 
1.85 0 0 0 
1.95 0 0 0 
2.05 0 0 0 
2.15 0 0 0 
2.25 0 0 0 
2.35 1696.323214 1223.859474 2 
2.45 1917.142947 1110.803623 3 
2.55 6713.354144 2400.990656 8 
2.65 11601.76378 3040.275978 15 
2.75 19879.95423 4100.711565 24 
2.85 67702.191 7474.55091 84 
2.95 107876.9585 9231.836213 140 
3.05 114741.8932 9562.204856 148 
3.15 127332.7544 10070.77637 164 
3.25 95542.99425 8701.002068 124 
3.35 112818.3504 9569.522909 142 
3.45 100057.5806 8925.0939 129 
3.55 95089.54091 8810.447903 120 
3.65 82594.64009 8087.992087 107 
3.75 93067.06099 8578.750283 121 
3.85 76603.21802 7845.38026 98 
3.95 65014.02502 7181.526027 84 
4.05 63577.89543 7108.202815 82 
4.15 63793.61364 7059.039898 84 
4.25 48701.06431 6211.442122 63 
4.35 63607.45361 7187.218875 80 
4.45 44218.35265 5903.085606 58 
4.55 38088.72305 5566.591111 48 
4.65 30251.46234 4909.451619 39 
4.75 46616.36117 6092.555503 60 
4.85 31294.02289 4965.220088 41 
4.95 31527.23758 4998.767535 41 
5.05 29375.91723 4835.831828 38 
5.15 19385.66751 3922.183984 25 
5.25 19542.28271 3976.040662 25 
5.35 18883.42071 3840.534645 25 
5.45 20876.33615 4212.067417 25 
5.55 14302.6342 3409.317738 18 
5.65 20329.12805 4101.469098 25 
5.75 18178.40471 3748.365222 24 
5.85 16745.10418 3701.611135 21 
5.95 9491.191475 2777.071085 12 
6.05 16504.64382 3640.432095 21 
6.15 11720.81317 2996.23849 16 
6.25 15563.359 3456.709215 21 
6.35 8454.37979 2594.91986 11 
6.45 13883.11219 3398.941252 17 
6.55 6386.035485 2282.50616 8 
6.65 0 0 0 
6.75 0 0 0 
6.85 0 0 0 
6.95 0 0 0 
7.05 0 0 0 
7.15 0 0 0 
7.25 0 0 0 
7.35 0 0 0 
7.45 0 0 0 
7.55 0 0 0 
7.65 0 0 0 
7.75 0 0 0 
7.85 0 0 0 
7.95 0 0 0 
8.05 0 0 0 
8.15 0 0 0 
8.25 0 0 0 
8.35 0 0 0 
8.45 0 0 0 
8.55 0 0 0 
8.65 0 0 0 
8.75 0 0 0 
8.85 0 0 0 
8.95 0 0 0 
9.05 0 0 0 
9.15 0 0 0 
9.25 0 0 0 
9.35 0 0 0 
9.45 0 0 0 
9.55 0 0 0 
9.65 0 0 0 
9.75 0 0 0 
9.85 0 0 0 
9.95 0 0 0 
10.05 0 0 0 
10.15 0 0 0 
10.25 0 0 0 
10.35 0 0 0 
10.45 0 0 0 
10.55 0 0 0 
10.65 0 0 0 
10.75 0 0 0 
10.85 0 0 0 
10.95 0 0 0 
11.05 0 0 0 
11.15 0 0 0 
11.25 0 0 0 
11.35 0 0 0 
11.45 0 0 0 
11.55 0 0 0 
11.65 0 0 0 
11.75 0 0 0 
11.85 0 0 0 
11.95 0 0 0 
