# Format: McCode with text headers
# URL: http://www.mccode.org
# Creator:  3.8.5, git
# Instrument: eqsans_sans.instr
# Ncount: 10000000
# Trace: no
# Gravitation: no
# Seed: 1790176937971572
# Directory: /Users/georgeyumnam/WORK/PANRAID/PaNRAID-results/Group2/panraidproject/scan_sans_nosample/x+04_y+14
# Param: gx=0.004
# Param: gy=0.014
# Param: sample_on=0
# Param: R_sphere=100
# Param: Phi=0.01
# Param: bs_radius=0
# Param: samp_ap=0.01
# Date: Wed Sep 23 17:30:51 2026 (1790177451)
# type: array_1d(120)
# Source: EQ_SANS_sample (eqsans_sans.instr)
# component: lambda_det
# position: 0 0 22.28
# title: Wavelength monitor
# Ncount: 10000000
# filename: lambda_det.dat
# statistics: X0=3.89362; dX=0.940115;
# signal: Min=0; Max=237493; Mean=29553.7;
# values: 3.54645e+06 52623.7 4720
# xvar: L
# yvar: (I,I_err)
# xlabel: Wavelength [AA]
# ylabel: Intensity
# xlimits: 0 12
# variables: L I I_err N
0.05 0 0 0 
0.15 0 0 0 
0.25 0 0 0 
0.35 0 0 0 
0.45 0 0 0 
0.55 0 0 0 
0.65 0 0 0 
0.75 0 0 0 
0.85 0 0 0 
0.95 0 0 0 
1.05 0 0 0 
1.15 0 0 0 
1.25 0 0 0 
1.35 0 0 0 
1.45 0 0 0 
1.55 0 0 0 
1.65 0 0 0 
1.75 0 0 0 
1.85 0 0 0 
1.95 0 0 0 
2.05 0 0 0 
2.15 0 0 0 
2.25 1659.544504 1180.002194 2 
2.35 2576.137711 1368.222048 4 
2.45 4433.417732 1722.026322 7 
2.55 15316.09006 3376.690933 21 
2.65 32894.52947 5078.970159 43 
2.75 100047.6183 8808.922308 134 
2.85 198000.0575 12496.08653 262 
2.95 227633.0934 13317.65461 304 
3.05 237492.7839 13622.9532 316 
3.15 211558.9464 12776.63423 286 
3.25 183382.6482 12027.99835 241 
3.35 168717.5339 11498.70877 223 
3.45 168713.1197 11404.29204 228 
3.55 151774.6861 10901.77638 202 
3.65 147212.9686 10824.1851 191 
3.75 126769.2536 9863.28739 173 
3.85 137572.2622 10489.02347 179 
3.95 112498.4884 9392.344711 149 
4.05 101558.2804 8875.279994 136 
4.15 109856.7966 9221.326758 148 
4.25 88822.68225 8302.251325 118 
4.35 94324.79283 8599.165733 125 
4.45 59704.61624 6796.003642 80 
4.55 70710.26394 7605.8094 89 
4.65 73983.17106 7603.457497 98 
4.75 67100.48917 7174.773971 91 
4.85 56799.24399 6648.53801 76 
4.95 66257.73292 7175.553787 88 
5.05 58980.04039 6857.852949 77 
5.15 43950.58801 5796.528675 60 
5.25 45030.89231 5900.519849 61 
5.35 42944.97246 5762.019004 58 
5.45 40987.75359 5675.166499 54 
5.55 37575.58032 5450.253066 49 
5.65 32809.82986 5023.32015 45 
5.75 38826.37307 5490.264398 52 
5.85 30293.61806 4932.18049 39 
5.95 37294.5393 5413.792533 49 
6.05 25005.18353 4448.276276 33 
6.15 28270.78777 4669.880417 38 
6.25 21200.80665 3953.49222 30 
6.35 22087.21987 4246.273256 28 
6.45 15933.94037 3452.616838 22 
6.55 6540.414482 2232.505151 9 
6.65 1341.867021 976.6639695 2 
6.75 0 0 0 
6.85 0 0 0 
6.95 0 0 0 
7.05 0 0 0 
7.15 0 0 0 
7.25 0 0 0 
7.35 0 0 0 
7.45 0 0 0 
7.55 0 0 0 
7.65 0 0 0 
7.75 0 0 0 
7.85 0 0 0 
7.95 0 0 0 
8.05 0 0 0 
8.15 0 0 0 
8.25 0 0 0 
8.35 0 0 0 
8.45 0 0 0 
8.55 0 0 0 
8.65 0 0 0 
8.75 0 0 0 
8.85 0 0 0 
8.95 0 0 0 
9.05 0 0 0 
9.15 0 0 0 
9.25 0 0 0 
9.35 0 0 0 
9.45 0 0 0 
9.55 0 0 0 
9.65 0 0 0 
9.75 0 0 0 
9.85 0 0 0 
9.95 0 0 0 
10.05 0 0 0 
10.15 0 0 0 
10.25 0 0 0 
10.35 0 0 0 
10.45 0 0 0 
10.55 0 0 0 
10.65 0 0 0 
10.75 0 0 0 
10.85 0 0 0 
10.95 0 0 0 
11.05 0 0 0 
11.15 0 0 0 
11.25 0 0 0 
11.35 0 0 0 
11.45 0 0 0 
11.55 0 0 0 
11.65 0 0 0 
11.75 0 0 0 
11.85 0 0 0 
11.95 0 0 0 
