# Format: McCode with text headers
# URL: http://www.mccode.org
# Creator:  3.8.5, git
# Instrument: eqsans_sans.instr
# Ncount: 10000000
# Trace: no
# Gravitation: no
# Seed: 1790181749466229
# Directory: /Users/georgeyumnam/WORK/PANRAID/PaNRAID-results/Group2/panraidproject/scan_sans_sample/x-07_y-03
# Param: gx=-0.007
# Param: gy=-0.003
# Param: sample_on=1
# Param: R_sphere=100
# Param: Phi=0.01
# Param: bs_radius=0
# Param: samp_ap=0.01
# Date: Wed Sep 23 18:43:04 2026 (1790181784)
# type: array_1d(100)
# Source: EQ_SANS_sample (eqsans_sans.instr)
# component: qmon
# position: 0 0 22.281
# title: QMonitor - Radially averaged distribution
# Ncount: 10000000
# filename: rdet.dat
# statistics: X0=0.0717249; dX=0.0534142;
# signal: Min=0; Max=1.47071e+08; Mean=1.65724e+07;
# values: 1.65724e+09 1.62185e+08 3931
# xvar: r
# yvar: (I,I_err)
# xlabel: Radius [m]
# ylabel: I(r)
# xlimits: 0 0.5
# variables: r I I_err N
0.0025 0 0 0 
0.0075 92714944.74 92714944.74 1 
0.0125 57951174.96 57951174.96 1 
0.0175 92885121.24 57515959.89 3 
0.0225 33845815.01 23946690.76 2 
0.0275 147070600.6 58509071.67 7 
0.0325 34120533.6 20113999.72 3 
0.0375 88087606.96 33877405.2 8 
0.0425 76048619.19 28610790.42 9 
0.0475 42246716.08 22481458.98 4 
0.0525 61626028.03 22575095.71 8 
0.0575 69809481.16 24632542.34 10 
0.0625 72093765.1 22926482.34 12 
0.0675 92788602.43 25149648.26 15 
0.0725 59590733.38 19247828.08 11 
0.0775 48649405.25 16299766.26 14 
0.0825 21731616.83 8991282.965 8 
0.0875 42012772.2 15135677.93 10 
0.0925 59477027.69 14939503.9 21 
0.0975 57921276.31 15061799.72 21 
0.1025 37968847.47 10829365.68 16 
0.1075 37159369.74 10829259.39 19 
0.1125 52286183.89 13027890.47 21 
0.1175 26729043.11 8157221.145 15 
0.1225 26889217.44 7907263.162 16 
0.1275 27794588.97 7567906.115 22 
0.1325 17997803.04 6125757.954 14 
0.1375 18440435.42 5332299.33 21 
0.1425 26918074.69 7191224.667 26 
0.1475 16538333.99 4460926.236 30 
0.1525 14253485.53 4262388.437 25 
0.1575 15225031.92 4461213.977 28 
0.1625 3249810.154 1172415.503 14 
0.1675 8105988.376 3082483.103 24 
0.1725 7796800.857 2425066.537 32 
0.1775 9234148.599 2568729.05 35 
0.1825 8360784.049 2435832.252 25 
0.1875 5890824.27 2093458.025 28 
0.1925 2411624.585 939373.4961 20 
0.1975 3716601.426 1519438.793 28 
0.2025 1761016.526 805098.2732 21 
0.2075 1698719.091 603593.9829 26 
0.2125 1850923.322 640817.1517 34 
0.2175 1935218.373 721714.61 31 
0.2225 4177856.202 1390083.245 43 
0.2275 4603321.298 1454606.212 32 
0.2325 3314381.979 1087577.304 36 
0.2375 1634168.134 634989.7636 29 
0.2425 888707.0265 414574.8458 26 
0.2475 1059283.814 402875.7981 33 
0.2525 1724194.544 729502.6935 38 
0.2575 878422.4215 300418.9867 39 
0.2625 1043416.527 482307.3534 44 
0.2675 1310192.153 461106.007 48 
0.2725 1101357.42 397075.5715 39 
0.2775 847322.8545 286357.7548 48 
0.2825 958580.222 354224.638 43 
0.2875 483071.7297 155845.1314 35 
0.2925 456579.4977 91155.11539 57 
0.2975 366988.8856 112400.1955 43 
0.3025 415000.5554 127889.6345 46 
0.3075 375993.522 99642.50344 52 
0.3125 352516.7074 118800.2207 48 
0.3175 284613.941 70773.01858 52 
0.3225 351891.196 66352.49497 53 
0.3275 292784.8662 56159.24838 45 
0.3325 367428.4702 106058.9871 50 
0.3375 222129.6157 45274.19331 50 
0.3425 200525.4359 43233.22881 54 
0.3475 254643.0273 51574.18571 59 
0.3525 207595.9191 44620.94024 47 
0.3575 196785.2776 42595.50679 58 
0.3625 272552.7661 47972.72618 63 
0.3675 202085.7972 38356.2433 68 
0.3725 141791.7108 27997.5608 63 
0.3775 163001.7971 33029.31124 59 
0.3825 202180.6555 41908.29742 57 
0.3875 257165.7144 46971.59101 71 
0.3925 151969.6343 32632.29262 65 
0.3975 135046.487 29941.2191 60 
0.4025 204743.3506 36259.3753 72 
0.4075 140917.7012 30134.93956 68 
0.4125 206102.8456 39796.23549 71 
0.4175 171175.8042 37274.25212 62 
0.4225 161897.479 33518.2139 63 
0.4275 152752.3149 31736.96749 74 
0.4325 133885.7593 26578.09789 74 
0.4375 113924.5327 27713.08096 62 
0.4425 97565.7511 23588.13785 60 
0.4475 91497.28838 20847.46184 70 
0.4525 121029.414 25633.30622 66 
0.4575 118029.0033 27068.02421 78 
0.4625 122566.6968 24955.99928 82 
0.4675 101600.9543 22247.1635 90 
0.4725 132605.2728 28584.44279 67 
0.4775 84190.89452 19987.38182 63 
0.4825 97338.07116 23322.14524 75 
0.4875 53305.48707 10704.48159 78 
0.4925 69268.25286 12672.48092 83 
0.4975 84243.96532 19059.03385 81 
