# Format: McCode with text headers
# URL: http://www.mccode.org
# Creator:  3.8.5, git
# Instrument: eqsans_cylinder.instr
# Ncount: 5000000
# Trace: no
# Gravitation: no
# Seed: 1790194665042231
# Directory: /Users/georgeyumnam/WORK/PANRAID/PaNRAID-results/Group2/panraidproject/dataset_cylinder/cyl_001089
# Param: gx=0
# Param: gy=0
# Param: sample_on=1
# Param: bs_radius=0
# Param: samp_ap=0.01
# Param: sld=0.508018
# Param: sld_solvent=1
# Param: radius=25.4507
# Param: length=237.577
# Param: pd_radius=0.267406
# Param: pd_length=0.025449
# Param: model_scale=1
# Param: model_abs=0
# Date: Wed Sep 23 22:18:03 2026 (1790194683)
# type: array_1d(100)
# Source: EQ_SANS_cylinder (eqsans_cylinder.instr)
# component: qmon
# position: 0 0 22.281
# title: QMonitor - Distribution in q (Radially averaged)
# Ncount: 5000000
# filename: qdet.dat
# statistics: X0=0.0225944; dX=0.0199868;
# signal: Min=1.26979e+09; Max=2.51512e+12; Mean=4.86616e+11;
# values: 4.86616e+13 8.91615e+11 257671
# xvar: q
# yvar: (I,I_err)
# xlabel: q [1 / AA]
# ylabel: I(q)
# xlimits: 0 0.151561
# variables: q I I_err N
0.0007578035702 2.248133156e+12 5.991574226e+11 38 
0.002273410711 2.299652345e+12 3.462124322e+11 123 
0.003789017851 2.515115271e+12 2.879386625e+11 196 
0.005304624991 2.262572299e+12 2.133261258e+11 287 
0.006820232132 2.189368397e+12 1.895202338e+11 346 
0.008335839272 2.33897853e+12 1.729299728e+11 457 
0.009851446413 2.147989608e+12 1.502210154e+11 545 
0.01136705355 2.323122257e+12 1.468178178e+11 646 
0.01288266069 2.143148019e+12 1.459039721e+11 705 
0.01439826783 2.024500221e+12 1.194082509e+11 782 
0.01591387497 1.763257814e+12 9.846288738e+10 853 
0.01742948211 1.622903429e+12 8.295824352e+10 919 
0.01894508925 1.557959599e+12 7.73522012e+10 1055 
0.0204606964 1.478670969e+12 7.031327268e+10 1114 
0.02197630354 1.414156312e+12 6.719523834e+10 1253 
0.02349191068 1.267447829e+12 5.549945272e+10 1311 
0.02500751782 1.201610156e+12 5.178819719e+10 1362 
0.02652312496 1.030325681e+12 4.372983253e+10 1428 
0.0280387321 9.934650787e+11 3.91115486e+10 1527 
0.02955433924 9.603479032e+11 3.761402052e+10 1599 
0.03106994638 9.596285584e+11 3.431345027e+10 1786 
0.03258555352 7.917364691e+11 3.123810227e+10 1732 
0.03410116066 7.63813326e+11 2.879183178e+10 1843 
0.0356167678 6.605100541e+11 2.354941331e+10 1919 
0.03713237494 6.937353581e+11 2.308706086e+10 2016 
0.03864798208 6.4927242e+11 2.203650049e+10 2163 
0.04016358922 6.040870995e+11 1.953566555e+10 2258 
0.04167919636 5.131218496e+11 1.598195449e+10 2260 
0.0431948035 5.233978203e+11 1.612356268e+10 2381 
0.04471041064 4.920328296e+11 1.419942475e+10 2537 
0.04622601778 4.547048433e+11 1.390461917e+10 2483 
0.04774162492 4.229051359e+11 1.183752528e+10 2624 
0.04925723206 4.048497864e+11 1.098808114e+10 2747 
0.0507728392 3.727950869e+11 9874142180 2795 
0.05228844634 3.348293898e+11 9003168006 2849 
0.05380405348 3.269861249e+11 8352414538 3061 
0.05531966062 3.08242089e+11 7944129677 3069 
0.05683526776 2.80078847e+11 6938281559 3131 
0.05835087491 2.518540677e+11 6236767846 3114 
0.05986648205 2.435909492e+11 5803098897 3285 
0.06138208919 2.233107391e+11 5121365382 3355 
0.06289769633 2.140402033e+11 4910540026 3394 
0.06441330347 1.939585963e+11 4488325926 3391 
0.06592891061 1.853923965e+11 4118160312 3584 
0.06744451775 1.655128324e+11 3723750694 3527 
0.06896012489 1.53226187e+11 3326977400 3597 
0.07047573203 1.475510839e+11 3148577726 3743 
0.07199133917 1.379739619e+11 2899044064 3754 
0.07350694631 1.17917048e+11 2532837956 3629 
0.07502255345 1.153971845e+11 2397772822 3814 
0.07653816059 1.06618698e+11 2227550836 3795 
0.07805376773 9.428209326e+10 1926040953 3891 
0.07956937487 8.978754707e+10 1829208637 3960 
0.08108498201 7.971415929e+10 1615232182 3919 
0.08260058915 7.263162523e+10 1468620278 3908 
0.08411619629 6.77394465e+10 1368844906 3898 
0.08563180343 6.151882223e+10 1230616621 3950 
0.08714741057 5.707456814e+10 1112105971 4025 
0.08866301771 5.080983807e+10 992716719.4 3977 
0.09017862485 4.593153881e+10 913265583.9 3903 
0.09169423199 4.428807147e+10 858609670.7 4042 
0.09320983913 3.888810504e+10 769339768.8 3835 
0.09472544627 3.617717842e+10 707874847.5 4008 
0.09624105341 3.221165386e+10 633499235.1 3851 
0.09775666056 2.803457733e+10 554384729 3777 
0.0992722677 2.529468434e+10 504910800.8 3699 
0.1007878748 2.405402096e+10 486832252.5 3746 
0.102303482 2.089382512e+10 426336752.5 3618 
0.1038190891 1.941001146e+10 393245405.5 3683 
0.1053346963 1.777394196e+10 362317113 3601 
0.1068503034 1.546655639e+10 319669061.2 3504 
0.1083659105 1.403050264e+10 289904788.4 3473 
0.1098815177 1.227730708e+10 262850866.3 3377 
0.1113971248 1.133562553e+10 242832954 3359 
0.112912732 1.042425502e+10 223718503 3330 
0.1144283391 9083207584 199570744.2 3184 
0.1159439462 8443274415 185850390.3 3206 
0.1174595534 7743617186 173922211.8 3133 
0.1189751605 6908071039 158543665 2982 
0.1204907677 6273268997 145432597.2 2935 
0.1220063748 5820340900 133977382.5 2923 
0.1235219819 5212387064 123258864.3 2837 
0.1250375891 4806907039 116693996.5 2797 
0.1265531962 4438185131 109458601.2 2714 
0.1280688034 3973263873 99829555.01 2611 
0.1295844105 3713314123 94646390.47 2580 
0.1311000176 3357460026 86704282.48 2556 
0.1326156248 2951761117 78527741.45 2364 
0.1341312319 2796098807 75760475.17 2361 
0.1356468391 2611615053 71211159.2 2280 
0.1371624462 2382910422 67439041.72 2217 
0.1386780533 2268304075 64244904.39 2191 
0.1401936605 2025727439 59390231.51 2067 
0.1417092676 1763034271 52548083.23 1986 
0.1432248748 1848489726 54640562.95 2068 
0.1447404819 1721256266 51952376.14 2004 
0.146256089 1516506295 46948555.99 1847 
0.1477716962 1461921162 45764810.71 1850 
0.1492873033 1334736314 42628072.39 1782 
0.1508029105 1269785355 41009605.32 1680 
