# Format: McCode with text headers
# URL: http://www.mccode.org
# Creator:  3.8.5, git
# Instrument: eqsans_cylinder.instr
# Ncount: 5000000
# Trace: no
# Gravitation: no
# Seed: 1790196090802306
# Directory: /Users/georgeyumnam/WORK/PANRAID/PaNRAID-results/Group2/panraidproject/dataset_cylinder/cyl_001885
# Param: gx=0
# Param: gy=0
# Param: sample_on=1
# Param: bs_radius=0
# Param: samp_ap=0.01
# Param: sld=4.3434
# Param: sld_solvent=1
# Param: radius=24.0789
# Param: length=425.097
# Param: pd_radius=0.150651
# Param: pd_length=0.103458
# Param: model_scale=1
# Param: model_abs=0
# Date: Wed Sep 23 22:41:48 2026 (1790196108)
# type: array_1d(120)
# Source: EQ_SANS_cylinder (eqsans_cylinder.instr)
# component: lambda_det
# position: 0 0 22.28
# title: Wavelength monitor
# Ncount: 5000000
# filename: lambda_det.dat
# statistics: X0=4.32097; dX=1.02016;
# signal: Min=0; Max=1.13121e+10; Mean=2.27928e+09;
# values: 2.73514e+11 1.285e+09 286991
# xvar: L
# yvar: (I,I_err)
# xlabel: Wavelength [AA]
# ylabel: Intensity
# xlimits: 0 12
# variables: L I I_err N
0.05 0 0 0 
0.15 0 0 0 
0.25 0 0 0 
0.35 0 0 0 
0.45 0 0 0 
0.55 0 0 0 
0.65 0 0 0 
0.75 0 0 0 
0.85 0 0 0 
0.95 0 0 0 
1.05 0 0 0 
1.15 0 0 0 
1.25 0 0 0 
1.35 0 0 0 
1.45 0 0 0 
1.55 0 0 0 
1.65 0 0 0 
1.75 0 0 0 
1.85 0 0 0 
1.95 0 0 0 
2.05 0 0 0 
2.15 0 0 0 
2.25 30202679.04 10258380.58 100 
2.35 24810857 10437781.29 50 
2.45 210805377 26677902.72 550 
2.55 454796826.9 49623525.86 1050 
2.65 1152970083 79192331.86 2800 
2.75 3521397059 146916553.8 7700 
2.85 7118652162 202017620.4 14050 
2.95 9502152719 232039825.1 18299 
3.05 1.131212618e+10 254460485.6 19500 
3.15 1.066431341e+10 265532143 16749 
3.25 1.034452779e+10 229665418.3 16500 
3.35 9411187113 244909291.7 13800 
3.45 9295143182 220967768.1 12750 
3.55 8981002476 219603133.2 11500 
3.65 9317791535 222894695.6 11649 
3.75 8663675374 222304784.3 10099 
3.85 9656490052 248209541.6 10199 
3.95 9852830765 248333469.6 9950 
4.05 1.014322987e+10 239228263.9 10149 
4.15 8342746162 213518180.3 8050 
4.25 8615665903 213017918.6 8348 
4.35 6699661155 199456509.9 5950 
4.45 8154901690 231249260.6 6749 
4.55 7819058461 214093136.5 6450 
4.65 6696965639 198321062.7 5100 
4.75 7614509344 213694338.8 6150 
4.85 6592706609 193694011.9 4750 
4.95 8288087925 225887870.9 5550 
5.05 6670531808 216133100.6 4300 
5.15 6238821030 197638314.6 4150 
5.25 6568695779 217323651.4 4050 
5.35 6078195296 197398115.2 3900 
5.45 6367988619 196845234.6 3800 
5.55 5791819020 215666768.3 3200 
5.65 4570158662 180065815.9 2600 
5.75 4322965132 162041031.8 2400 
5.85 4222588843 155367452.4 2400 
5.95 3617353308 148912971.1 1950 
6.05 4549181526 185271544.3 2200 
6.15 4191004741 148229831.6 2100 
6.25 3407697657 145577839.4 1650 
6.35 3136543341 133529431.9 1500 
6.45 2891304201 154030834.2 1250 
6.55 1828224136 112658087.5 750 
6.65 578540255.5 58139882.96 250 
6.75 0 0 0 
6.85 0 0 0 
6.95 0 0 0 
7.05 0 0 0 
7.15 0 0 0 
7.25 0 0 0 
7.35 0 0 0 
7.45 0 0 0 
7.55 0 0 0 
7.65 0 0 0 
7.75 0 0 0 
7.85 0 0 0 
7.95 0 0 0 
8.05 0 0 0 
8.15 0 0 0 
8.25 0 0 0 
8.35 0 0 0 
8.45 0 0 0 
8.55 0 0 0 
8.65 0 0 0 
8.75 0 0 0 
8.85 0 0 0 
8.95 0 0 0 
9.05 0 0 0 
9.15 0 0 0 
9.25 0 0 0 
9.35 0 0 0 
9.45 0 0 0 
9.55 0 0 0 
9.65 0 0 0 
9.75 0 0 0 
9.85 0 0 0 
9.95 0 0 0 
10.05 0 0 0 
10.15 0 0 0 
10.25 0 0 0 
10.35 0 0 0 
10.45 0 0 0 
10.55 0 0 0 
10.65 0 0 0 
10.75 0 0 0 
10.85 0 0 0 
10.95 0 0 0 
11.05 0 0 0 
11.15 0 0 0 
11.25 0 0 0 
11.35 0 0 0 
11.45 0 0 0 
11.55 0 0 0 
11.65 0 0 0 
11.75 0 0 0 
11.85 0 0 0 
11.95 0 0 0 
