# Format: McCode with text headers
# URL: http://www.mccode.org
# Creator:  3.8.5, git
# Instrument: eqsans_cylinder.instr
# Ncount: 5000000
# Trace: no
# Gravitation: no
# Seed: 1790196254191695
# Directory: /Users/georgeyumnam/WORK/PANRAID/PaNRAID-results/Group2/panraidproject/dataset_cylinder/cyl_001976
# Param: gx=0
# Param: gy=0
# Param: sample_on=1
# Param: bs_radius=0
# Param: samp_ap=0.01
# Param: sld=4.83617
# Param: sld_solvent=1
# Param: radius=123.732
# Param: length=221.095
# Param: pd_radius=0.280916
# Param: pd_length=0.153059
# Param: model_scale=1
# Param: model_abs=0
# Date: Wed Sep 23 22:44:32 2026 (1790196272)
# type: array_1d(120)
# Source: EQ_SANS_cylinder (eqsans_cylinder.instr)
# component: lambda_det
# position: 0 0 22.28
# title: Wavelength monitor
# Ncount: 5000000
# filename: lambda_det.dat
# statistics: X0=4.34513; dX=1.0327;
# signal: Min=0; Max=8.54432e+11; Mean=1.72879e+11;
# values: 2.07454e+13 3.59763e+11 291432
# xvar: L
# yvar: (I,I_err)
# xlabel: Wavelength [AA]
# ylabel: Intensity
# xlimits: 0 12
# variables: L I I_err N
0.05 0 0 0 
0.15 0 0 0 
0.25 0 0 0 
0.35 0 0 0 
0.45 0 0 0 
0.55 0 0 0 
0.65 0 0 0 
0.75 0 0 0 
0.85 0 0 0 
0.95 0 0 0 
1.05 0 0 0 
1.15 0 0 0 
1.25 0 0 0 
1.35 0 0 0 
1.45 0 0 0 
1.55 0 0 0 
1.65 0 0 0 
1.75 0 0 0 
1.85 0 0 0 
1.95 0 0 0 
2.05 0 0 0 
2.15 0 0 0 
2.25 1177408831 1127099139 50 
2.35 1442678761 672738568.7 250 
2.45 4.34398006e+10 1.434372545e+10 1000 
2.55 3.463605982e+10 1.304913176e+10 1100 
2.65 5.397450165e+10 1.15552713e+10 2800 
2.75 3.31606104e+11 3.717976377e+10 9798 
2.85 5.754756375e+11 6.153507071e+10 15300 
2.95 5.950253518e+11 6.688225412e+10 17347 
3.05 7.829216059e+11 6.55712228e+10 18900 
3.15 7.862858652e+11 8.108510911e+10 16199 
3.25 8.544317326e+11 8.305837139e+10 15800 
3.35 6.740371855e+11 5.909011669e+10 13449 
3.45 7.732311152e+11 7.274430525e+10 14900 
3.55 6.157673938e+11 5.084370198e+10 12048 
3.65 7.204736946e+11 6.099295054e+10 12649 
3.75 6.447010651e+11 5.572349156e+10 10999 
3.85 7.422906737e+11 7.554996826e+10 10500 
3.95 6.636581372e+11 6.030535724e+10 9400 
4.05 7.143039925e+11 6.344856756e+10 9099 
4.15 6.739637286e+11 7.829672988e+10 9049 
4.25 6.062250503e+11 6.581527121e+10 7250 
4.35 7.036858635e+11 6.077302093e+10 8149 
4.45 5.976632514e+11 7.168444591e+10 6549 
4.55 5.204710955e+11 4.843946889e+10 6650 
4.65 5.446365899e+11 6.321490949e+10 5500 
4.75 6.142587011e+11 5.732589471e+10 6000 
4.85 4.798645655e+11 5.059829413e+10 4999 
4.95 3.350396787e+11 3.779139263e+10 3650 
5.05 6.455625588e+11 6.113769063e+10 5450 
5.15 3.979647598e+11 4.65842723e+10 3650 
5.25 4.505215019e+11 6.32155126e+10 3200 
5.35 4.765133889e+11 5.066112712e+10 3350 
5.45 3.386102125e+11 3.595697175e+10 3050 
5.55 3.602092422e+11 4.661503086e+10 2350 
5.65 4.483975138e+11 5.390369234e+10 2849 
5.75 4.654594916e+11 6.255294697e+10 3000 
5.85 4.662924654e+11 7.03198092e+10 2800 
5.95 5.032413832e+11 4.772814275e+10 3000 
6.05 3.800829133e+11 4.642070649e+10 2250 
6.15 2.607728409e+11 3.440871699e+10 1799 
6.25 2.923634722e+11 3.796886241e+10 1850 
6.35 3.254629828e+11 3.849433836e+10 1750 
6.45 1.2569797e+11 1.841701909e+10 950 
6.55 1.126938285e+11 2.139926351e+10 600 
6.65 1.089570917e+10 3671012825 150 
6.75 0 0 0 
6.85 0 0 0 
6.95 0 0 0 
7.05 0 0 0 
7.15 0 0 0 
7.25 0 0 0 
7.35 0 0 0 
7.45 0 0 0 
7.55 0 0 0 
7.65 0 0 0 
7.75 0 0 0 
7.85 0 0 0 
7.95 0 0 0 
8.05 0 0 0 
8.15 0 0 0 
8.25 0 0 0 
8.35 0 0 0 
8.45 0 0 0 
8.55 0 0 0 
8.65 0 0 0 
8.75 0 0 0 
8.85 0 0 0 
8.95 0 0 0 
9.05 0 0 0 
9.15 0 0 0 
9.25 0 0 0 
9.35 0 0 0 
9.45 0 0 0 
9.55 0 0 0 
9.65 0 0 0 
9.75 0 0 0 
9.85 0 0 0 
9.95 0 0 0 
10.05 0 0 0 
10.15 0 0 0 
10.25 0 0 0 
10.35 0 0 0 
10.45 0 0 0 
10.55 0 0 0 
10.65 0 0 0 
10.75 0 0 0 
10.85 0 0 0 
10.95 0 0 0 
11.05 0 0 0 
11.15 0 0 0 
11.25 0 0 0 
11.35 0 0 0 
11.45 0 0 0 
11.55 0 0 0 
11.65 0 0 0 
11.75 0 0 0 
11.85 0 0 0 
11.95 0 0 0 
