# Format: McCode with text headers
# URL: http://www.mccode.org
# Creator:  3.8.5, git
# Instrument: eqsans_cylinder.instr
# Ncount: 5000000
# Trace: no
# Gravitation: no
# Seed: 1790194042185588
# Directory: /Users/georgeyumnam/WORK/PANRAID/PaNRAID-results/Group2/panraidproject/dataset_cylinder/cyl_000742
# Param: gx=0
# Param: gy=0
# Param: sample_on=1
# Param: bs_radius=0
# Param: samp_ap=0.01
# Param: sld=6.0016
# Param: sld_solvent=1
# Param: radius=50.0945
# Param: length=499.209
# Param: pd_radius=0.150943
# Param: pd_length=0.182927
# Param: model_scale=1
# Param: model_abs=0
# Date: Wed Sep 23 22:07:40 2026 (1790194060)
# type: array_1d(100)
# Source: EQ_SANS_cylinder (eqsans_cylinder.instr)
# component: qmon
# position: 0 0 22.281
# title: QMonitor - Distribution in q (Radially averaged)
# Ncount: 5000000
# filename: qdet.dat
# statistics: X0=0.0136185; dX=0.012259;
# signal: Min=5.6583e+11; Max=1.12333e+16; Mean=1.23833e+15;
# values: 1.23833e+17 2.90987e+15 258170
# xvar: q
# yvar: (I,I_err)
# xlabel: q [1 / AA]
# ylabel: I(q)
# xlimits: 0 0.151561
# variables: q I I_err N
0.0007578035702 9.487997528e+15 2.056705396e+15 41 
0.002273410711 9.674938926e+15 1.134964372e+15 125 
0.003789017851 9.354909959e+15 8.85562217e+14 205 
0.005304624991 1.123330093e+16 8.95563559e+14 311 
0.006820232132 8.424800481e+15 5.942610058e+14 372 
0.008335839272 8.15255565e+15 5.090938458e+14 495 
0.009851446413 7.121893423e+15 4.642022542e+14 490 
0.01136705355 6.477053782e+15 3.938721685e+14 581 
0.01288266069 6.240693879e+15 3.689982462e+14 706 
0.01439826783 5.747597582e+15 3.041492159e+14 802 
0.01591387497 5.045174816e+15 2.451302663e+14 885 
0.01742948211 4.434310591e+15 1.983850669e+14 997 
0.01894508925 3.716803282e+15 1.779285972e+14 1051 
0.0204606964 3.293455387e+15 1.4892049e+14 1106 
0.02197630354 3.011964527e+15 1.182775756e+14 1242 
0.02349191068 2.521136399e+15 1.011108673e+14 1260 
0.02500751782 2.485945147e+15 9.644955418e+13 1459 
0.02652312496 1.993873578e+15 7.269533951e+13 1432 
0.0280387321 1.890034866e+15 6.769061348e+13 1549 
0.02955433924 1.740718714e+15 5.885365948e+13 1640 
0.03106994638 1.552656619e+15 5.074966961e+13 1766 
0.03258555352 1.294720396e+15 4.185665382e+13 1771 
0.03410116066 1.171545276e+15 3.748212526e+13 1923 
0.0356167678 9.905497587e+14 3.088953276e+13 1944 
0.03713237494 8.362249841e+14 2.634182857e+13 1921 
0.03864798208 8.041952725e+14 2.363721772e+13 2148 
0.04016358922 6.871780946e+14 2.00678671e+13 2214 
0.04167919636 5.922659173e+14 1.664692527e+13 2247 
0.0431948035 5.14317665e+14 1.45105759e+13 2347 
0.04471041064 4.612831097e+14 1.267230689e+13 2459 
0.04622601778 3.922529163e+14 1.088913074e+13 2478 
0.04774162492 3.560914885e+14 9.142238665e+12 2754 
0.04925723206 3.059457894e+14 8.004569787e+12 2777 
0.0507728392 2.530836986e+14 6.689253992e+12 2880 
0.05228844634 2.13377573e+14 5.622790997e+12 2790 
0.05380405348 1.875825789e+14 4.974763475e+12 3015 
0.05531966062 1.503378404e+14 4.141909426e+12 3043 
0.05683526776 1.292101609e+14 3.397093495e+12 3090 
0.05835087491 1.11584755e+14 2.930721742e+12 3312 
0.05986648205 8.757989475e+13 2.307992613e+12 3227 
0.06138208919 7.547576011e+13 1.93660169e+12 3426 
0.06289769633 6.466297695e+13 1.708840968e+12 3442 
0.06441330347 5.108064437e+13 1.336752314e+12 3471 
0.06592891061 4.290126824e+13 1.136486014e+12 3486 
0.06744451775 3.563393333e+13 9.415922878e+11 3592 
0.06896012489 3.184150507e+13 8.375222808e+11 3615 
0.07047573203 2.574298417e+13 6.795178344e+11 3582 
0.07199133917 2.313774703e+13 5.952350943e+11 3722 
0.07350694631 1.964134285e+13 4.85200865e+11 3792 
0.07502255345 1.780984943e+13 4.322335582e+11 3875 
0.07653816059 1.671553634e+13 4.150862924e+11 3873 
0.07805376773 1.597296245e+13 4.037463908e+11 3915 
0.07956937487 1.421899052e+13 3.478830037e+11 3838 
0.08108498201 1.366795144e+13 3.329262882e+11 3917 
0.08260058915 1.347614261e+13 3.201203685e+11 3951 
0.08411619629 1.308734123e+13 3.119192837e+11 3968 
0.08563180343 1.231234295e+13 2.910295186e+11 3983 
0.08714741057 1.269310635e+13 2.937695668e+11 3953 
0.08866301771 1.193790151e+13 2.772086535e+11 3879 
0.09017862485 1.15486205e+13 2.610318393e+11 3890 
0.09169423199 1.194110591e+13 2.617506452e+11 4064 
0.09320983913 1.096877581e+13 2.449210404e+11 3793 
0.09472544627 1.083622907e+13 2.392779369e+11 3827 
0.09624105341 1.031953508e+13 2.240251238e+11 3850 
0.09775666056 9.778140735e+12 2.122287529e+11 3759 
0.0992722677 9.410946478e+12 1.99810132e+11 3826 
0.1007878748 8.934525295e+12 1.939329439e+11 3709 
0.102303482 8.270823001e+12 1.761698715e+11 3695 
0.1038190891 7.756688348e+12 1.646384441e+11 3627 
0.1053346963 7.174743492e+12 1.533376046e+11 3543 
0.1068503034 6.906452886e+12 1.463453153e+11 3563 
0.1083659105 6.248808783e+12 1.35340495e+11 3485 
0.1098815177 5.53275862e+12 1.221141936e+11 3337 
0.1113971248 5.102136997e+12 1.133350668e+11 3310 
0.112912732 4.748846694e+12 1.054407861e+11 3258 
0.1144283391 4.330457614e+12 9.58070381e+10 3293 
0.1159439462 4.012758752e+12 9.039007338e+10 3183 
0.1174595534 3.605491756e+12 8.228981382e+10 3109 
0.1189751605 3.321914063e+12 7.556936303e+10 3113 
0.1204907677 2.926502694e+12 6.841012017e+10 2988 
0.1220063748 2.67958843e+12 6.353444219e+10 2925 
0.1235219819 2.416871501e+12 5.847750196e+10 2850 
0.1250375891 2.164176917e+12 5.398519084e+10 2725 
0.1265531962 1.941993578e+12 4.877914004e+10 2708 
0.1280688034 1.842868175e+12 4.640034852e+10 2675 
0.1295844105 1.618275478e+12 4.199785765e+10 2560 
0.1311000176 1.480806038e+12 3.877563237e+10 2522 
0.1326156248 1.375857952e+12 3.615532553e+10 2456 
0.1341312319 1.192445722e+12 3.27032718e+10 2288 
0.1356468391 1.132922035e+12 3.107033122e+10 2289 
0.1371624462 1.064538679e+12 2.947972845e+10 2270 
0.1386780533 9.771246533e+11 2.743558754e+10 2209 
0.1401936605 9.272058668e+11 2.638338836e+10 2154 
0.1417092676 9.192110684e+11 2.644367369e+10 2104 
0.1432248748 8.043996806e+11 2.326663574e+10 2054 
0.1447404819 7.357395182e+11 2.222994218e+10 1920 
0.146256089 6.861575586e+11 2.117250902e+10 1821 
0.1477716962 6.315988295e+11 1.932212764e+10 1853 
0.1492873033 6.009282834e+11 1.893674866e+10 1762 
0.1508029105 5.658303905e+11 1.797451017e+10 1668 
