# Format: McCode with text headers
# URL: http://www.mccode.org
# Creator:  3.8.5, git
# Instrument: eqsans_1_fixed.instr
# Ncount: 1000000
# Trace: no
# Gravitation: no
# Seed: 1790169778448097
# Directory: /Users/georgeyumnam/WORK/PANRAID/PaNRAID-results/Group2/panraidproject/scan_guide_xy/x-01_y+06
# Param: gx=-0.001
# Param: gy=0.006
# Date: Wed Sep 23 15:23:02 2026 (1790169782)
# type: array_1d(120)
# Source: EQ_SANS (eqsans_1_fixed.instr)
# component: lambda_det
# position: 0 0 22.28
# title: Wavelength monitor
# Ncount: 1000000
# filename: lambda_det.dat
# statistics: X0=4.05137; dX=0.979494;
# signal: Min=0; Max=6.30827e+06; Mean=957486;
# values: 1.14898e+08 813748 39191
# xvar: L
# yvar: (I,I_err)
# xlabel: Wavelength [AA]
# ylabel: Intensity
# xlimits: 0 12
# variables: L I I_err N
0.05 0 0 0 
0.15 0 0 0 
0.25 0 0 0 
0.35 0 0 0 
0.45 0 0 0 
0.55 0 0 0 
0.65 0 0 0 
0.75 0 0 0 
0.85 0 0 0 
0.95 0 0 0 
1.05 0 0 0 
1.15 0 0 0 
1.25 0 0 0 
1.35 0 0 0 
1.45 0 0 0 
1.55 0 0 0 
1.65 0 0 0 
1.75 0 0 0 
1.85 0 0 0 
1.95 0 0 0 
2.05 0 0 0 
2.15 14084.97817 10031.24299 4 
2.25 36639.35555 15318.56199 10 
2.35 100371.3744 24084.01584 26 
2.45 130448.8554 28198.44193 50 
2.55 349804.0144 46057.32663 112 
2.65 905541.5249 72546.97615 297 
2.75 2292759.406 113489.8449 827 
2.85 4885229.642 168639.3051 1685 
2.95 6308272.229 191614.1299 2153 
3.05 5878450.75 184729.8723 2057 
3.15 5743249.593 182026.1919 1962 
3.25 5539628.873 178759.7329 1918 
3.35 4932616.161 168410.1057 1788 
3.45 4802276.18 166301.2493 1668 
3.55 4939751.666 167467.9587 1698 
3.65 4554879.801 163091.0405 1537 
3.75 4434754.177 161854.4714 1450 
3.85 4312112.013 157748.9579 1445 
3.95 3939337.911 150311.7266 1273 
4.05 3769855.494 148646.1723 1262 
4.15 3538269.007 142281.1447 1171 
4.25 3166359.026 134656.8801 1083 
4.35 2969708.549 129071.4628 994 
4.45 2804439.797 127106.3151 987 
4.55 2782070.569 125347.0992 961 
4.65 2494282.034 118877.2674 874 
4.75 2446185.265 119066.6947 836 
4.85 2394097.634 116660.8663 821 
4.95 2302873.715 115461.4755 807 
5.05 2260099.151 113751.2388 764 
5.15 2101364.774 110923.3331 681 
5.25 1833596.667 101199.336 642 
5.35 1787053.264 101239.0019 604 
5.45 1621512.132 97274.08621 549 
5.55 1531599.259 93635.88148 513 
5.65 1524600.375 93383.58585 531 
5.75 1438011.27 91662.46692 483 
5.85 1293566.669 88000.60072 426 
5.95 1231162.42 83610.44107 409 
6.05 1251149.633 85683.55828 414 
6.15 1200566.98 83433.87098 393 
6.25 987236.3754 74955.04223 347 
6.35 1058561.799 79423.22551 318 
6.45 697941.3878 63068.87157 240 
6.55 226941.9639 32397.58846 103 
6.65 85056.33486 23564.43092 18 
6.75 0 0 0 
6.85 0 0 0 
6.95 0 0 0 
7.05 0 0 0 
7.15 0 0 0 
7.25 0 0 0 
7.35 0 0 0 
7.45 0 0 0 
7.55 0 0 0 
7.65 0 0 0 
7.75 0 0 0 
7.85 0 0 0 
7.95 0 0 0 
8.05 0 0 0 
8.15 0 0 0 
8.25 0 0 0 
8.35 0 0 0 
8.45 0 0 0 
8.55 0 0 0 
8.65 0 0 0 
8.75 0 0 0 
8.85 0 0 0 
8.95 0 0 0 
9.05 0 0 0 
9.15 0 0 0 
9.25 0 0 0 
9.35 0 0 0 
9.45 0 0 0 
9.55 0 0 0 
9.65 0 0 0 
9.75 0 0 0 
9.85 0 0 0 
9.95 0 0 0 
10.05 0 0 0 
10.15 0 0 0 
10.25 0 0 0 
10.35 0 0 0 
10.45 0 0 0 
10.55 0 0 0 
10.65 0 0 0 
10.75 0 0 0 
10.85 0 0 0 
10.95 0 0 0 
11.05 0 0 0 
11.15 0 0 0 
11.25 0 0 0 
11.35 0 0 0 
11.45 0 0 0 
11.55 0 0 0 
11.65 0 0 0 
11.75 0 0 0 
11.85 0 0 0 
11.95 0 0 0 
