# Format: McCode with text headers
# URL: http://www.mccode.org
# Creator:  3.8.5, git
# Instrument: eqsans_cylinder.instr
# Ncount: 5000000
# Trace: no
# Gravitation: no
# Seed: 1790195785834931
# Directory: /Users/georgeyumnam/WORK/PANRAID/PaNRAID-results/Group2/panraidproject/dataset_cylinder/cyl_001715
# Param: gx=0
# Param: gy=0
# Param: sample_on=1
# Param: bs_radius=0
# Param: samp_ap=0.01
# Param: sld=1.34798
# Param: sld_solvent=1
# Param: radius=187.853
# Param: length=213.986
# Param: pd_radius=0.192034
# Param: pd_length=0.042722
# Param: model_scale=1
# Param: model_abs=0
# Date: Wed Sep 23 22:36:43 2026 (1790195803)
# type: array_1d(120)
# Source: EQ_SANS_cylinder (eqsans_cylinder.instr)
# component: lambda_det
# position: 0 0 22.28
# title: Wavelength monitor
# Ncount: 5000000
# filename: lambda_det.dat
# statistics: X0=4.33491; dX=1.03016;
# signal: Min=0; Max=1.92928e+10; Mean=3.79646e+09;
# values: 4.55575e+11 8.06784e+09 291284
# xvar: L
# yvar: (I,I_err)
# xlabel: Wavelength [AA]
# ylabel: Intensity
# xlimits: 0 12
# variables: L I I_err N
0.05 0 0 0 
0.15 0 0 0 
0.25 0 0 0 
0.35 0 0 0 
0.45 0 0 0 
0.55 0 0 0 
0.65 0 0 0 
0.75 0 0 0 
0.85 0 0 0 
0.95 0 0 0 
1.05 0 0 0 
1.15 0 0 0 
1.25 0 0 0 
1.35 0 0 0 
1.45 0 0 0 
1.55 0 0 0 
1.65 0 0 0 
1.75 0 0 0 
1.85 0 0 0 
1.95 0 0 0 
2.05 0 0 0 
2.15 0 0 0 
2.25 1528390.73 811759.7227 50 
2.35 47236102.05 22125982.85 400 
2.45 392809028.1 201223099.2 800 
2.55 1059988731 380811355.4 1150 
2.65 1245360487 383387591.2 2600 
2.75 6268974805 1102524551 7900 
2.85 1.215809243e+10 1295847594 15300 
2.95 1.611538821e+10 1427653597 18100 
3.05 1.669988292e+10 1613864717 16899 
3.15 1.22025996e+10 1023262756 14899 
3.25 1.817131249e+10 1829226147 17999 
3.35 1.864311543e+10 1752880491 14598 
3.45 1.386078627e+10 1266715420 14498 
3.55 1.884941184e+10 1728109913 13650 
3.65 1.929277713e+10 1847061924 13299 
3.75 1.772550918e+10 1618680556 12198 
3.85 1.350304801e+10 1300034792 9800 
3.95 1.587648962e+10 1727745354 9299 
4.05 1.36933807e+10 1386936902 8000 
4.15 1.297022727e+10 1238092157 8299 
4.25 1.354042231e+10 1445331592 7800 
4.35 1.60440619e+10 1554055158 7650 
4.45 1.251785253e+10 1089621665 7350 
4.55 1.143248789e+10 1115628215 6499 
4.65 1.259350191e+10 1310208892 5800 
4.75 1.072433516e+10 1080491866 5600 
4.85 9055107730 930482874.8 4149 
4.95 1.243641591e+10 1247423096 5550 
5.05 7148407208 957861687.7 3350 
5.15 1.066135623e+10 1224254936 3950 
5.25 1.201500328e+10 1302302745 4300 
5.35 1.012151516e+10 1284295115 3650 
5.45 1.323842626e+10 1568795962 3700 
5.55 6192055277 825797628.6 2300 
5.65 8683129146 1048631074 3050 
5.75 6317280287 921839903.1 2149 
5.85 6406951597 729222345.1 2499 
5.95 1.024867576e+10 1131903868 2700 
6.05 9417628967 1235966523 2650 
6.15 8418434418 1236332787 2250 
6.25 7411426893 1124260285 1550 
6.35 6193295832 909192630.6 1550 
6.45 3986533956 843475531.1 1050 
6.55 1225198466 359558018.7 350 
6.65 767297371.7 340630106.2 100 
6.75 0 0 0 
6.85 0 0 0 
6.95 0 0 0 
7.05 0 0 0 
7.15 0 0 0 
7.25 0 0 0 
7.35 0 0 0 
7.45 0 0 0 
7.55 0 0 0 
7.65 0 0 0 
7.75 0 0 0 
7.85 0 0 0 
7.95 0 0 0 
8.05 0 0 0 
8.15 0 0 0 
8.25 0 0 0 
8.35 0 0 0 
8.45 0 0 0 
8.55 0 0 0 
8.65 0 0 0 
8.75 0 0 0 
8.85 0 0 0 
8.95 0 0 0 
9.05 0 0 0 
9.15 0 0 0 
9.25 0 0 0 
9.35 0 0 0 
9.45 0 0 0 
9.55 0 0 0 
9.65 0 0 0 
9.75 0 0 0 
9.85 0 0 0 
9.95 0 0 0 
10.05 0 0 0 
10.15 0 0 0 
10.25 0 0 0 
10.35 0 0 0 
10.45 0 0 0 
10.55 0 0 0 
10.65 0 0 0 
10.75 0 0 0 
10.85 0 0 0 
10.95 0 0 0 
11.05 0 0 0 
11.15 0 0 0 
11.25 0 0 0 
11.35 0 0 0 
11.45 0 0 0 
11.55 0 0 0 
11.65 0 0 0 
11.75 0 0 0 
11.85 0 0 0 
11.95 0 0 0 
