# Format: McCode with text headers
# URL: http://www.mccode.org
# Creator:  3.8.5, git
# Instrument: eqsans_cylinder.instr
# Ncount: 5000000
# Trace: no
# Gravitation: no
# Seed: 1790195674770292
# Directory: /Users/georgeyumnam/WORK/PANRAID/PaNRAID-results/Group2/panraidproject/dataset_cylinder/cyl_001652
# Param: gx=0
# Param: gy=0
# Param: sample_on=1
# Param: bs_radius=0
# Param: samp_ap=0.01
# Param: sld=4.37182
# Param: sld_solvent=1
# Param: radius=29.4662
# Param: length=352.441
# Param: pd_radius=0.081476
# Param: pd_length=0.029712
# Param: model_scale=1
# Param: model_abs=0
# Date: Wed Sep 23 22:34:52 2026 (1790195692)
# type: array_1d(100)
# Source: EQ_SANS_cylinder (eqsans_cylinder.instr)
# component: qmon
# position: 0 0 22.281
# title: QMonitor - Distribution in q (Radially averaged)
# Ncount: 5000000
# filename: qdet.dat
# statistics: X0=0.0201188; dX=0.0191266;
# signal: Min=7.1318e+10; Max=3.53784e+14; Mean=5.1172e+13;
# values: 5.1172e+15 9.10723e+13 252988
# xvar: q
# yvar: (I,I_err)
# xlabel: q [1 / AA]
# ylabel: I(q)
# xlimits: 0 0.151561
# variables: q I I_err N
0.0007578035702 3.537838417e+14 6.897841398e+13 41 
0.002273410711 3.32505504e+14 3.388469538e+13 133 
0.003789017851 3.03969756e+14 2.587623527e+13 205 
0.005304624991 3.308501512e+14 2.294523292e+13 314 
0.006820232132 2.782919269e+14 1.774490873e+13 361 
0.008335839272 2.321157891e+14 1.406774143e+13 408 
0.009851446413 2.567709087e+14 1.323916501e+13 544 
0.01136705355 2.274631177e+14 1.121276557e+13 613 
0.01288266069 2.006446122e+14 9.064957957e+12 713 
0.01439826783 1.754009255e+14 7.991737159e+12 749 
0.01591387497 1.84317574e+14 7.84983875e+12 874 
0.01742948211 1.608775395e+14 6.601942067e+12 926 
0.01894508925 1.543054707e+14 6.180869626e+12 1010 
0.0204606964 1.298530635e+14 4.94279849e+12 1070 
0.02197630354 1.205324239e+14 4.308587615e+12 1165 
0.02349191068 1.206266121e+14 4.151677438e+12 1301 
0.02500751782 1.082620288e+14 3.642844552e+12 1328 
0.02652312496 9.677918651e+13 3.199697592e+12 1372 
0.0280387321 9.027203498e+13 2.890112432e+12 1442 
0.02955433924 8.265973031e+13 2.598014257e+12 1533 
0.03106994638 7.889141717e+13 2.347482123e+12 1649 
0.03258555352 7.355605508e+13 2.186392712e+12 1704 
0.03410116066 7.090769557e+13 2.01331738e+12 1843 
0.0356167678 6.677986729e+13 1.837279771e+12 1928 
0.03713237494 6.199631317e+13 1.684852383e+12 1987 
0.03864798208 6.019377993e+13 1.570900734e+12 2102 
0.04016358922 5.199650239e+13 1.402012168e+12 2039 
0.04167919636 5.305900333e+13 1.332411571e+12 2298 
0.0431948035 4.667778066e+13 1.192400272e+12 2246 
0.04471041064 4.553296835e+13 1.110095461e+12 2414 
0.04622601778 4.067593025e+13 9.868392775e+11 2410 
0.04774162492 4.002248219e+13 9.466198293e+11 2581 
0.04925723206 3.827307796e+13 8.853265403e+11 2718 
0.0507728392 3.483921469e+13 8.008783161e+11 2730 
0.05228844634 3.231293399e+13 7.251924639e+11 2844 
0.05380405348 2.983169338e+13 6.77754651e+11 2821 
0.05531966062 2.824790998e+13 6.175332199e+11 2979 
0.05683526776 2.718618393e+13 5.838030661e+11 3060 
0.05835087491 2.488961836e+13 5.337820923e+11 3089 
0.05986648205 2.334010879e+13 4.924598702e+11 3227 
0.06138208919 2.123120425e+13 4.437750017e+11 3264 
0.06289769633 1.973853599e+13 4.089324545e+11 3288 
0.06441330347 1.838342141e+13 3.803229816e+11 3332 
0.06592891061 1.736231308e+13 3.473699999e+11 3494 
0.06744451775 1.530686977e+13 3.126166478e+11 3427 
0.06896012489 1.533623872e+13 2.955104152e+11 3760 
0.07047573203 1.371554591e+13 2.671210986e+11 3646 
0.07199133917 1.230206775e+13 2.400024989e+11 3665 
0.07350694631 1.178896781e+13 2.29036969e+11 3750 
0.07502255345 1.016510157e+13 1.991446029e+11 3629 
0.07653816059 9.690564927e+12 1.849553739e+11 3781 
0.07805376773 8.69367362e+12 1.654429739e+11 3807 
0.07956937487 8.100081904e+12 1.549935669e+11 3831 
0.08108498201 7.225648597e+12 1.360740381e+11 3901 
0.08260058915 6.476163184e+12 1.255146774e+11 3750 
0.08411619629 5.975188276e+12 1.125272298e+11 3957 
0.08563180343 5.370264318e+12 1.032502848e+11 3839 
0.08714741057 4.645141399e+12 9.046072925e+10 3778 
0.08866301771 4.369275368e+12 8.465475331e+10 3863 
0.09017862485 3.916955005e+12 7.521271615e+10 3889 
0.09169423199 3.414788194e+12 6.624959785e+10 3806 
0.09320983913 2.971253113e+12 5.906048284e+10 3722 
0.09472544627 2.746417869e+12 5.357636859e+10 3859 
0.09624105341 2.435669204e+12 4.776653996e+10 3807 
0.09775666056 2.155217371e+12 4.29575902e+10 3780 
0.0992722677 1.857691465e+12 3.716309265e+10 3729 
0.1007878748 1.641740363e+12 3.365603255e+10 3645 
0.102303482 1.44327145e+12 2.966176135e+10 3643 
0.1038190891 1.240056231e+12 2.565139472e+10 3654 
0.1053346963 1.067322296e+12 2.335872046e+10 3386 
0.1068503034 9.112699331e+11 1.988024994e+10 3423 
0.1083659105 7.907591019e+11 1.765496544e+10 3366 
0.1098815177 6.677172478e+11 1.529422623e+10 3342 
0.1113971248 5.76832269e+11 1.33510669e+10 3282 
0.112912732 4.921745568e+11 1.157407225e+10 3305 
0.1144283391 4.16405375e+11 1.015678065e+10 3155 
0.1159439462 3.46772354e+11 8641209725 3080 
0.1174595534 2.952270709e+11 7512176988 3010 
0.1189751605 2.594164212e+11 6719812472 3010 
0.1204907677 2.211756218e+11 5814539992 3006 
0.1220063748 1.887095263e+11 4950229466 2931 
0.1235219819 1.666285861e+11 4466749204 2857 
0.1250375891 1.353747098e+11 3698871916 2689 
0.1265531962 1.22293619e+11 3336499794 2725 
0.1280688034 1.036636477e+11 2863379402 2544 
0.1295844105 1.005379258e+11 2718203074 2603 
0.1311000176 9.139668158e+10 2580951219 2530 
0.1326156248 8.508486016e+10 2395621864 2422 
0.1341312319 8.148260897e+10 2339679382 2324 
0.1356468391 8.169283292e+10 2403793458 2288 
0.1371624462 7.77119962e+10 2286845905 2203 
0.1386780533 8.568244697e+10 2535550327 2291 
0.1401936605 7.131802122e+10 2222323642 2023 
0.1417092676 8.022327098e+10 2442627394 2037 
0.1432248748 8.267377336e+10 2511162698 2005 
0.1447404819 8.083413226e+10 2442681440 1937 
0.146256089 8.356677757e+10 2580663970 1896 
0.1477716962 8.191488276e+10 2536990509 1817 
0.1492873033 8.035420275e+10 2537092003 1715 
0.1508029105 7.933224531e+10 2443488248 1719 
