# Format: McCode with text headers
# URL: http://www.mccode.org
# Creator:  3.8.5, git
# Instrument: eqsans_cylinder.instr
# Ncount: 5000000
# Trace: no
# Gravitation: no
# Seed: 1790194260055341
# Directory: /Users/georgeyumnam/WORK/PANRAID/PaNRAID-results/Group2/panraidproject/dataset_cylinder/cyl_000862
# Param: gx=0
# Param: gy=0
# Param: sample_on=1
# Param: bs_radius=0
# Param: samp_ap=0.01
# Param: sld=6.4101
# Param: sld_solvent=1
# Param: radius=63.4874
# Param: length=545.492
# Param: pd_radius=0.172256
# Param: pd_length=0.163001
# Param: model_scale=1
# Param: model_abs=0
# Date: Wed Sep 23 22:11:18 2026 (1790194278)
# type: array_1d(100)
# Source: EQ_SANS_cylinder (eqsans_cylinder.instr)
# component: qmon
# position: 0 0 22.281
# title: QMonitor - Distribution in q (Radially averaged)
# Ncount: 5000000
# filename: qdet.dat
# statistics: X0=0.0114678; dX=0.0101864;
# signal: Min=9.99463e+11; Max=3.75923e+16; Mean=3.88052e+15;
# values: 3.88052e+17 1.09951e+16 256569
# xvar: q
# yvar: (I,I_err)
# xlabel: q [1 / AA]
# ylabel: I(q)
# xlimits: 0 0.151561
# variables: q I I_err N
0.0007578035702 3.271348577e+16 8.011844211e+15 38 
0.002273410711 3.759234517e+16 4.423046123e+15 130 
0.003789017851 3.64507425e+16 3.479086657e+15 208 
0.005304624991 3.319323585e+16 2.613828686e+15 314 
0.006820232132 3.317322188e+16 2.564405759e+15 405 
0.008335839272 2.753887156e+16 2.072033723e+15 428 
0.009851446413 2.235401848e+16 1.450319658e+15 517 
0.01136705355 2.258383075e+16 1.402361706e+15 626 
0.01288266069 1.853748316e+16 1.054321805e+15 706 
0.01439826783 1.843497298e+16 9.5364771e+14 851 
0.01591387497 1.431948877e+16 7.669075351e+14 904 
0.01742948211 1.49439087e+16 9.195049907e+14 991 
0.01894508925 1.168126698e+16 5.345646924e+14 1123 
0.0204606964 9.496934419e+15 4.315979578e+14 1091 
0.02197630354 7.665285224e+15 3.558209299e+14 1160 
0.02349191068 7.685543648e+15 3.140189756e+14 1344 
0.02500751782 5.986661241e+15 2.383051882e+14 1370 
0.02652312496 5.241258153e+15 2.000988556e+14 1466 
0.0280387321 4.486042422e+15 1.66158788e+14 1538 
0.02955433924 3.752070107e+15 1.341540813e+14 1646 
0.03106994638 3.270302073e+15 1.202758991e+14 1752 
0.03258555352 2.854021576e+15 9.79480381e+13 1841 
0.03410116066 2.271585972e+15 8.308622231e+13 1810 
0.0356167678 2.010197098e+15 6.746515688e+13 1951 
0.03713237494 1.637007656e+15 5.80741685e+13 1967 
0.03864798208 1.308037522e+15 4.318919876e+13 2130 
0.04016358922 1.163587832e+15 3.762631794e+13 2256 
0.04167919636 8.822493125e+14 2.945083694e+13 2313 
0.0431948035 7.414877479e+14 2.322445316e+13 2482 
0.04471041064 6.049117618e+14 1.952670118e+13 2528 
0.04622601778 4.529146161e+14 1.466280746e+13 2436 
0.04774162492 3.851370397e+14 1.229191315e+13 2658 
0.04925723206 3.103976938e+14 1.020421425e+13 2651 
0.0507728392 2.588487189e+14 8.078829965e+12 2813 
0.05228844634 2.157794502e+14 6.883214011e+12 2841 
0.05380405348 1.678506029e+14 5.268023628e+12 2927 
0.05531966062 1.366688051e+14 4.125363653e+12 3027 
0.05683526776 1.21755667e+14 3.536310284e+12 3178 
0.05835087491 9.830688325e+13 2.765746836e+12 3216 
0.05986648205 8.781233565e+13 2.457578056e+12 3285 
0.06138208919 8.424593863e+13 2.323415161e+12 3337 
0.06289769633 7.109612851e+13 1.942713692e+12 3291 
0.06441330347 6.838506855e+13 1.75810222e+12 3389 
0.06592891061 6.777756972e+13 1.732420833e+12 3452 
0.06744451775 6.380476809e+13 1.601689837e+12 3602 
0.06896012489 6.2202628e+13 1.497477285e+12 3673 
0.07047573203 5.775089688e+13 1.38540995e+12 3708 
0.07199133917 5.699606363e+13 1.332516616e+12 3737 
0.07350694631 5.52550291e+13 1.252166846e+12 3819 
0.07502255345 4.988087674e+13 1.145091785e+12 3736 
0.07653816059 4.700856772e+13 1.052282224e+12 3860 
0.07805376773 4.695997617e+13 1.024973551e+12 3956 
0.07956937487 4.220089762e+13 9.180433928e+11 3858 
0.08108498201 4.041512133e+13 8.871444676e+11 3951 
0.08260058915 3.570998427e+13 7.718001245e+11 3943 
0.08411619629 3.466903094e+13 7.365500629e+11 4004 
0.08563180343 3.024788615e+13 6.504233915e+11 3931 
0.08714741057 2.788174962e+13 6.020944033e+11 3803 
0.08866301771 2.625697032e+13 5.641311376e+11 3903 
0.09017862485 2.304840868e+13 4.945908826e+11 3883 
0.09169423199 2.132810107e+13 4.512766747e+11 3935 
0.09320983913 1.944569075e+13 4.118689965e+11 3928 
0.09472544627 1.691347897e+13 3.668003441e+11 3767 
0.09624105341 1.575625999e+13 3.420228758e+11 3767 
0.09775666056 1.472478246e+13 3.160547619e+11 3801 
0.0992722677 1.329961332e+13 2.894780395e+11 3768 
0.1007878748 1.175521099e+13 2.606567906e+11 3684 
0.102303482 1.101084216e+13 2.478505329e+11 3651 
0.1038190891 9.87704394e+12 2.187831356e+11 3587 
0.1053346963 9.353696869e+12 2.077740784e+11 3593 
0.1068503034 8.471877251e+12 1.948980833e+11 3439 
0.1083659105 7.825738461e+12 1.782636515e+11 3439 
0.1098815177 7.45775097e+12 1.735900563e+11 3371 
0.1113971248 6.90551657e+12 1.602062869e+11 3332 
0.112912732 6.389353409e+12 1.510064953e+11 3258 
0.1144283391 5.840068125e+12 1.366182613e+11 3203 
0.1159439462 5.369990125e+12 1.292195811e+11 3100 
0.1174595534 4.962866388e+12 1.200881991e+11 3008 
0.1189751605 4.795459137e+12 1.145574222e+11 3086 
0.1204907677 4.397090055e+12 1.068525319e+11 2961 
0.1220063748 4.287258784e+12 1.044776284e+11 2905 
0.1235219819 3.824526231e+12 9.373562874e+10 2840 
0.1250375891 3.568146171e+12 8.898746132e+10 2727 
0.1265531962 3.369361232e+12 8.549839485e+10 2699 
0.1280688034 3.100852274e+12 7.879437052e+10 2630 
0.1295844105 2.972052338e+12 7.561007893e+10 2587 
0.1311000176 2.658453821e+12 6.994095572e+10 2468 
0.1326156248 2.413861749e+12 6.3759694e+10 2372 
0.1341312319 2.235248742e+12 6.039469472e+10 2290 
0.1356468391 2.127873253e+12 5.664630077e+10 2300 
0.1371624462 1.905193828e+12 5.201646647e+10 2211 
0.1386780533 1.749547285e+12 4.869539753e+10 2105 
0.1401936605 1.687035415e+12 4.686784972e+10 2072 
0.1417092676 1.50895727e+12 4.308006293e+10 1981 
0.1432248748 1.365319869e+12 4.009099062e+10 1904 
0.1447404819 1.32168931e+12 3.813571132e+10 1934 
0.146256089 1.158287609e+12 3.498776683e+10 1823 
0.1477716962 1.153682042e+12 3.339658759e+10 1893 
0.1492873033 9.994630388e+11 3.119995522e+10 1696 
0.1508029105 1.000699378e+12 3.080665839e+10 1700 
