# Format: McCode with text headers
# URL: http://www.mccode.org
# Creator:  3.8.5, git
# Instrument: eqsans_sans.instr
# Ncount: 10000000
# Trace: no
# Gravitation: no
# Seed: 1790180885369986
# Directory: /Users/georgeyumnam/WORK/PANRAID/PaNRAID-results/Group2/panraidproject/scan_sans_sample/x-13_y-03
# Param: gx=-0.013
# Param: gy=-0.003
# Param: sample_on=1
# Param: R_sphere=100
# Param: Phi=0.01
# Param: bs_radius=0
# Param: samp_ap=0.01
# Date: Wed Sep 23 18:28:39 2026 (1790180919)
# type: array_1d(100)
# Source: EQ_SANS_sample (eqsans_sans.instr)
# component: qmon
# position: 0 0 22.281
# title: QMonitor - Distribution in q (Radially averaged)
# Ncount: 10000000
# filename: qdet.dat
# statistics: X0=0.0129838; dX=0.0101506;
# signal: Min=4172.79; Max=2.97545e+08; Mean=3.05422e+07;
# values: 3.05422e+09 3.59364e+08 4657
# xvar: q
# yvar: (I,I_err)
# xlabel: q [1 / AA]
# ylabel: I(q)
# xlimits: 0 0.151561
# variables: q I I_err N
0.0007578035702 215428434 215428434 1 
0.002273410711 239607459.3 140428816.1 3 
0.003789017851 135228719.1 119447884 2 
0.005304624991 175710233.9 94346633.06 4 
0.006820232132 297545059.6 112832075 8 
0.008335839272 185135298.5 68805006.74 10 
0.009851446413 251403368.4 73276687.12 13 
0.01136705355 139610092.6 62293476.5 6 
0.01288266069 227709990.3 65671698.09 16 
0.01439826783 180726294.4 68271506.72 11 
0.01591387497 156357792.6 46996788.96 15 
0.01742948211 54478068.6 24142748.51 7 
0.01894508925 170315584 40642321.06 24 
0.0204606964 80800187.35 25405907.53 16 
0.02197630354 68798794.74 22790588.54 12 
0.02349191068 90407742.49 34024369.45 21 
0.02500751782 72981446.07 19337544.69 29 
0.02652312496 65099853.39 18500608.67 29 
0.0280387321 51211579.97 15367431.51 25 
0.02955433924 31157053.94 8851297.398 19 
0.03106994638 47793369.45 9487993.297 44 
0.03258555352 16773583.5 4792047.864 23 
0.03410116066 17330292.06 4575028.916 28 
0.0356167678 13412698 4114191.728 31 
0.03713237494 20847935.41 9016854.945 42 
0.03864798208 9999613.758 3945114.69 49 
0.04016358922 5477912.421 1569219.111 41 
0.04167919636 2727765.387 1119591.068 29 
0.0431948035 2605306.19 779724.9798 40 
0.04471041064 1008668.793 334342.2357 35 
0.04622601778 1147267.831 256726.9011 51 
0.04774162492 1041487.867 308268.3631 41 
0.04925723206 1094871.46 186061.5684 64 
0.0507728392 1424832.715 267476.9535 60 
0.05228844634 1194668.483 235842.0331 47 
0.05380405348 1353800.627 248153.386 47 
0.05531966062 1024883.679 188940.4228 44 
0.05683526776 1964973.6 276664.6979 69 
0.05835087491 1521854.981 235893.0569 55 
0.05986648205 1877307.3 275100.8209 69 
0.06138208919 1448054.057 229201.9307 59 
0.06289769633 1413325.317 241983.4011 56 
0.06441330347 1465220.336 206717.5275 76 
0.06592891061 992863.6118 163375.3773 63 
0.06744451775 860986.7734 141520.5287 69 
0.06896012489 742738.128 140471.8241 67 
0.07047573203 524370.2088 96828.50244 68 
0.07199133917 436917.2208 96492.26187 65 
0.07350694631 219018.2787 60068.87998 56 
0.07502255345 283209.0882 70873.37555 54 
0.07653816059 145540.9724 38851.61158 56 
0.07805376773 198346.4404 38493.39072 77 
0.07956937487 258110.3096 63082.91083 81 
0.08108498201 170700.7213 31909.38843 76 
0.08260058915 187566.1601 30277.4846 76 
0.08411619629 168369.5067 25342.04267 69 
0.08563180343 191805.9888 29448.19446 67 
0.08714741057 248532.5978 33766.14936 75 
0.08866301771 273799.3356 35355.76696 89 
0.09017862485 314254.6721 40432.09189 86 
0.09169423199 228696.1235 35347.72839 57 
0.09320983913 198082.446 31011.02834 60 
0.09472544627 185254.8421 27599.24194 60 
0.09624105341 144588.2176 23310.63595 60 
0.09775666056 152567.5028 24025.05521 63 
0.0992722677 168059.0812 25746.26334 70 
0.1007878748 165351.0608 25034.21928 75 
0.102303482 91563.87578 15903.02548 65 
0.1038190891 80294.92334 14194.15576 71 
0.1053346963 101690.9043 17326.24808 79 
0.1068503034 52721.86728 10344.54667 65 
0.1083659105 31840.66484 7582.696255 52 
0.1098815177 32748.9633 7847.612479 53 
0.1113971248 36073.73482 6671.712668 72 
0.112912732 29030.89029 5551.280614 46 
0.1144283391 32623.55661 5752.890231 51 
0.1159439462 30386.06069 5766.017986 47 
0.1174595534 42882.42211 6963.660683 53 
0.1189751605 54642.66071 8058.955488 64 
0.1204907677 43543.63448 7058.497815 50 
0.1220063748 40590.46347 6822.683629 46 
0.1235219819 37440.62832 6599.012032 45 
0.1250375891 51352.09646 7888.004531 56 
0.1265531962 44838.27461 7260.935978 51 
0.1280688034 23377.07134 4537.124864 37 
0.1295844105 40490.33146 6165.848965 65 
0.1311000176 37098.83996 6640.969381 52 
0.1326156248 28349.32986 4929.544287 62 
0.1341312319 19547.59992 3948.294257 46 
0.1356468391 19442.02477 4056.053065 43 
0.1371624462 17477.40928 3718.586285 53 
0.1386780533 8330.058092 1824.706705 47 
0.1401936605 9622.545279 2433.686887 37 
0.1417092676 13901.04362 3305.257918 53 
0.1432248748 4172.79428 1156.591513 27 
0.1447404819 10638.67644 2292.171362 41 
0.146256089 8241.34805 1887.735153 32 
0.1477716962 7063.491895 1590.959816 26 
0.1492873033 7594.288049 1759.310759 26 
0.1508029105 8319.209905 1831.42583 34 
