# Format: McCode with text headers
# URL: http://www.mccode.org
# Creator:  3.8.5, git
# Instrument: eqsans_cylinder.instr
# Ncount: 5000000
# Trace: no
# Gravitation: no
# Seed: 1790195166936085
# Directory: /Users/georgeyumnam/WORK/PANRAID/PaNRAID-results/Group2/panraidproject/dataset_cylinder/cyl_001369
# Param: gx=0
# Param: gy=0
# Param: sample_on=1
# Param: bs_radius=0
# Param: samp_ap=0.01
# Param: sld=5.59143
# Param: sld_solvent=1
# Param: radius=55.4925
# Param: length=424.348
# Param: pd_radius=0.020477
# Param: pd_length=0.194683
# Param: model_scale=1
# Param: model_abs=0
# Date: Wed Sep 23 22:26:24 2026 (1790195184)
# type: array_1d(100)
# Source: EQ_SANS_cylinder (eqsans_cylinder.instr)
# component: qmon
# position: 0 0 22.281
# title: QMonitor - Radially averaged distribution
# Ncount: 5000000
# filename: rdet.dat
# statistics: X0=0.0696397; dX=0.0651942;
# signal: Min=2.30162e+12; Max=3.45445e+15; Mean=4.46468e+14;
# values: 4.46468e+16 1.12233e+15 157161
# xvar: r
# yvar: (I,I_err)
# xlabel: Radius [m]
# ylabel: I(r)
# xlimits: 0 0.5
# variables: r I I_err N
0.0025 3.454450602e+15 8.860311687e+14 20 
0.0075 2.508720677e+15 3.921859797e+14 50 
0.0125 1.94158581e+15 2.502649997e+14 76 
0.0175 2.114700477e+15 2.403859693e+14 96 
0.0225 2.378865941e+15 2.099673355e+14 161 
0.0275 2.264454531e+15 1.835833538e+14 199 
0.0325 1.909045424e+15 1.577134184e+14 192 
0.0375 1.961783998e+15 1.517600478e+14 235 
0.0425 1.625513651e+15 1.207722058e+14 248 
0.0475 1.719308158e+15 1.161687382e+14 299 
0.0525 1.563227134e+15 1.033300892e+14 306 
0.0575 1.490924942e+15 8.772841315e+13 380 
0.0625 1.385614685e+15 8.215674819e+13 387 
0.0675 1.441246121e+15 7.827521999e+13 457 
0.0725 1.30404124e+15 7.083873983e+13 467 
0.0775 1.090428605e+15 6.02497595e+13 461 
0.0825 9.827480722e+14 5.141021223e+13 499 
0.0875 9.716980451e+14 4.912668038e+13 538 
0.0925 9.778819776e+14 4.675947841e+13 602 
0.0975 8.7736083e+14 4.102806974e+13 635 
0.1025 7.624375049e+14 3.685771598e+13 620 
0.1075 7.390566163e+14 3.323667609e+13 683 
0.1125 6.695263415e+14 3.051849026e+13 697 
0.1175 6.541302212e+14 2.799019728e+13 779 
0.1225 6.14165252e+14 2.582825665e+13 808 
0.1275 5.441839211e+14 2.23256275e+13 828 
0.1325 4.686750677e+14 1.983500311e+13 813 
0.1375 4.578819439e+14 1.959113725e+13 841 
0.1425 4.16055895e+14 1.71817834e+13 874 
0.1475 4.030137403e+14 1.588934185e+13 954 
0.1525 3.916020956e+14 1.536642166e+13 1021 
0.1575 3.600813395e+14 1.399429174e+13 1031 
0.1625 3.326047428e+14 1.277909124e+13 1076 
0.1675 2.972444746e+14 1.178050796e+13 1037 
0.1725 2.687814345e+14 1.088314296e+13 1041 
0.1775 2.456774172e+14 9.951793004e+12 1050 
0.1825 2.290327944e+14 9.338632508e+12 1101 
0.1875 2.201904871e+14 8.50698312e+12 1177 
0.1925 1.972768146e+14 7.808833386e+12 1185 
0.1975 1.897470957e+14 7.443434383e+12 1240 
0.2025 1.759086358e+14 7.004563565e+12 1273 
0.2075 1.671856751e+14 6.683277455e+12 1286 
0.2125 1.421529486e+14 5.59004182e+12 1314 
0.2175 1.373706094e+14 5.383764242e+12 1392 
0.2225 1.221547423e+14 4.779827263e+12 1420 
0.2275 1.09683895e+14 4.383419272e+12 1414 
0.2325 1.12004855e+14 4.483769596e+12 1502 
0.2375 1.03904086e+14 4.169243283e+12 1497 
0.2425 8.857359138e+13 3.621272519e+12 1542 
0.2475 8.415852614e+13 3.509282559e+12 1558 
0.2525 7.357760635e+13 3.131378699e+12 1566 
0.2575 7.355552717e+13 3.110561615e+12 1671 
0.2625 6.490226774e+13 2.742617939e+12 1656 
0.2675 6.136575206e+13 2.574642243e+12 1717 
0.2725 5.290478815e+13 2.324722558e+12 1624 
0.2775 5.157687836e+13 2.252777563e+12 1732 
0.2825 4.758021703e+13 2.0730532e+12 1795 
0.2875 4.091790026e+13 1.814547791e+12 1791 
0.2925 4.05168323e+13 1.813162258e+12 1851 
0.2975 3.654668751e+13 1.689148514e+12 1832 
0.3025 3.476044883e+13 1.57938093e+12 1893 
0.3075 3.146320259e+13 1.430099466e+12 1886 
0.3125 2.919161511e+13 1.265949752e+12 2010 
0.3175 2.724283681e+13 1.276905008e+12 1963 
0.3225 2.502319673e+13 1.143070741e+12 2019 
0.3275 2.284955986e+13 1.050793029e+12 2069 
0.3325 2.084039391e+13 9.659821969e+11 2069 
0.3375 1.87090812e+13 8.760459229e+11 2103 
0.3425 1.584463028e+13 7.57823146e+11 2121 
0.3475 1.609633588e+13 7.723857276e+11 2142 
0.3525 1.488514436e+13 7.08359877e+11 2215 
0.3575 1.48399377e+13 6.859341732e+11 2325 
0.3625 1.227035244e+13 5.555596364e+11 2210 
0.3675 1.249750912e+13 5.62876846e+11 2399 
0.3725 1.094816421e+13 4.963445334e+11 2338 
0.3775 1.023816021e+13 4.402266154e+11 2413 
0.3825 9.507800381e+12 4.491560395e+11 2318 
0.3875 9.222475397e+12 3.895022053e+11 2493 
0.3925 7.861179412e+12 3.507246611e+11 2389 
0.3975 7.911986029e+12 3.41135645e+11 2583 
0.4025 7.289084775e+12 2.904174426e+11 2570 
0.4075 7.019973235e+12 3.005866177e+11 2594 
0.4125 6.154736489e+12 2.537648554e+11 2580 
0.4175 5.694967332e+12 2.325533232e+11 2531 
0.4225 5.672675042e+12 2.232836584e+11 2651 
0.4275 4.732731908e+12 1.834091312e+11 2587 
0.4325 4.586623582e+12 1.745669249e+11 2720 
0.4375 4.222553623e+12 1.537602386e+11 2784 
0.4425 4.151056351e+12 1.493220948e+11 2734 
0.4475 4.021746975e+12 1.359293935e+11 2900 
0.4525 3.755357645e+12 1.24731454e+11 2934 
0.4575 3.544343892e+12 1.133482167e+11 2979 
0.4625 3.410233653e+12 1.127526145e+11 2911 
0.4675 3.075734806e+12 8.914816451e+10 2913 
0.4725 3.020011378e+12 9.056081184e+10 3021 
0.4775 2.877681307e+12 8.660515401e+10 2992 
0.4825 2.588541168e+12 7.421810374e+10 3029 
0.4875 2.568685214e+12 7.379143679e+10 2997 
0.4925 2.396839951e+12 6.318252876e+10 3103 
0.4975 2.301620755e+12 6.304445081e+10 3076 
