# Format: McCode with text headers
# URL: http://www.mccode.org
# Creator:  3.8.5, git
# Instrument: eqsans_cylinder.instr
# Ncount: 5000000
# Trace: no
# Gravitation: no
# Seed: 1790192803825420
# Directory: /Users/georgeyumnam/WORK/PANRAID/PaNRAID-results/Group2/panraidproject/dataset_cylinder/cyl_000051
# Param: gx=0
# Param: gy=0
# Param: sample_on=1
# Param: bs_radius=0
# Param: samp_ap=0.01
# Param: sld=5.3248
# Param: sld_solvent=1
# Param: radius=43.0043
# Param: length=450.473
# Param: pd_radius=0.157133
# Param: pd_length=0.05303
# Param: model_scale=1
# Param: model_abs=0
# Date: Wed Sep 23 21:47:02 2026 (1790192822)
# type: array_1d(120)
# Source: EQ_SANS_cylinder (eqsans_cylinder.instr)
# component: lambda_det
# position: 0 0 22.28
# title: Wavelength monitor
# Ncount: 5000000
# filename: lambda_det.dat
# statistics: X0=4.37112; dX=1.0436;
# signal: Min=0; Max=1.00388e+11; Mean=2.31228e+10;
# values: 2.77474e+12 2.03103e+10 281989
# xvar: L
# yvar: (I,I_err)
# xlabel: Wavelength [AA]
# ylabel: Intensity
# xlimits: 0 12
# variables: L I I_err N
0.05 0 0 0 
0.15 0 0 0 
0.25 0 0 0 
0.35 0 0 0 
0.45 0 0 0 
0.55 0 0 0 
0.65 0 0 0 
0.75 0 0 0 
0.85 0 0 0 
0.95 0 0 0 
1.05 0 0 0 
1.15 0 0 0 
1.25 0 0 0 
1.35 0 0 0 
1.45 0 0 0 
1.55 0 0 0 
1.65 0 0 0 
1.75 0 0 0 
1.85 0 0 0 
1.95 0 0 0 
2.05 0 0 0 
2.15 312631130.5 147648485 50 
2.25 247452361.3 116480567.5 200 
2.35 1476391716 388607376.3 400 
2.45 2472669892 526740953.6 750 
2.55 3219108358 561768084.3 800 
2.65 1.07874347e+10 1058353317 2750 
2.75 3.750924329e+10 2071602304 7850 
2.85 7.382898838e+10 3516756466 14499 
2.95 9.673816604e+10 3830155503 17050 
3.05 9.963730459e+10 3678114858 17050 
3.15 9.887897411e+10 3779924167 16399 
3.25 9.920997483e+10 3745536040 15849 
3.35 9.518250201e+10 3895158373 13699 
3.45 9.38411011e+10 3724008392 12900 
3.55 8.604795454e+10 3470911536 11450 
3.65 9.217147246e+10 3753778143 10950 
3.75 1.003882125e+11 4057279062 11650 
3.85 9.798657935e+10 3886082975 10400 
3.95 8.857349231e+10 3645152602 9149 
4.05 8.858954497e+10 3437763766 9449 
4.15 8.409314505e+10 3679337226 7499 
4.25 8.64159479e+10 3597707673 7650 
4.35 7.434117986e+10 3021912659 6700 
4.45 8.362588132e+10 3528427881 6950 
4.55 7.876365706e+10 3064161884 6599 
4.65 7.24205111e+10 3182608551 5450 
4.75 6.604983279e+10 3130446424 5100 
4.85 6.894494458e+10 3108324904 5050 
4.95 5.202345968e+10 2566660531 3900 
5.05 5.610423153e+10 2955053721 3749 
5.15 6.576152886e+10 2866389851 4250 
5.25 7.925500897e+10 3522877330 4550 
5.35 7.161417457e+10 3508584443 3950 
5.45 6.306129411e+10 3140485227 3700 
5.55 5.093613248e+10 2568800634 2899 
5.65 6.506500624e+10 3143366144 3350 
5.75 5.255803308e+10 2786947729 2649 
5.85 5.852771798e+10 2895898545 2900 
5.95 5.787297118e+10 3586335246 2300 
6.05 4.043828121e+10 2595356921 1950 
6.15 4.640336257e+10 2813414442 2100 
6.25 3.850731886e+10 2474244915 1650 
6.35 4.373291749e+10 2603811240 1950 
6.45 2.851725817e+10 2118369547 950 
6.55 1.82389372e+10 1514232751 700 
6.65 4367456297 821362682.1 200 
6.75 0 0 0 
6.85 0 0 0 
6.95 0 0 0 
7.05 0 0 0 
7.15 0 0 0 
7.25 0 0 0 
7.35 0 0 0 
7.45 0 0 0 
7.55 0 0 0 
7.65 0 0 0 
7.75 0 0 0 
7.85 0 0 0 
7.95 0 0 0 
8.05 0 0 0 
8.15 0 0 0 
8.25 0 0 0 
8.35 0 0 0 
8.45 0 0 0 
8.55 0 0 0 
8.65 0 0 0 
8.75 0 0 0 
8.85 0 0 0 
8.95 0 0 0 
9.05 0 0 0 
9.15 0 0 0 
9.25 0 0 0 
9.35 0 0 0 
9.45 0 0 0 
9.55 0 0 0 
9.65 0 0 0 
9.75 0 0 0 
9.85 0 0 0 
9.95 0 0 0 
10.05 0 0 0 
10.15 0 0 0 
10.25 0 0 0 
10.35 0 0 0 
10.45 0 0 0 
10.55 0 0 0 
10.65 0 0 0 
10.75 0 0 0 
10.85 0 0 0 
10.95 0 0 0 
11.05 0 0 0 
11.15 0 0 0 
11.25 0 0 0 
11.35 0 0 0 
11.45 0 0 0 
11.55 0 0 0 
11.65 0 0 0 
11.75 0 0 0 
11.85 0 0 0 
11.95 0 0 0 
