# Format: McCode with text headers
# URL: http://www.mccode.org
# Creator:  3.8.5, git
# Instrument: eqsans_cylinder.instr
# Ncount: 5000000
# Trace: no
# Gravitation: no
# Seed: 1790192894726808
# Directory: /Users/georgeyumnam/WORK/PANRAID/PaNRAID-results/Group2/panraidproject/dataset_cylinder/cyl_000105
# Param: gx=0
# Param: gy=0
# Param: sample_on=1
# Param: bs_radius=0
# Param: samp_ap=0.01
# Param: sld=0.648874
# Param: sld_solvent=1
# Param: radius=72.3649
# Param: length=883.619
# Param: pd_radius=0.051645
# Param: pd_length=0.161407
# Param: model_scale=1
# Param: model_abs=0
# Date: Wed Sep 23 21:48:32 2026 (1790192912)
# type: array_1d(100)
# Source: EQ_SANS_cylinder (eqsans_cylinder.instr)
# component: qmon
# position: 0 0 22.281
# title: QMonitor - Distribution in q (Radially averaged)
# Ncount: 5000000
# filename: qdet.dat
# statistics: X0=0.010576; dX=0.00931231;
# signal: Min=6.97232e+09; Max=4.69902e+14; Mean=4.15149e+13;
# values: 4.15149e+15 1.17271e+14 260115
# xvar: q
# yvar: (I,I_err)
# xlabel: q [1 / AA]
# ylabel: I(q)
# xlimits: 0 0.151561
# variables: q I I_err N
0.0007578035702 4.05112225e+14 8.697067676e+13 34 
0.002273410711 4.699016664e+14 5.15025567e+13 132 
0.003789017851 3.247114106e+14 3.009053375e+13 180 
0.005304624991 3.834573901e+14 2.96657759e+13 287 
0.006820232132 3.249599863e+14 2.349932966e+13 344 
0.008335839272 3.235324908e+14 2.094865344e+13 474 
0.009851446413 2.727036513e+14 1.696683183e+13 541 
0.01136705355 2.658226769e+14 1.368085206e+13 667 
0.01288266069 2.269845136e+14 1.201245317e+13 753 
0.01439826783 1.760057203e+14 8.609912661e+12 808 
0.01591387497 1.569319662e+14 7.303961691e+12 893 
0.01742948211 1.262358018e+14 5.694416588e+12 926 
0.01894508925 1.181782697e+14 5.010739079e+12 1056 
0.0204606964 9.023697215e+13 3.799942524e+12 1123 
0.02197630354 7.977911054e+13 3.20984126e+12 1176 
0.02349191068 7.105693178e+13 2.760190328e+12 1320 
0.02500751782 5.596341343e+13 2.182437785e+12 1321 
0.02652312496 5.162232152e+13 1.968069482e+12 1498 
0.0280387321 3.79581512e+13 1.454570821e+12 1470 
0.02955433924 3.576993615e+13 1.280104802e+12 1627 
0.03106994638 3.006410683e+13 1.059165707e+12 1703 
0.03258555352 2.291399097e+13 8.061532524e+11 1767 
0.03410116066 1.94513143e+13 6.623569434e+11 1936 
0.0356167678 1.583299796e+13 5.434516551e+11 1952 
0.03713237494 1.21880775e+13 4.32827773e+11 2035 
0.03864798208 1.007387657e+13 3.432663092e+11 2188 
0.04016358922 8.158985007e+12 2.93501129e+11 2278 
0.04167919636 6.099865043e+12 2.390602837e+11 2250 
0.0431948035 4.451574631e+12 1.684036175e+11 2350 
0.04471041064 3.518984392e+12 1.359612446e+11 2449 
0.04622601778 2.68984377e+12 1.047082728e+11 2576 
0.04774162492 1.916786406e+12 7.994733849e+10 2591 
0.04925723206 1.41064999e+12 5.811398808e+10 2742 
0.0507728392 1.078458777e+12 4.716810324e+10 2855 
0.05228844634 7.59649594e+11 2.988788891e+10 2848 
0.05380405348 6.649872456e+11 2.885437277e+10 2996 
0.05531966062 5.676692304e+11 1.809953188e+10 3065 
0.05683526776 5.240176332e+11 1.559650218e+10 3155 
0.05835087491 5.278291836e+11 1.418489825e+10 3305 
0.05986648205 5.394291214e+11 1.292500779e+10 3314 
0.06138208919 5.786508765e+11 1.327624026e+10 3295 
0.06289769633 6.104988157e+11 1.342904323e+10 3465 
0.06441330347 6.324431496e+11 1.342283569e+10 3434 
0.06592891061 6.652356924e+11 1.363457826e+10 3597 
0.06744451775 6.769620205e+11 1.369293255e+10 3629 
0.06896012489 6.729423282e+11 1.340439218e+10 3624 
0.07047573203 6.652318071e+11 1.301288769e+10 3670 
0.07199133917 6.543352436e+11 1.270964085e+10 3744 
0.07350694631 6.188790682e+11 1.195985642e+10 3829 
0.07502255345 5.81351648e+11 1.120251834e+10 3854 
0.07653816059 5.412830444e+11 1.043942078e+10 3934 
0.07805376773 4.964584679e+11 9733857932 3939 
0.07956937487 4.262409812e+11 8619734232 3802 
0.08108498201 3.819911927e+11 7892813895 3902 
0.08260058915 3.326826496e+11 6953499908 3944 
0.08411619629 2.769990236e+11 6009646014 3890 
0.08563180343 2.309054985e+11 5164387548 3924 
0.08714741057 2.028777972e+11 4629548699 4007 
0.08866301771 1.641916327e+11 3984427904 3904 
0.09017862485 1.338952923e+11 3328799087 3891 
0.09169423199 1.056384379e+11 2726278524 3939 
0.09320983913 9.079469585e+10 2314345949 3949 
0.09472544627 7.068392868e+10 1854217545 3854 
0.09624105341 6.430558515e+10 1654216905 3815 
0.09775666056 5.701785321e+10 1426632649 3815 
0.0992722677 5.396229161e+10 1306886791 3810 
0.1007878748 5.140867286e+10 1219387237 3715 
0.102303482 5.028868048e+10 1168131140 3623 
0.1038190891 5.507380156e+10 1229566135 3674 
0.1053346963 5.548275274e+10 1249639766 3562 
0.1068503034 5.997399964e+10 1308084422 3582 
0.1083659105 6.194429847e+10 1302619265 3619 
0.1098815177 6.124629982e+10 1303300006 3398 
0.1113971248 6.35481406e+10 1330987566 3415 
0.112912732 6.371807776e+10 1306469950 3392 
0.1144283391 6.181323097e+10 1278494457 3303 
0.1159439462 6.001073245e+10 1230041775 3255 
0.1174595534 5.267239763e+10 1129598155 2990 
0.1189751605 5.193358154e+10 1109746014 2993 
0.1204907677 4.869240317e+10 1046248318 2966 
0.1220063748 4.541558387e+10 985502690.5 2984 
0.1235219819 4.028482763e+10 902185784.9 2894 
0.1250375891 3.597799197e+10 820134818.4 2910 
0.1265531962 3.22867576e+10 753570152.1 2854 
0.1280688034 2.806241897e+10 686999985.9 2749 
0.1295844105 2.484143373e+10 621130775.9 2692 
0.1311000176 2.037591568e+10 534802744 2588 
0.1326156248 1.70016187e+10 467169116.8 2483 
0.1341312319 1.506587925e+10 419797317.5 2467 
0.1356468391 1.223900745e+10 358045220.8 2272 
0.1371624462 1.097931993e+10 325514013.7 2289 
0.1386780533 9651330440 286859851.4 2311 
0.1401936605 8519139146 255659626 2167 
0.1417092676 7708373899 233218364.5 2079 
0.1432248748 7241424931 222072876 2027 
0.1447404819 7222629229 216986170.9 2010 
0.146256089 7026567281 213174153.8 1948 
0.1477716962 7422856339 222048285.4 1907 
0.1492873033 6972315982 210974511.9 1802 
0.1508029105 6972464546 210470577.9 1750 
