# Format: McCode with text headers
# URL: http://www.mccode.org
# Creator:  3.8.5, git
# Instrument: eqsans_sans.instr
# Ncount: 10000000
# Trace: no
# Gravitation: no
# Seed: 1790181401233210
# Directory: /Users/georgeyumnam/WORK/PANRAID/PaNRAID-results/Group2/panraidproject/scan_sans_sample/x-10_y+20
# Param: gx=-0.01
# Param: gy=0.02
# Param: sample_on=1
# Param: R_sphere=100
# Param: Phi=0.01
# Param: bs_radius=0
# Param: samp_ap=0.01
# Date: Wed Sep 23 18:37:16 2026 (1790181436)
# type: array_1d(120)
# Source: EQ_SANS_sample (eqsans_sans.instr)
# component: lambda_det
# position: 0 0 22.28
# title: Wavelength monitor
# Ncount: 10000000
# filename: lambda_det.dat
# statistics: X0=4.27118; dX=1.04328;
# signal: Min=0; Max=4817.19; Mean=664.123;
# values: 79694.8 6644.01 2554
# xvar: L
# yvar: (I,I_err)
# xlabel: Wavelength [AA]
# ylabel: Intensity
# xlimits: 0 12
# variables: L I I_err N
0.05 0 0 0 
0.15 0 0 0 
0.25 0 0 0 
0.35 0 0 0 
0.45 0 0 0 
0.55 0 0 0 
0.65 0 0 0 
0.75 0 0 0 
0.85 0 0 0 
0.95 0 0 0 
1.05 0 0 0 
1.15 0 0 0 
1.25 0 0 0 
1.35 0 0 0 
1.45 0 0 0 
1.55 0 0 0 
1.65 0 0 0 
1.75 0 0 0 
1.85 0 0 0 
1.95 0 0 0 
2.05 0 0 0 
2.15 0 0 0 
2.25 0 0 0 
2.35 0.3982373231 0.2637834558 4 
2.45 5.873868271 6.375929023 5 
2.55 19.89371061 14.53609106 8 
2.65 74.14768614 63.19531774 22 
2.75 831.7763483 685.8294354 72 
2.85 3058.564781 1513.234697 162 
2.95 3058.746222 1360.346716 164 
3.05 4040.977073 1698.367431 163 
3.15 3878.973616 1508.67353 157 
3.25 4817.190143 1732.729822 125 
3.35 3774.547559 1519.447272 118 
3.45 1328.817357 592.0647099 129 
3.55 2435.072742 904.2534941 107 
3.65 2813.25387 970.971947 97 
3.75 2840.102509 1289.60443 93 
3.85 3213.276901 1092.959674 97 
3.95 438.0850727 200.5967956 87 
4.05 1287.274741 592.3823244 72 
4.15 3927.187773 1498.003191 72 
4.25 1335.350753 1017.183181 59 
4.35 2351.796098 1372.247679 65 
4.45 1873.313512 886.7579123 64 
4.55 1747.970433 643.0783239 70 
4.65 1844.799 1042.263908 43 
4.75 2491.576505 1193.579778 41 
4.85 2683.628738 959.5282845 49 
4.95 3722.56619 1670.996133 39 
5.05 2535.327407 1302.031738 35 
5.15 1031.101904 732.9382642 31 
5.25 1052.429583 638.9537325 35 
5.35 221.5260838 122.6681851 31 
5.45 433.3064738 256.3474813 25 
5.55 412.6093174 202.9788722 36 
5.65 2108.475385 1140.383513 32 
5.75 3143.319657 1483.94215 21 
5.85 1836.524327 1413.909366 22 
5.95 1656.264578 967.4603009 19 
6.05 1359.246658 658.4800031 24 
6.15 1769.131552 898.4988673 16 
6.25 816.8957833 768.3963493 11 
6.35 71.44259088 21.61535264 19 
6.45 1343.851572 985.4073237 6 
6.55 8.199805938 4.50315218 7 
6.65 0 0 0 
6.75 0 0 0 
6.85 0 0 0 
6.95 0 0 0 
7.05 0 0 0 
7.15 0 0 0 
7.25 0 0 0 
7.35 0 0 0 
7.45 0 0 0 
7.55 0 0 0 
7.65 0 0 0 
7.75 0 0 0 
7.85 0 0 0 
7.95 0 0 0 
8.05 0 0 0 
8.15 0 0 0 
8.25 0 0 0 
8.35 0 0 0 
8.45 0 0 0 
8.55 0 0 0 
8.65 0 0 0 
8.75 0 0 0 
8.85 0 0 0 
8.95 0 0 0 
9.05 0 0 0 
9.15 0 0 0 
9.25 0 0 0 
9.35 0 0 0 
9.45 0 0 0 
9.55 0 0 0 
9.65 0 0 0 
9.75 0 0 0 
9.85 0 0 0 
9.95 0 0 0 
10.05 0 0 0 
10.15 0 0 0 
10.25 0 0 0 
10.35 0 0 0 
10.45 0 0 0 
10.55 0 0 0 
10.65 0 0 0 
10.75 0 0 0 
10.85 0 0 0 
10.95 0 0 0 
11.05 0 0 0 
11.15 0 0 0 
11.25 0 0 0 
11.35 0 0 0 
11.45 0 0 0 
11.55 0 0 0 
11.65 0 0 0 
11.75 0 0 0 
11.85 0 0 0 
11.95 0 0 0 
