# Format: McCode with text headers
# URL: http://www.mccode.org
# Creator:  3.8.5, git
# Instrument: eqsans_cylinder.instr
# Ncount: 5000000
# Trace: no
# Gravitation: no
# Seed: 1790195650185244
# Directory: /Users/georgeyumnam/WORK/PANRAID/PaNRAID-results/Group2/panraidproject/dataset_cylinder/cyl_001639
# Param: gx=0
# Param: gy=0
# Param: sample_on=1
# Param: bs_radius=0
# Param: samp_ap=0.01
# Param: sld=6.7319
# Param: sld_solvent=1
# Param: radius=28.5774
# Param: length=548.753
# Param: pd_radius=0.055543
# Param: pd_length=0.075478
# Param: model_scale=1
# Param: model_abs=0
# Date: Wed Sep 23 22:34:28 2026 (1790195668)
# type: array_1d(100)
# Source: EQ_SANS_cylinder (eqsans_cylinder.instr)
# component: qmon
# position: 0 0 22.281
# title: QMonitor - Radially averaged distribution
# Ncount: 5000000
# filename: rdet.dat
# statistics: X0=0.100471; dX=0.0985772;
# signal: Min=4.81054e+12; Max=4.53667e+14; Mean=8.95954e+13;
# values: 8.95954e+15 1.63302e+14 161142
# xvar: r
# yvar: (I,I_err)
# xlabel: Radius [m]
# ylabel: I(r)
# xlimits: 0 0.5
# variables: r I I_err N
0.0025 4.367909052e+14 1.122660294e+14 18 
0.0075 4.536666854e+14 6.762796802e+13 55 
0.0125 4.215508804e+14 5.132395586e+13 84 
0.0175 3.065501531e+14 3.366626071e+13 106 
0.0225 3.553527869e+14 3.38788789e+13 139 
0.0275 3.703919584e+14 2.965867628e+13 192 
0.0325 3.321994502e+14 2.627864186e+13 203 
0.0375 3.534693807e+14 2.471704916e+13 257 
0.0425 3.268549471e+14 2.227253858e+13 283 
0.0475 2.958066536e+14 1.928855833e+13 298 
0.0525 2.477660364e+14 1.632112449e+13 306 
0.0575 2.693556074e+14 1.583885821e+13 386 
0.0625 2.493136997e+14 1.39400486e+13 409 
0.0675 2.103709693e+14 1.199275223e+13 417 
0.0725 2.24700802e+14 1.17127708e+13 478 
0.0775 1.880781729e+14 9.581263862e+12 494 
0.0825 1.881305985e+14 9.271908855e+12 530 
0.0875 1.684408426e+14 8.203147813e+12 546 
0.0925 1.578350766e+14 7.316124333e+12 573 
0.0975 1.692336737e+14 7.26901287e+12 679 
0.1025 1.334592357e+14 5.987181101e+12 621 
0.1075 1.358639141e+14 5.924304223e+12 671 
0.1125 1.360640997e+14 5.481887111e+12 756 
0.1175 1.211651522e+14 4.930929404e+12 751 
0.1225 1.087401229e+14 4.455273602e+12 745 
0.1275 1.101962621e+14 4.314135012e+12 814 
0.1325 1.065132367e+14 4.067009135e+12 848 
0.1375 9.550897841e+13 3.704561533e+12 814 
0.1425 1.039827673e+14 3.705162353e+12 973 
0.1475 9.326258853e+13 3.398977458e+12 942 
0.1525 9.356421912e+13 3.23939492e+12 1037 
0.1575 8.587276072e+13 3.031911494e+12 1002 
0.1625 8.466448244e+13 2.842512684e+12 1097 
0.1675 8.166010648e+13 2.773275033e+12 1097 
0.1725 7.405182093e+13 2.482174397e+12 1122 
0.1775 7.070000072e+13 2.369663046e+12 1123 
0.1825 6.805744654e+13 2.286849974e+12 1133 
0.1875 6.571070826e+13 2.129925625e+12 1220 
0.1925 6.234435899e+13 2.000358292e+12 1236 
0.1975 6.281189948e+13 1.961556362e+12 1296 
0.2025 5.687569869e+13 1.794343648e+12 1283 
0.2075 5.619394258e+13 1.75447397e+12 1330 
0.2125 5.461272718e+13 1.705952122e+12 1345 
0.2175 5.312331533e+13 1.592691609e+12 1452 
0.2225 5.04640901e+13 1.512332521e+12 1459 
0.2275 4.757785182e+13 1.437767263e+12 1442 
0.2325 4.351114114e+13 1.333828469e+12 1413 
0.2375 4.284051211e+13 1.277835117e+12 1496 
0.2425 4.597158927e+13 1.309929085e+12 1666 
0.2475 3.976949923e+13 1.178169923e+12 1541 
0.2525 3.737539165e+13 1.109328273e+12 1555 
0.2575 3.818145102e+13 1.090270102e+12 1691 
0.2625 3.72027675e+13 1.03415867e+12 1792 
0.2675 3.424386649e+13 9.866215251e+11 1657 
0.2725 3.214579735e+13 9.14491585e+11 1731 
0.2775 3.082555714e+13 8.770896455e+11 1737 
0.2825 3.147246484e+13 8.674565407e+11 1873 
0.2875 2.96076621e+13 8.226960265e+11 1868 
0.2925 2.86739541e+13 7.877816999e+11 1929 
0.2975 2.731293445e+13 7.696942761e+11 1876 
0.3025 2.596434584e+13 7.12921042e+11 1954 
0.3075 2.459425404e+13 6.849503519e+11 1941 
0.3125 2.462567718e+13 6.753204324e+11 2032 
0.3175 2.411477832e+13 6.472222926e+11 2106 
0.3225 2.205397093e+13 6.085243941e+11 2081 
0.3275 2.213989476e+13 6.016832866e+11 2128 
0.3325 2.053696222e+13 5.585135729e+11 2143 
0.3375 1.886029936e+13 5.170633701e+11 2137 
0.3425 1.854392183e+13 5.085738705e+11 2177 
0.3475 1.775387043e+13 4.856633277e+11 2209 
0.3525 1.709640428e+13 4.718625303e+11 2263 
0.3575 1.649977709e+13 4.550243916e+11 2290 
0.3625 1.651274914e+13 4.439607994e+11 2393 
0.3675 1.538891102e+13 4.25610483e+11 2387 
0.3725 1.502880482e+13 4.022903419e+11 2452 
0.3775 1.441880844e+13 3.928810811e+11 2421 
0.3825 1.394086138e+13 3.805176606e+11 2500 
0.3875 1.272927e+13 3.493048376e+11 2442 
0.3925 1.223099221e+13 3.362041459e+11 2514 
0.3975 1.226489015e+13 3.311131483e+11 2641 
0.4025 1.125631768e+13 3.143316529e+11 2568 
0.4075 1.112096827e+13 3.053291943e+11 2712 
0.4125 1.07327046e+13 2.971749662e+11 2604 
0.4175 9.839539874e+12 2.715679609e+11 2708 
0.4225 9.231048354e+12 2.569074876e+11 2724 
0.4275 9.613461669e+12 2.628846163e+11 2863 
0.4325 8.925446436e+12 2.49033519e+11 2844 
0.4375 8.118268626e+12 2.306672058e+11 2848 
0.4425 8.259706835e+12 2.285938697e+11 2883 
0.4475 8.059399013e+12 2.276411547e+11 2917 
0.4525 7.376004511e+12 2.091061993e+11 2978 
0.4575 7.227999495e+12 2.089735254e+11 2947 
0.4625 6.855547515e+12 1.997552929e+11 2924 
0.4675 6.59624329e+12 1.90579742e+11 3017 
0.4725 6.259108964e+12 1.81196558e+11 3047 
0.4775 5.84634072e+12 1.726502828e+11 2982 
0.4825 5.533023407e+12 1.637640954e+11 3095 
0.4875 5.479741956e+12 1.614208923e+11 3109 
0.4925 5.061863984e+12 1.504540332e+11 3100 
0.4975 4.810542998e+12 1.439662063e+11 3174 
