# Format: McCode with text headers
# URL: http://www.mccode.org
# Creator:  3.8.5, git
# Instrument: eqsans_1_fixed.instr
# Ncount: 1000000
# Trace: no
# Gravitation: no
# Seed: 1790169984164415
# Directory: /Users/georgeyumnam/WORK/PANRAID/PaNRAID-results/Group2/panraidproject/scan_guide_xy/x+12_y+11
# Param: gx=0.012
# Param: gy=0.011
# Date: Wed Sep 23 15:26:27 2026 (1790169987)
# type: array_1d(120)
# Source: EQ_SANS (eqsans_1_fixed.instr)
# component: lambda_det
# position: 0 0 22.28
# title: Wavelength monitor
# Ncount: 1000000
# filename: lambda_det.dat
# statistics: X0=4.10073; dX=0.984576;
# signal: Min=0; Max=2.30465e+06; Mean=376998;
# values: 4.52398e+07 526904 14301
# xvar: L
# yvar: (I,I_err)
# xlabel: Wavelength [AA]
# ylabel: Intensity
# xlimits: 0 12
# variables: L I I_err N
0.05 0 0 0 
0.15 0 0 0 
0.25 0 0 0 
0.35 0 0 0 
0.45 0 0 0 
0.55 0 0 0 
0.65 0 0 0 
0.75 0 0 0 
0.85 0 0 0 
0.95 0 0 0 
1.05 0 0 0 
1.15 0 0 0 
1.25 0 0 0 
1.35 0 0 0 
1.45 0 0 0 
1.55 0 0 0 
1.65 0 0 0 
1.75 0 0 0 
1.85 0 0 0 
1.95 0 0 0 
2.05 0 0 0 
2.15 1292.280565 1292.280565 1 
2.25 720.3011623 515.1441622 2 
2.35 31060.9308 15006.70218 9 
2.45 25971.25718 13983.12461 9 
2.55 98459.28408 24745.27305 33 
2.65 204221.9471 35899.64418 73 
2.75 574799.0079 58563.87479 230 
2.85 1658530.505 102009.6682 584 
2.95 2281268.06 120663.5885 758 
3.05 2304645.087 119732.6735 771 
3.15 2284329.741 117780.0609 729 
3.25 2235263.615 117710.3155 703 
3.35 1927405.266 108637.5616 636 
3.45 2151573.552 117119.9682 656 
3.55 1873367.782 106626.5518 564 
3.65 1825341.646 106615.4775 576 
3.75 1995206.755 111047.1828 577 
3.85 1401969.648 93041.06377 480 
3.95 1574757.506 97567.15307 486 
4.05 1502636.48 96469.8333 451 
4.15 1446380.186 94780.36737 437 
4.25 1282952.11 87347.71117 411 
4.35 1271283.335 87541.20876 373 
4.45 1221875.704 87218.9023 351 
4.55 1009714.521 78380.39944 315 
4.65 1039837.008 81932.74663 317 
4.75 1015274.435 77787.86016 324 
4.85 847830.6994 68682.78071 296 
4.95 869892.607 72301.943 286 
5.05 896853.1403 73128.81456 290 
5.15 821812.5389 72129.45762 239 
5.25 707509.6859 64499.64763 243 
5.35 822090.487 70849.59267 241 
5.45 705955.1585 65627.43802 235 
5.55 577698.1292 57658.38269 200 
5.65 532683.6599 56707.68572 171 
5.75 643907.8565 62783.05989 199 
5.85 595198.2165 58881.19888 173 
5.95 517413.9745 56065.25188 153 
6.05 573966.4238 59624.0332 175 
6.15 517821.329 57611.68312 144 
6.25 411699.406 50966.51658 123 
6.35 421030.6101 51631.55191 111 
6.45 345163.8207 45679.73426 104 
6.55 157566.7582 29218.27442 53 
6.65 33560.73208 15592.65891 9 
6.75 0 0 0 
6.85 0 0 0 
6.95 0 0 0 
7.05 0 0 0 
7.15 0 0 0 
7.25 0 0 0 
7.35 0 0 0 
7.45 0 0 0 
7.55 0 0 0 
7.65 0 0 0 
7.75 0 0 0 
7.85 0 0 0 
7.95 0 0 0 
8.05 0 0 0 
8.15 0 0 0 
8.25 0 0 0 
8.35 0 0 0 
8.45 0 0 0 
8.55 0 0 0 
8.65 0 0 0 
8.75 0 0 0 
8.85 0 0 0 
8.95 0 0 0 
9.05 0 0 0 
9.15 0 0 0 
9.25 0 0 0 
9.35 0 0 0 
9.45 0 0 0 
9.55 0 0 0 
9.65 0 0 0 
9.75 0 0 0 
9.85 0 0 0 
9.95 0 0 0 
10.05 0 0 0 
10.15 0 0 0 
10.25 0 0 0 
10.35 0 0 0 
10.45 0 0 0 
10.55 0 0 0 
10.65 0 0 0 
10.75 0 0 0 
10.85 0 0 0 
10.95 0 0 0 
11.05 0 0 0 
11.15 0 0 0 
11.25 0 0 0 
11.35 0 0 0 
11.45 0 0 0 
11.55 0 0 0 
11.65 0 0 0 
11.75 0 0 0 
11.85 0 0 0 
11.95 0 0 0 
