# Format: McCode with text headers
# URL: http://www.mccode.org
# Creator:  3.8.5, git
# Instrument: eqsans_sans.instr
# Ncount: 10000000
# Trace: no
# Gravitation: no
# Seed: 1790178546553374
# Directory: /Users/georgeyumnam/WORK/PANRAID/PaNRAID-results/Group2/panraidproject/scan_sans_nosample/x+12_y-20
# Param: gx=0.012
# Param: gy=-0.02
# Param: sample_on=0
# Param: R_sphere=100
# Param: Phi=0.01
# Param: bs_radius=0
# Param: samp_ap=0.01
# Date: Wed Sep 23 17:49:41 2026 (1790178581)
# type: array_1d(120)
# Source: EQ_SANS_sample (eqsans_sans.instr)
# component: lambda_det
# position: 0 0 22.28
# title: Wavelength monitor
# Ncount: 10000000
# filename: lambda_det.dat
# statistics: X0=3.94553; dX=0.935619;
# signal: Min=0; Max=115004; Mean=13788.7;
# values: 1.65464e+06 36144.8 2181
# xvar: L
# yvar: (I,I_err)
# xlabel: Wavelength [AA]
# ylabel: Intensity
# xlimits: 0 12
# variables: L I I_err N
0.05 0 0 0 
0.15 0 0 0 
0.25 0 0 0 
0.35 0 0 0 
0.45 0 0 0 
0.55 0 0 0 
0.65 0 0 0 
0.75 0 0 0 
0.85 0 0 0 
0.95 0 0 0 
1.05 0 0 0 
1.15 0 0 0 
1.25 0 0 0 
1.35 0 0 0 
1.45 0 0 0 
1.55 0 0 0 
1.65 0 0 0 
1.75 0 0 0 
1.85 0 0 0 
1.95 0 0 0 
2.05 0 0 0 
2.15 0 0 0 
2.25 579.3120694 579.3120694 1 
2.35 1925.154147 1361.293758 2 
2.45 3227.966422 1639.14641 4 
2.55 3597.82223 1799.325208 4 
2.65 7479.695199 2307.411005 11 
2.75 31552.71096 4941.193566 43 
2.85 71709.55515 7635.47691 92 
2.95 101777.0452 8966.263309 134 
3.05 115003.9729 9481.620218 153 
3.15 100178.8599 8867.348899 133 
3.25 81145.09564 7906.448747 110 
3.35 93782.41164 8681.543358 121 
3.45 72997.94994 7635.635167 95 
3.55 71048.72999 7502.245879 94 
3.65 68772.92937 7378.857775 90 
3.75 49775.7755 6165.900404 68 
3.85 71146.65566 7518.489584 93 
3.95 56550.00888 6700.153949 74 
4.05 39718.87203 5639.35713 52 
4.15 42125.90763 5893.466489 53 
4.25 53224.14145 6601.576956 67 
4.35 46140.40659 5981.720137 62 
4.45 44940.49403 5903.455273 60 
4.55 44959.99091 5927.136578 60 
4.65 41301.03891 5736.685273 54 
4.75 29362.10481 4923.507194 37 
4.85 31532.00539 5027.904137 41 
4.95 22555.08152 4135.256675 31 
5.05 24563.16185 4430.702749 32 
5.15 23757.66029 4287.282974 32 
5.25 17963.46635 3745.434264 24 
5.35 23887.78347 4305.531724 32 
5.45 23970.99141 4271.83688 33 
5.55 19093.6368 3833.040083 26 
5.65 17891.31998 3727.851936 24 
5.75 11711.76134 3064.248091 15 
5.85 14540.70043 3379.019049 19 
5.95 17872.77527 3666.608778 25 
6.05 13243.07031 3266.296461 17 
6.15 16189.36064 3682.995582 20 
6.25 9641.375549 2722.946576 13 
6.35 10679.12208 2940.828583 14 
6.45 4371.614674 1827.94961 6 
6.55 6561.905189 2208.603432 9 
6.65 593.2688936 593.2688936 1 
6.75 0 0 0 
6.85 0 0 0 
6.95 0 0 0 
7.05 0 0 0 
7.15 0 0 0 
7.25 0 0 0 
7.35 0 0 0 
7.45 0 0 0 
7.55 0 0 0 
7.65 0 0 0 
7.75 0 0 0 
7.85 0 0 0 
7.95 0 0 0 
8.05 0 0 0 
8.15 0 0 0 
8.25 0 0 0 
8.35 0 0 0 
8.45 0 0 0 
8.55 0 0 0 
8.65 0 0 0 
8.75 0 0 0 
8.85 0 0 0 
8.95 0 0 0 
9.05 0 0 0 
9.15 0 0 0 
9.25 0 0 0 
9.35 0 0 0 
9.45 0 0 0 
9.55 0 0 0 
9.65 0 0 0 
9.75 0 0 0 
9.85 0 0 0 
9.95 0 0 0 
10.05 0 0 0 
10.15 0 0 0 
10.25 0 0 0 
10.35 0 0 0 
10.45 0 0 0 
10.55 0 0 0 
10.65 0 0 0 
10.75 0 0 0 
10.85 0 0 0 
10.95 0 0 0 
11.05 0 0 0 
11.15 0 0 0 
11.25 0 0 0 
11.35 0 0 0 
11.45 0 0 0 
11.55 0 0 0 
11.65 0 0 0 
11.75 0 0 0 
11.85 0 0 0 
11.95 0 0 0 
