# Format: McCode with text headers
# URL: http://www.mccode.org
# Creator:  3.8.5, git
# Instrument: eqsans_sans.instr
# Ncount: 10000000
# Trace: no
# Gravitation: no
# Seed: 1790184699875378
# Directory: /Users/georgeyumnam/WORK/PANRAID/PaNRAID-results/Group2/panraidproject/scan_sans_sample/x+14_y-16
# Param: gx=0.014
# Param: gy=-0.016
# Param: sample_on=1
# Param: R_sphere=100
# Param: Phi=0.01
# Param: bs_radius=0
# Param: samp_ap=0.01
# Date: Wed Sep 23 19:32:14 2026 (1790184734)
# type: array_1d(100)
# Source: EQ_SANS_sample (eqsans_sans.instr)
# component: qmon
# position: 0 0 22.281
# title: QMonitor - Radially averaged distribution
# Ncount: 10000000
# filename: rdet.dat
# statistics: X0=0.0839058; dX=0.0551257;
# signal: Min=0; Max=6.04792e+07; Mean=4.57429e+06;
# values: 4.57429e+08 6.1572e+07 1411
# xvar: r
# yvar: (I,I_err)
# xlabel: Radius [m]
# ylabel: I(r)
# xlimits: 0 0.5
# variables: r I I_err N
0.0025 0 0 0 
0.0075 0 0 0 
0.0125 0 0 0 
0.0175 0 0 0 
0.0225 22249435.82 22249435.82 1 
0.0275 40704744.78 31928654.58 2 
0.0325 14928975.74 14928975.74 1 
0.0375 0 0 0 
0.0425 23619487.44 16716787.37 2 
0.0475 60479245.84 27260167.43 5 
0.0525 8309123.97 6666778.921 2 
0.0575 5489424.369 4246158.061 2 
0.0625 16912876 11960035.92 2 
0.0675 12527265.55 8757531.019 4 
0.0725 40794936.25 16808644.34 6 
0.0775 20539230.67 10013840.73 5 
0.0825 20186316.14 9485586.632 5 
0.0875 20422258.32 10372688.54 4 
0.0925 2298108.046 2298108.046 1 
0.0975 17747834.2 7788908.431 6 
0.1025 9880690.22 4983774.288 5 
0.1075 11594851.06 5363402.165 5 
0.1125 15084261.16 6849701.882 8 
0.1175 10746952.35 5557802.932 7 
0.1225 1572731.23 1497919.973 2 
0.1275 5122739.168 3944765.975 4 
0.1325 8379773.217 4267676.424 9 
0.1375 4935369.057 3121214.741 6 
0.1425 5412683.835 3020023.783 6 
0.1475 5686098.807 2572280.642 8 
0.1525 8513029.556 3325175.424 13 
0.1575 5740880.875 3061996.236 10 
0.1625 2964240.548 1833009.855 6 
0.1675 2924227.55 1579477.149 7 
0.1725 3068184.695 1754237.668 12 
0.1775 1468697.394 894927.5058 10 
0.1825 3080117.65 2056824.403 10 
0.1875 2816024.108 1313201.299 16 
0.1925 1128994.527 678524.2884 8 
0.1975 2782250.615 1376337.245 12 
0.2025 666105.4668 258613.6692 11 
0.2075 301696.2175 191137.9362 10 
0.2125 1331366.321 513835.0064 17 
0.2175 1492509.369 964913.7358 15 
0.2225 1106328.058 682588.5724 13 
0.2275 343614.0295 170646.3721 11 
0.2325 2898166.385 1310399.338 16 
0.2375 577084.0621 353094.4003 16 
0.2425 1117300.057 586478.901 15 
0.2475 1139046.212 577453.6448 17 
0.2525 486617.2756 284459.7625 11 
0.2575 756502.4424 365198.5973 22 
0.2625 275245.8464 103726.7024 19 
0.2675 351775.8207 191276.7075 11 
0.2725 203816.7226 88306.34924 14 
0.2775 163707.3944 94367.87451 11 
0.2825 417949.3107 190627.4151 22 
0.2875 381789.8492 243969.4231 16 
0.2925 406975.0887 175132.6742 25 
0.2975 122651.8746 50435.72579 14 
0.3025 177176.726 69038.31742 18 
0.3075 140230.4753 53033.95591 19 
0.3125 139385.1426 69929.09225 15 
0.3175 102159.2032 33072.57476 20 
0.3225 89639.59656 27066.68107 22 
0.3275 52939.71142 19890.51065 15 
0.3325 124588.9813 38495.98627 16 
0.3375 63770.28456 25896.45966 17 
0.3425 59605.72054 22802.21257 16 
0.3475 148463.1205 39142.88911 21 
0.3525 41231.66887 19704.10719 10 
0.3575 74595.27172 33706.70252 17 
0.3625 90431.83398 29786.70986 17 
0.3675 66162.92096 23641.87755 18 
0.3725 101326.1945 30135.84857 26 
0.3775 101551.2566 28794.44815 27 
0.3825 52193.30179 22079.09534 16 
0.3875 61595.25463 24606.55574 19 
0.3925 11783.83735 6765.243226 11 
0.3975 42898.61211 16758.20955 20 
0.4025 94704.83496 26845.64196 30 
0.4075 67252.85882 23124.75597 22 
0.4125 61526.6715 19733.17131 27 
0.4175 26946.56898 12346.4614 15 
0.4225 52737.16057 19575.29821 19 
0.4275 62388.83478 19761.3839 26 
0.4325 39530.03061 12220.00878 26 
0.4375 79988.87885 22810.16282 34 
0.4425 86436.95305 24024.7097 35 
0.4475 52583.06275 18948.60289 20 
0.4525 58291.02666 20202.16081 31 
0.4575 26468.11402 12426.04227 23 
0.4625 25948.82565 12022.07426 22 
0.4675 54001.82403 17408.99227 34 
0.4725 42122.73646 15258.0014 25 
0.4775 48491.29406 17420.15313 28 
0.4825 29876.75314 11077.74542 22 
0.4875 45498.88974 14149.24978 33 
0.4925 42909.92269 13741.68258 33 
0.4975 37483.89997 12189.80807 28 
