# Format: McCode with text headers
# URL: http://www.mccode.org
# Creator:  3.8.5, git
# Instrument: eqsans_cylinder.instr
# Ncount: 5000000
# Trace: no
# Gravitation: no
# Seed: 1790192711593920
# Directory: /Users/georgeyumnam/WORK/PANRAID/PaNRAID-results/Group2/panraidproject/dataset_cylinder/cyl_000002
# Param: gx=0
# Param: gy=0
# Param: sample_on=1
# Param: bs_radius=0
# Param: samp_ap=0.01
# Param: sld=1.84378
# Param: sld_solvent=1
# Param: radius=52.7743
# Param: length=700.637
# Param: pd_radius=0.157854
# Param: pd_length=0.23512
# Param: model_scale=1
# Param: model_abs=0
# Date: Wed Sep 23 21:45:29 2026 (1790192729)
# type: array_1d(100)
# Source: EQ_SANS_cylinder (eqsans_cylinder.instr)
# component: qmon
# position: 0 0 22.281
# title: QMonitor - Radially averaged distribution
# Ncount: 5000000
# filename: rdet.dat
# statistics: X0=0.063336; dX=0.0620799;
# signal: Min=1.35589e+11; Max=2.08812e+14; Mean=2.73337e+13;
# values: 2.73337e+15 8.78379e+13 161165
# xvar: r
# yvar: (I,I_err)
# xlabel: Radius [m]
# ylabel: I(r)
# xlimits: 0 0.5
# variables: r I I_err N
0.0025 2.088118285e+14 6.430579286e+13 18 
0.0075 1.947366013e+14 3.708215686e+13 53 
0.0125 1.53755693e+14 2.659109868e+13 79 
0.0175 1.618677673e+14 2.046415142e+13 126 
0.0225 1.511711145e+14 1.694894543e+13 147 
0.0275 1.397632793e+14 1.447608908e+13 185 
0.0325 1.180301568e+14 1.125412129e+13 206 
0.0375 1.152622864e+14 1.099746763e+13 222 
0.0425 1.187327687e+14 9.532596234e+12 274 
0.0475 9.542759946e+13 7.348171644e+12 297 
0.0525 1.062291601e+14 7.743696568e+12 372 
0.0575 1.024171882e+14 8.920589618e+12 368 
0.0625 8.299379906e+13 5.767252436e+12 411 
0.0675 7.979451663e+13 5.35661281e+12 455 
0.0725 6.986902888e+13 4.574418945e+12 453 
0.0775 6.686193915e+13 4.024200124e+12 517 
0.0825 6.106814717e+13 3.749891e+12 539 
0.0875 5.299214313e+13 3.196484373e+12 571 
0.0925 4.990389205e+13 2.846517372e+12 629 
0.0975 4.732178916e+13 2.469994185e+12 656 
0.1025 4.818002759e+13 2.57663875e+12 676 
0.1075 3.593703548e+13 1.896632609e+12 689 
0.1125 3.462863732e+13 1.771402668e+12 731 
0.1175 3.370712979e+13 1.655872333e+12 740 
0.1225 3.222337372e+13 1.567985745e+12 811 
0.1275 2.69400663e+13 1.308274152e+12 794 
0.1325 2.625769801e+13 1.238427215e+12 872 
0.1375 2.567933982e+13 1.16207217e+12 949 
0.1425 2.373998212e+13 1.114660569e+12 898 
0.1475 2.077642974e+13 9.190500877e+11 975 
0.1525 1.757814543e+13 8.031611813e+11 963 
0.1575 1.735603235e+13 7.474616345e+11 1007 
0.1625 1.665619591e+13 7.249810617e+11 1054 
0.1675 1.621392948e+13 6.983957934e+11 1122 
0.1725 1.423303797e+13 6.243230101e+11 1125 
0.1775 1.234962317e+13 5.378977278e+11 1119 
0.1825 1.24926533e+13 5.319735281e+11 1198 
0.1875 1.053429197e+13 4.582496775e+11 1202 
0.1925 9.766349212e+12 4.290812041e+11 1243 
0.1975 9.370245753e+12 3.9801108e+11 1290 
0.2025 8.711808365e+12 3.853624338e+11 1286 
0.2075 7.767249756e+12 3.360601929e+11 1345 
0.2125 7.62447406e+12 3.381377084e+11 1356 
0.2175 6.763055198e+12 2.833062435e+11 1437 
0.2225 6.025197317e+12 2.615308363e+11 1427 
0.2275 5.845821624e+12 2.382001686e+11 1510 
0.2325 5.562835171e+12 2.473559158e+11 1505 
0.2375 4.596448788e+12 1.989925879e+11 1472 
0.2425 4.515069837e+12 1.887625495e+11 1529 
0.2475 4.111824954e+12 1.761267877e+11 1566 
0.2525 3.835436272e+12 1.581607094e+11 1668 
0.2575 3.45860629e+12 1.467181295e+11 1651 
0.2625 3.175969359e+12 1.379990563e+11 1618 
0.2675 3.119423432e+12 1.414257307e+11 1781 
0.2725 2.830305405e+12 1.274827524e+11 1751 
0.2775 2.518463464e+12 1.116986286e+11 1826 
0.2825 2.611620996e+12 1.179362782e+11 1836 
0.2875 2.299105798e+12 9.957724613e+10 1904 
0.2925 2.144469929e+12 9.642841999e+10 1879 
0.2975 1.805237711e+12 8.191185035e+10 1889 
0.3025 1.719213533e+12 7.605776617e+10 1956 
0.3075 1.59333876e+12 7.025366133e+10 2019 
0.3125 1.514365816e+12 6.906498206e+10 2003 
0.3175 1.300914757e+12 5.922071755e+10 2025 
0.3225 1.197321104e+12 5.301985209e+10 2120 
0.3275 1.089362443e+12 4.987387702e+10 2086 
0.3325 1.024673822e+12 4.816657535e+10 2133 
0.3375 9.099870806e+11 4.198048198e+10 2164 
0.3425 9.017430075e+11 4.076254691e+10 2205 
0.3475 8.070601769e+11 3.538769507e+10 2218 
0.3525 7.689769256e+11 3.362558772e+10 2285 
0.3575 7.78767813e+11 3.424286553e+10 2312 
0.3625 6.152451437e+11 2.789063668e+10 2241 
0.3675 6.2565957e+11 2.709781402e+10 2305 
0.3725 5.951225138e+11 2.624340203e+10 2401 
0.3775 5.751179987e+11 2.489778139e+10 2456 
0.3825 4.828574879e+11 2.05169289e+10 2467 
0.3875 4.518960096e+11 2.025039457e+10 2441 
0.3925 4.54359495e+11 1.946459922e+10 2546 
0.3975 3.877438568e+11 1.651336877e+10 2479 
0.4025 3.68224874e+11 1.52396498e+10 2557 
0.4075 3.779950482e+11 1.510968156e+10 2696 
0.4125 3.455195252e+11 1.387200722e+10 2720 
0.4175 3.262317582e+11 1.286472839e+10 2758 
0.4225 3.068649074e+11 1.207366059e+10 2782 
0.4275 2.747744062e+11 1.153013374e+10 2661 
0.4325 2.542760788e+11 9980537220 2817 
0.4375 2.429329019e+11 9324705704 2831 
0.4425 2.272353515e+11 8276963846 2835 
0.4475 2.25408648e+11 8547663416 2990 
0.4525 2.045759432e+11 7607703035 2890 
0.4575 2.016703123e+11 7290879502 2924 
0.4625 1.907128917e+11 6883449115 2876 
0.4675 1.767398771e+11 6086319973 2980 
0.4725 1.740918496e+11 5904487437 3019 
0.4775 1.587871602e+11 5353918860 3066 
0.4825 1.548234057e+11 5305933171 3107 
0.4875 1.396986826e+11 4428558559 3112 
0.4925 1.355885278e+11 4208236322 3231 
0.4975 1.366029216e+11 4474102114 3179 
