# Format: McCode with text headers
# URL: http://www.mccode.org
# Creator:  3.8.5, git
# Instrument: eqsans_cylinder.instr
# Ncount: 5000000
# Trace: no
# Gravitation: no
# Seed: 1790196089148602
# Directory: /Users/georgeyumnam/WORK/PANRAID/PaNRAID-results/Group2/panraidproject/dataset_cylinder/cyl_001884
# Param: gx=0
# Param: gy=0
# Param: sample_on=1
# Param: bs_radius=0
# Param: samp_ap=0.01
# Param: sld=4.1253
# Param: sld_solvent=1
# Param: radius=63.7398
# Param: length=486.156
# Param: pd_radius=0.119459
# Param: pd_length=0.25611
# Param: model_scale=1
# Param: model_abs=0
# Date: Wed Sep 23 22:41:47 2026 (1790196107)
# type: array_1d(120)
# Source: EQ_SANS_cylinder (eqsans_cylinder.instr)
# component: lambda_det
# position: 0 0 22.28
# title: Wavelength monitor
# Ncount: 5000000
# filename: lambda_det.dat
# statistics: X0=4.34676; dX=1.02699;
# signal: Min=0; Max=1.84979e+11; Mean=4.0131e+10;
# values: 4.81572e+12 4.84039e+10 283231
# xvar: L
# yvar: (I,I_err)
# xlabel: Wavelength [AA]
# ylabel: Intensity
# xlimits: 0 12
# variables: L I I_err N
0.05 0 0 0 
0.15 0 0 0 
0.25 0 0 0 
0.35 0 0 0 
0.45 0 0 0 
0.55 0 0 0 
0.65 0 0 0 
0.75 0 0 0 
0.85 0 0 0 
0.95 0 0 0 
1.05 0 0 0 
1.15 0 0 0 
1.25 0 0 0 
1.35 0 0 0 
1.45 0 0 0 
1.55 0 0 0 
1.65 0 0 0 
1.75 0 0 0 
1.85 0 0 0 
1.95 0 0 0 
2.05 0 0 0 
2.15 0 0 0 
2.25 7850239.898 2851700.855 50 
2.35 460589126 179733419.6 250 
2.45 1262234546 443575560.3 500 
2.55 9354260878 2223147135 1200 
2.65 2.063186152e+10 3188796820 3050 
2.75 7.108174959e+10 6070732888 7800 
2.85 1.023369863e+11 6311409497 13150 
2.95 1.849786743e+11 9510704787 18700 
3.05 1.616295588e+11 8600699949 17799 
3.15 1.807189838e+11 1.083582148e+10 16249 
3.25 1.816673532e+11 1.016227603e+10 16449 
3.35 1.699496765e+11 8559496300 14850 
3.45 1.675622848e+11 8553118478 13048 
3.55 1.682448827e+11 8576479503 12498 
3.65 1.802672605e+11 9688851536 11400 
3.75 1.578609582e+11 8658355456 10499 
3.85 1.679344442e+11 8599829774 10450 
3.95 1.472813628e+11 8401917326 8550 
4.05 1.546860081e+11 8847051712 8750 
4.15 1.51400129e+11 8846739702 8150 
4.25 1.509998823e+11 8350242039 7650 
4.35 1.366777642e+11 8230792046 7349 
4.45 1.478284316e+11 7793442755 7100 
4.55 1.296896927e+11 8413852040 4948 
4.65 1.139824335e+11 6791633562 5399 
4.75 1.213731695e+11 8149833909 5099 
4.85 1.250078203e+11 7734457753 5049 
4.95 1.135436583e+11 6296279255 4749 
5.05 1.101837781e+11 7428327964 4299 
5.15 1.285600375e+11 8003511377 4549 
5.25 1.081786412e+11 6690041000 3849 
5.35 1.068051952e+11 7412492182 3450 
5.45 1.237343567e+11 8376089401 3600 
5.55 8.549614805e+10 5936017443 3050 
5.65 8.652434173e+10 6438589376 2549 
5.75 8.919332941e+10 6845562847 2650 
5.85 1.031596569e+11 7614759576 2900 
5.95 9.685821091e+10 6476208437 2650 
6.05 7.902031366e+10 6139440252 2250 
6.15 6.898485229e+10 5395215875 1750 
6.25 9.417176862e+10 8166280798 2050 
6.35 4.682811319e+10 4565026420 1200 
6.45 4.827359445e+10 4616022489 1150 
6.55 1.927887923e+10 2554699822 500 
6.65 2047552545 755147144.8 50 
6.75 0 0 0 
6.85 0 0 0 
6.95 0 0 0 
7.05 0 0 0 
7.15 0 0 0 
7.25 0 0 0 
7.35 0 0 0 
7.45 0 0 0 
7.55 0 0 0 
7.65 0 0 0 
7.75 0 0 0 
7.85 0 0 0 
7.95 0 0 0 
8.05 0 0 0 
8.15 0 0 0 
8.25 0 0 0 
8.35 0 0 0 
8.45 0 0 0 
8.55 0 0 0 
8.65 0 0 0 
8.75 0 0 0 
8.85 0 0 0 
8.95 0 0 0 
9.05 0 0 0 
9.15 0 0 0 
9.25 0 0 0 
9.35 0 0 0 
9.45 0 0 0 
9.55 0 0 0 
9.65 0 0 0 
9.75 0 0 0 
9.85 0 0 0 
9.95 0 0 0 
10.05 0 0 0 
10.15 0 0 0 
10.25 0 0 0 
10.35 0 0 0 
10.45 0 0 0 
10.55 0 0 0 
10.65 0 0 0 
10.75 0 0 0 
10.85 0 0 0 
10.95 0 0 0 
11.05 0 0 0 
11.15 0 0 0 
11.25 0 0 0 
11.35 0 0 0 
11.45 0 0 0 
11.55 0 0 0 
11.65 0 0 0 
11.75 0 0 0 
11.85 0 0 0 
11.95 0 0 0 
