# Format: McCode with text headers
# URL: http://www.mccode.org
# Creator:  3.8.5, git
# Instrument: eqsans_sans.instr
# Ncount: 10000000
# Trace: no
# Gravitation: no
# Seed: 1790183371006368
# Directory: /Users/georgeyumnam/WORK/PANRAID/PaNRAID-results/Group2/panraidproject/scan_sans_sample/x+04_y+14
# Param: gx=0.004
# Param: gy=0.014
# Param: sample_on=1
# Param: R_sphere=100
# Param: Phi=0.01
# Param: bs_radius=0
# Param: samp_ap=0.01
# Date: Wed Sep 23 19:10:05 2026 (1790183405)
# type: array_1d(100)
# Source: EQ_SANS_sample (eqsans_sans.instr)
# component: qmon
# position: 0 0 22.281
# title: QMonitor - Distribution in q (Radially averaged)
# Ncount: 10000000
# filename: qdet.dat
# statistics: X0=0.0110944; dX=0.010639;
# signal: Min=3454.42; Max=7.76575e+08; Mean=3.17924e+07;
# values: 3.17924e+09 6.04982e+08 4107
# xvar: q
# yvar: (I,I_err)
# xlabel: q [1 / AA]
# ylabel: I(q)
# xlimits: 0 0.151561
# variables: q I I_err N
0.0007578035702 776575395.9 551837405.7 2 
0.002273410711 167667661.9 121061767.1 2 
0.003789017851 179251563.4 108639493.6 3 
0.005304624991 169650994.1 95069280.78 4 
0.006820232132 154424560.4 82506054.22 5 
0.008335839272 211341982.5 66350939.66 12 
0.009851446413 127801093.5 59613497.79 7 
0.01136705355 163228222.6 65810390.8 9 
0.01288266069 160108084.2 49836258.34 13 
0.01439826783 107255647.6 38252258.06 10 
0.01591387497 158176894.3 42774699.42 20 
0.01742948211 65150115.01 27711532.99 8 
0.01894508925 108871874 29379261.77 19 
0.0204606964 65359080.76 24400347.49 13 
0.02197630354 140390823.6 31561793.49 28 
0.02349191068 52405959.74 13861602.09 18 
0.02500751782 84328568.97 22162616.17 30 
0.02652312496 64528772.14 17018737.43 24 
0.0280387321 28154926.5 8484186.729 19 
0.02955433924 37840122.71 11073084.09 26 
0.03106994638 42875331.54 10622120.65 31 
0.03258555352 16170823.29 5448034.042 23 
0.03410116066 24940948.71 6329821.937 32 
0.0356167678 13196626.96 4671971.462 27 
0.03713237494 14983183.84 4361791.681 40 
0.03864798208 7243707.212 2436374.964 33 
0.04016358922 5071810.525 1864834.399 38 
0.04167919636 4789789.494 2029269.247 29 
0.0431948035 1941957.672 587596.2396 40 
0.04471041064 1739254.103 694803.7944 25 
0.04622601778 792647.2341 192160.4462 43 
0.04774162492 2196901.411 899663.9068 44 
0.04925723206 811233.63 206771.5021 42 
0.0507728392 1494596.751 275808.1088 55 
0.05228844634 1559443.091 243321.3379 59 
0.05380405348 1314207.658 239344.0611 49 
0.05531966062 1465063.856 234055.7205 58 
0.05683526776 1327378.091 257570.466 43 
0.05835087491 1165984.886 208370.3455 46 
0.05986648205 1425923.929 248446.8701 46 
0.06138208919 908077.1961 165033.1466 46 
0.06289769633 1368885.781 230498.2391 57 
0.06441330347 946733.7586 179013.5826 49 
0.06592891061 919962.8543 164808.354 58 
0.06744451775 780467.5307 159123.0352 64 
0.06896012489 408547.3858 78600.70481 51 
0.07047573203 410316.7387 88313.2146 53 
0.07199133917 235150.0093 55101.8308 56 
0.07350694631 299127.8829 64758.51383 62 
0.07502255345 191621.3796 59077.26555 60 
0.07653816059 151128.9982 32201.19551 70 
0.07805376773 132490.6724 32545.97852 62 
0.07956937487 129484.2675 27485.71281 54 
0.08108498201 77243.07211 16241.039 47 
0.08260058915 139537.8494 23786.9274 55 
0.08411619629 192599.4003 30890.24329 69 
0.08563180343 129039.3642 22817.39893 55 
0.08714741057 173311.8679 28369.24812 56 
0.08866301771 238597.859 34302.32808 66 
0.09017862485 200236.0472 29647.16457 63 
0.09169423199 204168.2085 30442.01779 61 
0.09320983913 198028.9172 30228.39106 58 
0.09472544627 167979.8513 25584.37815 58 
0.09624105341 203478.1326 29240.12944 71 
0.09775666056 181102.2869 27892.83636 64 
0.0992722677 147455.7536 23651.86876 64 
0.1007878748 112569.7941 20462.59337 64 
0.102303482 100129.432 20299.13105 53 
0.1038190891 77638.15456 16435.43021 54 
0.1053346963 71084.42628 16326.85043 64 
0.1068503034 37994.69072 8020.514617 69 
0.1083659105 28768.99292 7217.327174 53 
0.1098815177 24530.26304 4930.042142 57 
0.1113971248 36045.54064 7764.983464 63 
0.112912732 18435.50891 4383.794185 36 
0.1144283391 31563.52597 6292.283167 43 
0.1159439462 32563.26509 5964.641687 52 
0.1174595534 42398.65595 7014.022911 56 
0.1189751605 37602.88461 6244.681747 50 
0.1204907677 36258.4673 6220.144809 42 
0.1220063748 47621.70004 7465.794444 55 
0.1235219819 31990.84209 6516.391956 31 
0.1250375891 34881.92775 5764.436264 45 
0.1265531962 29994.79119 5367.567589 42 
0.1280688034 38145.53313 6417.188619 47 
0.1295844105 40439.66007 6531.929477 51 
0.1311000176 28957.99837 5174.111857 46 
0.1326156248 22349.72253 4522.120616 35 
0.1341312319 16805.32307 4178.289948 43 
0.1356468391 18013.05757 4207.758572 39 
0.1371624462 14302.10694 3525.356009 35 
0.1386780533 6927.631794 1976.633235 27 
0.1401936605 10845.25124 2425.423721 38 
0.1417092676 7077.840703 1561.195899 36 
0.1432248748 4976.660031 1380.595576 25 
0.1447404819 3454.424282 1027.090659 24 
0.146256089 7164.417523 1710.85524 27 
0.1477716962 10062.65092 1908.515032 38 
0.1492873033 8481.975076 1800.302889 28 
0.1508029105 11097.53236 2122.605083 35 
