# Format: McCode with text headers
# URL: http://www.mccode.org
# Creator:  3.8.5, git
# Instrument: eqsans_cylinder.instr
# Ncount: 5000000
# Trace: no
# Gravitation: no
# Seed: 1790196022215353
# Directory: /Users/georgeyumnam/WORK/PANRAID/PaNRAID-results/Group2/panraidproject/dataset_cylinder/cyl_001847
# Param: gx=0
# Param: gy=0
# Param: sample_on=1
# Param: bs_radius=0
# Param: samp_ap=0.01
# Param: sld=2.48282
# Param: sld_solvent=1
# Param: radius=26.1143
# Param: length=330.851
# Param: pd_radius=0.125635
# Param: pd_length=0.040127
# Param: model_scale=1
# Param: model_abs=0
# Date: Wed Sep 23 22:40:40 2026 (1790196040)
# type: array_1d(100)
# Source: EQ_SANS_cylinder (eqsans_cylinder.instr)
# component: qmon
# position: 0 0 22.281
# title: QMonitor - Distribution in q (Radially averaged)
# Ncount: 5000000
# filename: qdet.dat
# statistics: X0=0.0223564; dX=0.0206543;
# signal: Min=8.46368e+09; Max=3.41238e+13; Mean=5.96713e+12;
# values: 5.96713e+14 1.01074e+13 253046
# xvar: q
# yvar: (I,I_err)
# xlabel: q [1 / AA]
# ylabel: I(q)
# xlimits: 0 0.151561
# variables: q I I_err N
0.0007578035702 3.412380555e+13 7.303482819e+12 37 
0.002273410711 3.144055905e+13 4.307254192e+12 107 
0.003789017851 3.171859173e+13 2.599289372e+12 201 
0.005304624991 2.99450092e+13 2.301921168e+12 269 
0.006820232132 3.269660956e+13 2.177946862e+12 382 
0.008335839272 3.023916626e+13 1.816981967e+12 463 
0.009851446413 2.537892929e+13 1.454308762e+12 501 
0.01136705355 2.627173914e+13 1.374345027e+12 627 
0.01288266069 2.323040673e+13 1.171006058e+12 672 
0.01439826783 2.110585838e+13 9.741309264e+11 777 
0.01591387497 2.307284643e+13 1.026994828e+12 944 
0.01742948211 1.810076872e+13 7.702965042e+11 916 
0.01894508925 1.748159493e+13 7.134134459e+11 1019 
0.0204606964 1.75055973e+13 6.960775134e+11 1153 
0.02197630354 1.506720279e+13 5.95209404e+11 1152 
0.02349191068 1.403593246e+13 5.180624508e+11 1270 
0.02500751782 1.371350498e+13 4.865862072e+11 1398 
0.02652312496 1.271265848e+13 4.214623598e+11 1485 
0.0280387321 1.18668646e+13 3.768573172e+11 1592 
0.02955433924 1.054664962e+13 3.377983533e+11 1578 
0.03106994638 9.885686927e+12 3.04677432e+11 1689 
0.03258555352 9.111982683e+12 2.848258434e+11 1673 
0.03410116066 8.707779203e+12 2.502504024e+11 1862 
0.0356167678 8.279781364e+12 2.375351103e+11 1933 
0.03713237494 7.684700666e+12 2.172783951e+11 2037 
0.03864798208 7.109860029e+12 1.982153082e+11 2023 
0.04016358922 6.811262486e+12 1.820724821e+11 2168 
0.04167919636 6.301512108e+12 1.670739639e+11 2220 
0.0431948035 6.114634824e+12 1.576818752e+11 2332 
0.04471041064 5.93983659e+12 1.50995294e+11 2416 
0.04622601778 5.400371967e+12 1.341112057e+11 2495 
0.04774162492 5.008688394e+12 1.207832769e+11 2625 
0.04925723206 4.912590591e+12 1.162195763e+11 2736 
0.0507728392 4.553690181e+12 1.087753439e+11 2714 
0.05228844634 4.308498668e+12 9.876853808e+10 2909 
0.05380405348 4.145137137e+12 9.614487466e+10 2927 
0.05531966062 3.804479686e+12 8.634684177e+10 2979 
0.05683526776 3.557080004e+12 7.794863209e+10 3085 
0.05835087491 3.339223115e+12 7.220234744e+10 3168 
0.05986648205 3.160927201e+12 6.791576285e+10 3292 
0.06138208919 2.904801847e+12 6.101071058e+10 3340 
0.06289769633 2.754490879e+12 5.860100621e+10 3306 
0.06441330347 2.632778423e+12 5.476272047e+10 3424 
0.06592891061 2.394356692e+12 4.859149664e+10 3509 
0.06744451775 2.186879719e+12 4.461154976e+10 3456 
0.06896012489 2.095476783e+12 4.23866709e+10 3539 
0.07047573203 1.952621385e+12 3.875780233e+10 3596 
0.07199133917 1.859215362e+12 3.638768517e+10 3705 
0.07350694631 1.637768827e+12 3.242944223e+10 3626 
0.07502255345 1.566114572e+12 3.076964875e+10 3674 
0.07653816059 1.491133493e+12 2.87214887e+10 3793 
0.07805376773 1.363229272e+12 2.592016187e+10 3835 
0.07956937487 1.215167467e+12 2.324850093e+10 3794 
0.08108498201 1.162545269e+12 2.219962686e+10 3806 
0.08260058915 1.067525486e+12 2.02171515e+10 3904 
0.08411619629 9.638179501e+11 1.819763326e+10 3850 
0.08563180343 8.643204722e+11 1.660142097e+10 3773 
0.08714741057 8.088523401e+11 1.518846027e+10 3807 
0.08866301771 7.566993485e+11 1.410528706e+10 3908 
0.09017862485 6.830827885e+11 1.291272463e+10 3831 
0.09169423199 6.087058527e+11 1.152874938e+10 3771 
0.09320983913 5.58815529e+11 1.056817589e+10 3804 
0.09472544627 5.089091239e+11 9628438186 3768 
0.09624105341 4.584163975e+11 8855163553 3657 
0.09775666056 4.281997302e+11 8158085285 3789 
0.0992722677 3.881008343e+11 7460496540 3714 
0.1007878748 3.390325391e+11 6621989906 3591 
0.102303482 3.035032532e+11 5942549199 3600 
0.1038190891 2.817287135e+11 5542163175 3591 
0.1053346963 2.458052005e+11 4868943396 3485 
0.1068503034 2.176178956e+11 4408350883 3405 
0.1083659105 1.975924169e+11 4068642095 3362 
0.1098815177 1.70323677e+11 3562807281 3277 
0.1113971248 1.505095638e+11 3192766145 3218 
0.112912732 1.367801868e+11 2895013386 3315 
0.1144283391 1.184524633e+11 2611268664 3081 
0.1159439462 1.09351692e+11 2408878679 3127 
0.1174595534 9.282140843e+10 2109112787 3020 
0.1189751605 8.078249425e+10 1870391569 2976 
0.1204907677 7.262645419e+10 1705320785 2961 
0.1220063748 6.36467387e+10 1550862297 2810 
0.1235219819 5.594332805e+10 1362201270 2826 
0.1250375891 4.860792635e+10 1195817257 2784 
0.1265531962 4.202190072e+10 1072143702 2674 
0.1280688034 3.687593521e+10 948136503.8 2619 
0.1295844105 3.182143923e+10 836695142.3 2571 
0.1311000176 2.803430098e+10 759592192.4 2456 
0.1326156248 2.542417007e+10 699049140.3 2490 
0.1341312319 2.261038773e+10 635732242.1 2376 
0.1356468391 1.952027177e+10 558344184.7 2307 
0.1371624462 1.665776899e+10 483585619.3 2201 
0.1386780533 1.521392608e+10 451688913.6 2107 
0.1401936605 1.409781982e+10 422081309.2 2162 
0.1417092676 1.292543691e+10 384335517.2 2145 
0.1432248748 1.127154183e+10 368772932.6 1884 
0.1447404819 1.005064325e+10 336312200.2 1852 
0.146256089 1.006875863e+10 337344938.9 1873 
0.1477716962 9225155001 313974872.7 1730 
0.1492873033 9288007894 322823603.7 1730 
0.1508029105 8463681433 297315184 1635 
