# Format: McCode with text headers
# URL: http://www.mccode.org
# Creator:  3.8.5, git
# Instrument: eqsans_sans.instr
# Ncount: 10000000
# Trace: no
# Gravitation: no
# Seed: 1790182317499433
# Directory: /Users/georgeyumnam/WORK/PANRAID/PaNRAID-results/Group2/panraidproject/scan_sans_sample/x-03_y+01
# Param: gx=-0.003
# Param: gy=0.001
# Param: sample_on=1
# Param: R_sphere=100
# Param: Phi=0.01
# Param: bs_radius=0
# Param: samp_ap=0.01
# Date: Wed Sep 23 18:52:33 2026 (1790182353)
# type: array_1d(100)
# Source: EQ_SANS_sample (eqsans_sans.instr)
# component: qmon
# position: 0 0 22.281
# title: QMonitor - Distribution in q (Radially averaged)
# Ncount: 10000000
# filename: qdet.dat
# statistics: X0=0.0124033; dX=0.0100205;
# signal: Min=8783.08; Max=6.54478e+08; Mean=6.18241e+07;
# values: 6.18241e+09 7.76749e+08 8359
# xvar: q
# yvar: (I,I_err)
# xlabel: q [1 / AA]
# ylabel: I(q)
# xlimits: 0 0.151561
# variables: q I I_err N
0.0007578035702 654477561.7 654477561.7 1 
0.002273410711 404676258.2 223269846.6 4 
0.003789017851 434221585.3 154039722.9 9 
0.005304624991 384078182.3 161812110.5 7 
0.006820232132 407267169.1 119310915.7 13 
0.008335839272 391247202 116055261.9 15 
0.009851446413 554132667.4 136283618 23 
0.01136705355 220544202 66398136.32 16 
0.01288266069 292451087.7 69944787.47 23 
0.01439826783 389823577.4 88877999.66 30 
0.01591387497 364165724.2 70345675.67 36 
0.01742948211 218523553.6 52594709.11 23 
0.01894508925 194096847.7 41658628.53 33 
0.0204606964 168594540.7 32383820.18 38 
0.02197630354 238419836.4 45216004.33 48 
0.02349191068 138593133.9 32048618.27 40 
0.02500751782 146410647.5 25732193.38 51 
0.02652312496 148104311.2 28609088.19 52 
0.0280387321 89072405.58 17044704.07 52 
0.02955433924 75248777.03 14697322 51 
0.03106994638 57407658.19 9955033.821 65 
0.03258555352 37444930.32 7896054.519 56 
0.03410116066 36582614.52 8686648.527 61 
0.0356167678 32030697.05 6653237.549 68 
0.03713237494 16370555.3 3754518.43 65 
0.03864798208 20843714.65 4778972 74 
0.04016358922 7602525.818 1587586.248 82 
0.04167919636 7323730.689 1963076.505 82 
0.0431948035 3182708.313 714574.9388 75 
0.04471041064 3396006.288 1233136.942 70 
0.04622601778 2120740.018 442535.2839 78 
0.04774162492 2504844.761 779426.5544 77 
0.04925723206 2862134.328 724328.0248 77 
0.0507728392 1992194.517 293301.539 82 
0.05228844634 1784543.497 259456.2559 80 
0.05380405348 3047178.691 354677.7219 108 
0.05531966062 2759437.394 326682.0667 98 
0.05683526776 2610995.356 329937.401 93 
0.05835087491 2598997.114 309258.5652 100 
0.05986648205 2242916.106 288743.8902 86 
0.06138208919 2686017.042 311822.4797 108 
0.06289769633 2107231.606 251857.6789 107 
0.06441330347 2114097.816 247294.8615 117 
0.06592891061 1518606.61 193519.872 108 
0.06744451775 1725870.569 230640.9338 121 
0.06896012489 1296435.005 167201.3888 120 
0.07047573203 1086150.906 147414.3827 131 
0.07199133917 569646.7278 90446.92696 117 
0.07350694631 445719.4942 72322.6372 115 
0.07502255345 287247.6836 62755.75211 104 
0.07653816059 341589.3463 58724.53096 135 
0.07805376773 373658.7876 62056.23674 126 
0.07956937487 271855.1153 45566.70438 127 
0.08108498201 296919.6576 52711.53284 117 
0.08260058915 294518.4612 39382.99384 126 
0.08411619629 298547.325 36355.98906 110 
0.08563180343 334797.3548 37841.65552 120 
0.08714741057 346397.1083 38652.16271 122 
0.08866301771 423013.3505 41829.99434 143 
0.09017862485 439297.5087 44356.15197 131 
0.09169423199 446406.2341 45382.11019 125 
0.09320983913 409368.4494 43996.07727 131 
0.09472544627 376532.0975 40632.53661 117 
0.09624105341 353758.7522 38388.71998 128 
0.09775666056 317878.294 34625.01723 136 
0.0992722677 284708.3005 31839.76722 136 
0.1007878748 218063.7151 26968.89632 122 
0.102303482 181079.8743 22309.30439 137 
0.1038190891 121508.7261 17817.77882 112 
0.1053346963 107707.0104 16709.49677 109 
0.1068503034 77211.35093 12893.10007 128 
0.1083659105 72948.02346 11690.22646 119 
0.1098815177 72476.05798 11416.67149 116 
0.1113971248 57681.0425 8284.248639 112 
0.112912732 51420.32628 6950.311599 90 
0.1144283391 59368.66983 7824.233334 91 
0.1159439462 64694.7903 8272.556667 95 
0.1174595534 80769.41493 9483.784613 104 
0.1189751605 102248.9604 10915.67347 115 
0.1204907677 84510.68884 9839.738963 103 
0.1220063748 67827.96759 8789.581391 81 
0.1235219819 90926.14371 10238.5173 101 
0.1250375891 91092.87932 10307.83768 103 
0.1265531962 72415.21091 8641.801831 94 
0.1280688034 69577.88684 8587.714169 96 
0.1295844105 61931.23614 7856.942836 92 
0.1311000176 45619.59194 6694.393302 74 
0.1326156248 52013.54577 7651.075637 88 
0.1341312319 42853.38259 6138.511356 91 
0.1356468391 29396.90411 5226.666402 77 
0.1371624462 16136.53101 3278.478149 58 
0.1386780533 17052.26611 3400.758606 67 
0.1401936605 15138.78299 2886.493866 75 
0.1417092676 10330.09636 1912.342774 59 
0.1432248748 8783.082421 1786.949575 51 
0.1447404819 13662.05519 2417.712372 60 
0.146256089 14101.92208 2322.511541 62 
0.1477716962 15911.11947 2518.783299 60 
0.1492873033 13557.27818 2216.352616 58 
0.1508029105 10285.64215 1906.261056 39 
