# Format: McCode with text headers
# URL: http://www.mccode.org
# Creator:  3.8.5, git
# Instrument: eqsans_sans.instr
# Ncount: 10000000
# Trace: no
# Gravitation: no
# Seed: 1790181507890951
# Directory: /Users/georgeyumnam/WORK/PANRAID/PaNRAID-results/Group2/panraidproject/scan_sans_sample/x-09_y+10
# Param: gx=-0.009
# Param: gy=0.01
# Param: sample_on=1
# Param: R_sphere=100
# Param: Phi=0.01
# Param: bs_radius=0
# Param: samp_ap=0.01
# Date: Wed Sep 23 18:39:02 2026 (1790181542)
# type: array_1d(100)
# Source: EQ_SANS_sample (eqsans_sans.instr)
# component: qmon
# position: 0 0 22.281
# title: QMonitor - Distribution in q (Radially averaged)
# Ncount: 10000000
# filename: qdet.dat
# statistics: X0=0.0133271; dX=0.010006;
# signal: Min=0; Max=3.36405e+08; Mean=2.43713e+07;
# values: 2.43713e+09 2.74536e+08 4100
# xvar: q
# yvar: (I,I_err)
# xlabel: q [1 / AA]
# ylabel: I(q)
# xlimits: 0 0.151561
# variables: q I I_err N
0.0007578035702 0 0 0 
0.002273410711 175195668.4 156827709.2 2 
0.003789017851 150983912.8 97606796.14 3 
0.005304624991 147879947.9 92381342.06 4 
0.006820232132 271914965.2 104463302 9 
0.008335839272 336404660.6 107322575.2 12 
0.009851446413 243733790.2 80233175.65 12 
0.01136705355 73884838.54 48491455.67 3 
0.01288266069 145892150.7 46830616.96 13 
0.01439826783 103105249.3 33910613.94 11 
0.01591387497 96396931.54 32991834.02 12 
0.01742948211 65332226.77 26311062.38 9 
0.01894508925 90149725.67 29174328.43 13 
0.0204606964 101278836.5 29555599.67 18 
0.02197630354 54908464.76 20887727.82 9 
0.02349191068 67295398.5 19405278.5 19 
0.02500751782 58120821.31 17016154.16 20 
0.02652312496 47651842.96 12760046.29 22 
0.0280387321 32066787.99 9494217.375 22 
0.02955433924 32422874.8 8289336.643 27 
0.03106994638 23457141.52 7095525.771 25 
0.03258555352 24024625.71 7279241.959 31 
0.03410116066 26917604.88 6770861.009 34 
0.0356167678 15430825.84 4347183.201 31 
0.03713237494 11169299.38 2922405.564 32 
0.03864798208 3585267.401 1109145.851 32 
0.04016358922 7975500.878 3136998.555 36 
0.04167919636 2711320.503 840140.7496 37 
0.0431948035 1381040.461 660595.14 35 
0.04471041064 1256784.182 520241.6717 33 
0.04622601778 1675687.198 537774.4655 38 
0.04774162492 724580.5502 173612.2004 39 
0.04925723206 1501015.778 472704.1224 45 
0.0507728392 1109509.843 274497.227 41 
0.05228844634 1137488.507 228747.4202 42 
0.05380405348 1646092.165 260657.5835 60 
0.05531966062 1588464.826 268041.971 51 
0.05683526776 1614550.339 263697.0437 52 
0.05835087491 1238575.484 226928.0741 46 
0.05986648205 1571150.803 246568.3694 58 
0.06138208919 1251581.233 213797.8067 51 
0.06289769633 1110051.641 202646.3872 45 
0.06441330347 866257.1602 152946.6257 52 
0.06592891061 1110410.443 187745.6442 56 
0.06744451775 904814.6919 165174.9897 63 
0.06896012489 391027.0124 89229.29008 45 
0.07047573203 521488.0519 113666.2512 56 
0.07199133917 244576.6812 56762.2813 53 
0.07350694631 187325.5771 66729.79513 52 
0.07502255345 298994.6705 68396.19747 71 
0.07653816059 205520.346 45894.71684 74 
0.07805376773 144943.5425 40635.86115 59 
0.07956937487 115472.1727 25290.51442 48 
0.08108498201 187292.3334 34414.05789 66 
0.08260058915 200152.1083 31285.52228 73 
0.08411619629 137607.6571 23848.28175 56 
0.08563180343 150110.3904 26117.04376 54 
0.08714741057 237618.3368 32409.47274 73 
0.08866301771 199042.2332 30525.36752 59 
0.09017862485 218479.1641 33066.95756 61 
0.09169423199 242558.5848 34608.2556 67 
0.09320983913 232540.3621 32427.77228 72 
0.09472544627 152957.2419 25717.78294 49 
0.09624105341 140722.2984 24895.45898 50 
0.09775666056 184406.8748 28742.81902 66 
0.0992722677 133029.8531 24218.36425 55 
0.1007878748 98960.66015 20751.22611 48 
0.102303482 72641.15004 13657.23308 63 
0.1038190891 62451.63482 12368.37089 60 
0.1053346963 53967.13542 11044.77963 60 
0.1068503034 36061.39029 8427.3548 50 
0.1083659105 28046.01297 6180.189307 56 
0.1098815177 36044.9522 7467.068024 54 
0.1113971248 21666.31396 4651.160469 47 
0.112912732 36156.2046 6434.121593 65 
0.1144283391 27447.70447 4874.682151 53 
0.1159439462 32886.34088 5784.592782 51 
0.1174595534 39350.6961 6939.488707 50 
0.1189751605 39673.68911 6914.236393 48 
0.1204907677 40282.58191 6769.008766 49 
0.1220063748 47657.93572 7454.112008 52 
0.1235219819 51244.5747 7675.354304 56 
0.1250375891 44373.27781 7494.343268 48 
0.1265531962 42576.92662 7545.045705 44 
0.1280688034 35679.81101 6043.318677 52 
0.1295844105 32340.25159 6003.089909 44 
0.1311000176 27500.10887 4816.106391 53 
0.1326156248 16155.25084 3578.568585 38 
0.1341312319 13881.13821 3247.964978 37 
0.1356468391 18151.61249 3791.802699 46 
0.1371624462 6776.786147 1771.463562 38 
0.1386780533 5850.796599 1866.2152 22 
0.1401936605 7905.050482 1958.380255 36 
0.1417092676 9381.149562 2183.187089 30 
0.1432248748 3662.003314 1005.196114 31 
0.1447404819 6699.78379 1525.453378 32 
0.146256089 7921.876822 1750.758008 37 
0.1477716962 8487.557488 1884.704112 31 
0.1492873033 6804.654605 1599.458259 28 
0.1508029105 8395.274319 1886.854524 27 
