# Format: McCode with text headers
# URL: http://www.mccode.org
# Creator:  3.8.5, git
# Instrument: eqsans_cylinder.instr
# Ncount: 5000000
# Trace: no
# Gravitation: no
# Seed: 1790193988165506
# Directory: /Users/georgeyumnam/WORK/PANRAID/PaNRAID-results/Group2/panraidproject/dataset_cylinder/cyl_000713
# Param: gx=0
# Param: gy=0
# Param: sample_on=1
# Param: bs_radius=0
# Param: samp_ap=0.01
# Param: sld=0.996648
# Param: sld_solvent=1
# Param: radius=51.1717
# Param: length=319.336
# Param: pd_radius=0.146302
# Param: pd_length=0.05414
# Param: model_scale=1
# Param: model_abs=0
# Date: Wed Sep 23 22:06:46 2026 (1790194006)
# type: array_1d(100)
# Source: EQ_SANS_cylinder (eqsans_cylinder.instr)
# component: qmon
# position: 0 0 22.281
# title: QMonitor - Radially averaged distribution
# Ncount: 5000000
# filename: rdet.dat
# statistics: X0=0.0772101; dX=0.0688917;
# signal: Min=1.03722e+06; Max=7.44993e+08; Mean=1.32631e+08;
# values: 1.32631e+10 2.67768e+08 163494
# xvar: r
# yvar: (I,I_err)
# xlabel: Radius [m]
# ylabel: I(r)
# xlimits: 0 0.5
# variables: r I I_err N
0.0025 530248033.7 172347219.5 13 
0.0075 568648934.9 88394586.65 56 
0.0125 744993149.5 100495460.2 86 
0.0175 709655254.8 76943717.61 122 
0.0225 622727291.9 58188741.06 161 
0.0275 506121767.8 49857953.76 152 
0.0325 592009316.7 47342002.48 227 
0.0375 523084706 41016541.9 241 
0.0425 519727974.1 38568040.37 266 
0.0475 485853605.9 34602065.41 302 
0.0525 489535902.9 33496137.75 328 
0.0575 436654393.7 28632940.33 361 
0.0625 473247433.6 28717423.93 438 
0.0675 438009002.1 24880273.16 475 
0.0725 380334827 22764268.83 478 
0.0775 349853783.2 19830175.88 497 
0.0825 344980034.1 17938699.63 563 
0.0875 316706201.8 17192317.98 551 
0.0925 304868479.3 16199988.76 598 
0.0975 292405745.5 15171279.21 653 
0.1025 258315603.9 12917493.17 651 
0.1075 239624224.9 11527720.9 698 
0.1125 221780520.1 10713825.72 713 
0.1175 201782405.9 10122394.3 756 
0.1225 188259366.2 8508128.87 794 
0.1275 179516113.1 8099686.007 823 
0.1325 160394348.4 7105081.34 838 
0.1375 151865707.7 6606285.301 871 
0.1425 150610735.4 6572498.33 929 
0.1475 124203354 5309033.741 953 
0.1525 119817154.1 5272843.531 966 
0.1575 115056874.8 4849822.324 1032 
0.1625 116606547.6 4811537.188 1084 
0.1675 100474739.1 4136863.033 1083 
0.1725 89631848.01 3758853.716 1105 
0.1775 86678476.47 3464462.252 1165 
0.1825 84229310.8 3331997.591 1187 
0.1875 78654780.18 3110697.681 1234 
0.1925 73488335.53 2972859.716 1294 
0.1975 63400612.24 2490222.356 1280 
0.2025 63216854.25 2523858.599 1302 
0.2075 56473219.03 2210257.94 1363 
0.2125 53092733.71 2131110.459 1395 
0.2175 51828161.88 1955073.856 1481 
0.2225 44297999.19 1725144.26 1450 
0.2275 40066364.41 1527365.36 1512 
0.2325 38305450.37 1491107.872 1505 
0.2375 35813440.22 1416810.435 1570 
0.2425 31498103.48 1238992.665 1588 
0.2475 30020148.38 1173010.157 1603 
0.2525 27997094.69 1094406.846 1652 
0.2575 26616448.15 1041119.988 1721 
0.2625 22913021.22 907794.5995 1714 
0.2675 23279074.05 930560.3558 1784 
0.2725 20863817.93 834196.2281 1735 
0.2775 17931491.05 738216.9263 1730 
0.2825 18853304.04 743703.8667 1897 
0.2875 17509156.56 731281.0066 1913 
0.2925 15236111.11 621509.1772 1957 
0.2975 14543228.43 612845.313 1953 
0.3025 13119662.67 529504.1392 1981 
0.3075 12195181.4 490720.9125 2069 
0.3125 11051023.55 465228.8289 2038 
0.3175 10405542.05 427324.8488 2126 
0.3225 9786995.548 402506.4406 2140 
0.3275 9569318.929 388277.4499 2196 
0.3325 7973056.577 336171.3743 2142 
0.3375 8097544.249 324189.9585 2280 
0.3425 6813520.238 283457.1906 2223 
0.3475 6835459.807 284345.8544 2252 
0.3525 6507820.814 264454.4542 2309 
0.3575 5578844.255 232992.5097 2240 
0.3625 5369074.093 217565.0482 2352 
0.3675 5207543.951 212379.9472 2422 
0.3725 4984526.841 196056.3766 2480 
0.3775 4301024.597 174193.8024 2412 
0.3825 4088755.267 165385.613 2522 
0.3875 3529808.934 140154.7787 2529 
0.3925 3428947.509 133712.9704 2564 
0.3975 3279866.919 127519.8184 2648 
0.4025 3256057.759 125848.1313 2647 
0.4075 2716383.321 104382.0662 2668 
0.4125 2782122.306 109393.6936 2727 
0.4175 2531029.691 100250.2305 2646 
0.4225 2196676.824 82139.04291 2689 
0.4275 2317212.114 87745.39999 2810 
0.4325 2038689.007 75130.69319 2760 
0.4375 1926761.285 69859.35662 2851 
0.4425 1874908.25 66542.00222 2852 
0.4475 1861184.83 65256.74835 2951 
0.4525 1601871.147 56220.90802 2872 
0.4575 1496559.939 50373.9839 2993 
0.4625 1560627.056 51156.86196 3083 
0.4675 1398998.196 45713.31883 3112 
0.4725 1220798.425 39557.82615 3002 
0.4775 1302137.149 40715.6252 3259 
0.4825 1195131.825 37819.84179 3088 
0.4875 1118047.59 35358.79257 3214 
0.4925 1151875.245 34724.39478 3275 
0.4975 1037216.735 31565.27729 3221 
