# Format: McCode with text headers
# URL: http://www.mccode.org
# Creator:  3.8.5, git
# Instrument: eqsans_cylinder.instr
# Ncount: 5000000
# Trace: no
# Gravitation: no
# Seed: 1790193108406378
# Directory: /Users/georgeyumnam/WORK/PANRAID/PaNRAID-results/Group2/panraidproject/dataset_cylinder/cyl_000222
# Param: gx=0
# Param: gy=0
# Param: sample_on=1
# Param: bs_radius=0
# Param: samp_ap=0.01
# Param: sld=0.928077
# Param: sld_solvent=1
# Param: radius=22.7367
# Param: length=281.007
# Param: pd_radius=0.297127
# Param: pd_length=0.257545
# Param: model_scale=1
# Param: model_abs=0
# Date: Wed Sep 23 21:52:06 2026 (1790193126)
# type: array_1d(100)
# Source: EQ_SANS_cylinder (eqsans_cylinder.instr)
# component: qmon
# position: 0 0 22.281
# title: QMonitor - Distribution in q (Radially averaged)
# Ncount: 5000000
# filename: qdet.dat
# statistics: X0=0.0227426; dX=0.0209073;
# signal: Min=2.60338e+07; Max=5.53009e+10; Mean=9.07839e+09;
# values: 9.07839e+11 1.84227e+10 254861
# xvar: q
# yvar: (I,I_err)
# xlabel: q [1 / AA]
# ylabel: I(q)
# xlimits: 0 0.151561
# variables: q I I_err N
0.0007578035702 3.875815806e+10 1.071617551e+10 43 
0.002273410711 5.530094443e+10 9634969008 120 
0.003789017851 4.831958813e+10 5689869718 202 
0.005304624991 4.807338609e+10 4601291116 279 
0.006820232132 4.292919372e+10 4086782535 388 
0.008335839272 4.076405941e+10 3270742330 485 
0.009851446413 3.963635578e+10 3266358948 531 
0.01136705355 4.282018362e+10 3311087177 608 
0.01288266069 3.91123974e+10 2756611163 687 
0.01439826783 3.256303919e+10 1991041681 777 
0.01591387497 3.260120979e+10 2080903029 862 
0.01742948211 2.920312447e+10 1710801372 937 
0.01894508925 3.121739773e+10 1746805026 1043 
0.0204606964 2.305229788e+10 1173355012 1071 
0.02197630354 2.454017503e+10 1228051571 1184 
0.02349191068 2.266132085e+10 1188580073 1278 
0.02500751782 1.933863653e+10 856351728.5 1394 
0.02652312496 2.043326556e+10 1092871359 1466 
0.0280387321 1.933721731e+10 894733061.1 1541 
0.02955433924 1.499952113e+10 652592289.2 1555 
0.03106994638 1.56154672e+10 631508494.6 1698 
0.03258555352 1.413060748e+10 558153410.9 1748 
0.03410116066 1.349580564e+10 508108417.4 1867 
0.0356167678 1.285432077e+10 483051154.4 1896 
0.03713237494 1.216033178e+10 477662006.3 2016 
0.03864798208 1.109435223e+10 407437328.9 2061 
0.04016358922 1.088676013e+10 383903661.1 2228 
0.04167919636 1.028841053e+10 350579934.7 2246 
0.0431948035 9415572933 307935581.7 2375 
0.04471041064 8958204614 287854646.4 2409 
0.04622601778 8058609341 257182646.4 2436 
0.04774162492 7928021501 240126176.8 2690 
0.04925723206 7452254562 228585977.9 2689 
0.0507728392 7059978216 208052245.7 2829 
0.05228844634 6324339303 188643211.5 2739 
0.05380405348 6215833435 172807792.4 3011 
0.05531966062 5668890727 159088552.5 2946 
0.05683526776 5452158781 147229210.4 3100 
0.05835087491 4947920241 132661310.4 3132 
0.05986648205 5028568235 130406782.5 3370 
0.06138208919 4378852148 115511295.1 3257 
0.06289769633 4062729841 100193360.2 3349 
0.06441330347 3846639864 94696517.65 3368 
0.06592891061 3445638733 83702396.03 3440 
0.06744451775 3313535009 78207652.53 3502 
0.06896012489 3225227708 76279932.48 3658 
0.07047573203 2971233262 68466446.16 3600 
0.07199133917 2641001546 60384000.77 3604 
0.07350694631 2510432966 57131921.04 3689 
0.07502255345 2424994011 53173260.2 3801 
0.07653816059 2172508481 47601572.07 3774 
0.07805376773 1957129459 42887485.48 3755 
0.07956937487 1890755618 39857464.47 3884 
0.08108498201 1711020624 36140067.53 3869 
0.08260058915 1669463259 35206275.77 3957 
0.08411619629 1524390210 31598382.59 3955 
0.08563180343 1384139950 28426624.36 3989 
0.08714741057 1246141792 25554923.82 3877 
0.08866301771 1153291048 23773393.99 3914 
0.09017862485 1029036549 21384878.23 3771 
0.09169423199 951586046.8 19790635.82 3845 
0.09320983913 889904373.1 18309602.71 3906 
0.09472544627 796263838.1 16336598.54 3799 
0.09624105341 735819156.4 15266662.73 3744 
0.09775666056 675455057.2 13840923.89 3731 
0.0992722677 609722254.7 12604494.69 3660 
0.1007878748 554193577.1 11415932.11 3678 
0.102303482 525241216.7 10943409.07 3676 
0.1038190891 471538078.2 9717826.822 3657 
0.1053346963 419485520.3 8861002.525 3511 
0.1068503034 397715624.1 8364502.64 3508 
0.1083659105 339664065.5 7295668.227 3349 
0.1098815177 311727325.4 6737052.161 3370 
0.1113971248 278931519.8 6155067.806 3247 
0.112912732 258134106.2 5645709.682 3243 
0.1144283391 245344192.1 5334054.164 3311 
0.1159439462 217606306.4 4859737.756 3174 
0.1174595534 191011040 4358392.944 3000 
0.1189751605 178434383.1 4073030.626 3051 
0.1204907677 152335989 3637886.468 2814 
0.1220063748 141249712 3324669.098 2886 
0.1235219819 129952658.5 3148955.318 2806 
0.1250375891 119641057.9 2851064.04 2809 
0.1265531962 112178961.1 2713104.894 2777 
0.1280688034 99266908.26 2443703.547 2660 
0.1295844105 89155734.53 2292134.721 2536 
0.1311000176 86057338.43 2183773.24 2581 
0.1326156248 75281394.34 1957281.32 2456 
0.1341312319 68843373.76 1803566.192 2398 
0.1356468391 64048614.84 1747906.5 2315 
0.1371624462 57924489.58 1591023.403 2261 
0.1386780533 52113270.04 1445157.986 2214 
0.1401936605 47239262.76 1350224.041 2076 
0.1417092676 44010015.12 1276142.459 2049 
0.1432248748 40068666.68 1206473.217 1978 
0.1447404819 36551778.01 1128660.88 1887 
0.146256089 33669936.09 1051190.713 1833 
0.1477716962 30380579.97 1011191.25 1749 
0.1492873033 28979985.69 937489.6341 1740 
0.1508029105 26033802.41 885759.3162 1626 
