# Format: McCode with text headers
# URL: http://www.mccode.org
# Creator:  3.8.5, git
# Instrument: eqsans_1_fixed.instr
# Ncount: 1000000
# Trace: no
# Gravitation: no
# Seed: 1790169957518867
# Directory: /Users/georgeyumnam/WORK/PANRAID/PaNRAID-results/Group2/panraidproject/scan_guide_xy/x+11_y-19
# Param: gx=0.011
# Param: gy=-0.019
# Date: Wed Sep 23 15:26:01 2026 (1790169961)
# type: array_1d(120)
# Source: EQ_SANS (eqsans_1_fixed.instr)
# component: lambda_det
# position: 0 0 22.28
# title: Wavelength monitor
# Ncount: 1000000
# filename: lambda_det.dat
# statistics: X0=4.10283; dX=0.975677;
# signal: Min=0; Max=1.42729e+06; Mean=220371;
# values: 2.64446e+07 398470 8681
# xvar: L
# yvar: (I,I_err)
# xlabel: Wavelength [AA]
# ylabel: Intensity
# xlimits: 0 12
# variables: L I I_err N
0.05 0 0 0 
0.15 0 0 0 
0.25 0 0 0 
0.35 0 0 0 
0.45 0 0 0 
0.55 0 0 0 
0.65 0 0 0 
0.75 0 0 0 
0.85 0 0 0 
0.95 0 0 0 
1.05 0 0 0 
1.15 0 0 0 
1.25 0 0 0 
1.35 0 0 0 
1.45 0 0 0 
1.55 0 0 0 
1.65 0 0 0 
1.75 0 0 0 
1.85 0 0 0 
1.95 0 0 0 
2.05 0 0 0 
2.15 0 0 0 
2.25 9089.091581 11131.81815 2 
2.35 10900.79333 10129.10469 6 
2.45 16194.90666 8099.504128 10 
2.55 56627.16414 18806.82799 23 
2.65 155403.9859 31688.98428 49 
2.75 344214.1493 46098.0637 164 
2.85 916288.7343 75918.20436 356 
2.95 1427289.99 95843.22688 496 
3.05 1190114.566 85615.72973 447 
3.15 1322031.816 90464.22313 469 
3.25 1243294.261 89918.11367 438 
3.35 1284706.94 87998.61963 427 
3.45 1159930.16 84731.85685 392 
3.55 1048501.668 79232.76372 349 
3.65 1157254.178 84492.00091 351 
3.75 989629.6511 78756.75602 284 
3.85 916789.0183 73917.37572 293 
3.95 873220.223 71815.91661 277 
4.05 905435.9479 73547.7594 271 
4.15 842285.2144 69802.92242 251 
4.25 777306.9326 67072.93356 237 
4.35 765707.1822 65749.43491 233 
4.45 637185.2194 60704.22056 206 
4.55 670881.3965 63634.96585 207 
4.65 558191.0379 53991.53186 195 
4.75 586591.8105 56651.68299 187 
4.85 626121.2057 61485.09014 206 
4.95 582574.3196 57434.66527 200 
5.05 534820.4725 55535.94701 172 
5.15 483698.3779 52431.00309 151 
5.25 458726.6969 52047.74701 151 
5.35 420406.2888 48870.38691 129 
5.45 399082.7442 49604.56154 131 
5.55 389823.0293 48397.17474 122 
5.65 366979.6744 45866.53836 127 
5.75 341761.1506 43521.45483 105 
5.85 291585.5692 42314.66743 88 
5.95 442236.3026 51410.10848 111 
6.05 293750.5925 41938.32683 82 
6.15 286432.2179 41225.0507 81 
6.25 194219.3088 32478.97822 72 
6.35 235155.4677 38161.26405 64 
6.45 102611.6102 24305.90312 36 
6.55 92485.34115 26066.12717 25 
6.65 37029.2493 16419.39633 8 
6.75 0 0 0 
6.85 0 0 0 
6.95 0 0 0 
7.05 0 0 0 
7.15 0 0 0 
7.25 0 0 0 
7.35 0 0 0 
7.45 0 0 0 
7.55 0 0 0 
7.65 0 0 0 
7.75 0 0 0 
7.85 0 0 0 
7.95 0 0 0 
8.05 0 0 0 
8.15 0 0 0 
8.25 0 0 0 
8.35 0 0 0 
8.45 0 0 0 
8.55 0 0 0 
8.65 0 0 0 
8.75 0 0 0 
8.85 0 0 0 
8.95 0 0 0 
9.05 0 0 0 
9.15 0 0 0 
9.25 0 0 0 
9.35 0 0 0 
9.45 0 0 0 
9.55 0 0 0 
9.65 0 0 0 
9.75 0 0 0 
9.85 0 0 0 
9.95 0 0 0 
10.05 0 0 0 
10.15 0 0 0 
10.25 0 0 0 
10.35 0 0 0 
10.45 0 0 0 
10.55 0 0 0 
10.65 0 0 0 
10.75 0 0 0 
10.85 0 0 0 
10.95 0 0 0 
11.05 0 0 0 
11.15 0 0 0 
11.25 0 0 0 
11.35 0 0 0 
11.45 0 0 0 
11.55 0 0 0 
11.65 0 0 0 
11.75 0 0 0 
11.85 0 0 0 
11.95 0 0 0 
