# Format: McCode with text headers
# URL: http://www.mccode.org
# Creator:  3.8.5, git
# Instrument: eqsans_cylinder.instr
# Ncount: 5000000
# Trace: no
# Gravitation: no
# Seed: 1790193934890243
# Directory: /Users/georgeyumnam/WORK/PANRAID/PaNRAID-results/Group2/panraidproject/dataset_cylinder/cyl_000686
# Param: gx=0
# Param: gy=0
# Param: sample_on=1
# Param: bs_radius=0
# Param: samp_ap=0.01
# Param: sld=1.46033
# Param: sld_solvent=1
# Param: radius=21.2349
# Param: length=615.364
# Param: pd_radius=0.154595
# Param: pd_length=0.119034
# Param: model_scale=1
# Param: model_abs=0
# Date: Wed Sep 23 22:05:52 2026 (1790193952)
# type: array_1d(120)
# Source: EQ_SANS_cylinder (eqsans_cylinder.instr)
# component: lambda_det
# position: 0 0 22.28
# title: Wavelength monitor
# Ncount: 5000000
# filename: lambda_det.dat
# statistics: X0=4.327; dX=1.03167;
# signal: Min=0; Max=2.19404e+08; Mean=4.35236e+07;
# values: 5.22283e+09 2.42966e+07 287638
# xvar: L
# yvar: (I,I_err)
# xlabel: Wavelength [AA]
# ylabel: Intensity
# xlimits: 0 12
# variables: L I I_err N
0.05 0 0 0 
0.15 0 0 0 
0.25 0 0 0 
0.35 0 0 0 
0.45 0 0 0 
0.55 0 0 0 
0.65 0 0 0 
0.75 0 0 0 
0.85 0 0 0 
0.95 0 0 0 
1.05 0 0 0 
1.15 0 0 0 
1.25 0 0 0 
1.35 0 0 0 
1.45 0 0 0 
1.55 0 0 0 
1.65 0 0 0 
1.75 0 0 0 
1.85 0 0 0 
1.95 0 0 0 
2.05 0 0 0 
2.15 190142.9851 94495.13993 50 
2.25 819034.1634 260617.6741 100 
2.35 1971262.899 345190.4912 300 
2.45 5914443.694 767189.0792 850 
2.55 9659555.739 950778.78 1250 
2.65 20472142.18 1184851.83 2650 
2.75 73447431.02 3041030.744 8200 
2.85 143759942.8 3857141.934 14399 
2.95 179942225.3 4552415.419 16849 
3.05 189764155.2 4854050.605 16950 
3.15 204138770.3 4387541.993 17099 
3.25 203134872.4 4493665.784 15950 
3.35 219403899.9 4534775.983 16348 
3.45 179406148.6 4378750.439 12500 
3.55 159930669.4 4083859.593 10900 
3.65 176524301.6 4280427.791 11450 
3.75 187812200.4 4551944.286 11350 
3.85 165841547.6 4141939.41 9698 
3.95 156126131.4 4026454.22 8799 
4.05 151211937.1 3866419.829 7950 
4.15 179701652.9 4494360.779 9300 
4.25 156339682.8 4074918.178 7950 
4.35 153700323.6 4055625.001 7200 
4.45 161629564.8 4204011.051 7300 
4.55 135188037.7 3847386.074 5750 
4.65 139950905.5 4252111.551 5900 
4.75 137157262 4209210.321 5399 
4.85 163537030 4368772.456 6249 
4.95 122185268.9 3810565.161 4650 
5.05 107395335 3638816.218 3900 
5.15 120275472.4 3662243.615 4400 
5.25 107101736.7 3354082.021 3750 
5.35 95258707.46 3217740.457 3150 
5.45 117389130.9 3792844.268 3700 
5.55 100132141.1 3615141.758 3049 
5.65 109687192.3 3979088.46 3249 
5.75 103275576.8 3472885.563 3250 
5.85 106210478.2 3781634.349 2800 
5.95 102146862.8 3260279.228 3100 
6.05 69653064.07 2678324.962 1900 
6.15 74180134.64 3018267.568 2000 
6.25 83908374.74 3262331.036 2200 
6.35 63305395.5 3475812.341 1700 
6.45 40132584.28 2590154.505 1000 
6.55 37292755.78 2234873.307 950 
6.65 6628816.621 1147584.42 200 
6.75 0 0 0 
6.85 0 0 0 
6.95 0 0 0 
7.05 0 0 0 
7.15 0 0 0 
7.25 0 0 0 
7.35 0 0 0 
7.45 0 0 0 
7.55 0 0 0 
7.65 0 0 0 
7.75 0 0 0 
7.85 0 0 0 
7.95 0 0 0 
8.05 0 0 0 
8.15 0 0 0 
8.25 0 0 0 
8.35 0 0 0 
8.45 0 0 0 
8.55 0 0 0 
8.65 0 0 0 
8.75 0 0 0 
8.85 0 0 0 
8.95 0 0 0 
9.05 0 0 0 
9.15 0 0 0 
9.25 0 0 0 
9.35 0 0 0 
9.45 0 0 0 
9.55 0 0 0 
9.65 0 0 0 
9.75 0 0 0 
9.85 0 0 0 
9.95 0 0 0 
10.05 0 0 0 
10.15 0 0 0 
10.25 0 0 0 
10.35 0 0 0 
10.45 0 0 0 
10.55 0 0 0 
10.65 0 0 0 
10.75 0 0 0 
10.85 0 0 0 
10.95 0 0 0 
11.05 0 0 0 
11.15 0 0 0 
11.25 0 0 0 
11.35 0 0 0 
11.45 0 0 0 
11.55 0 0 0 
11.65 0 0 0 
11.75 0 0 0 
11.85 0 0 0 
11.95 0 0 0 
