# Format: McCode with text headers
# URL: http://www.mccode.org
# Creator:  3.8.5, git
# Instrument: eqsans_cylinder.instr
# Ncount: 5000000
# Trace: no
# Gravitation: no
# Seed: 1790195502176400
# Directory: /Users/georgeyumnam/WORK/PANRAID/PaNRAID-results/Group2/panraidproject/dataset_cylinder/cyl_001558
# Param: gx=0
# Param: gy=0
# Param: sample_on=1
# Param: bs_radius=0
# Param: samp_ap=0.01
# Param: sld=3.66523
# Param: sld_solvent=1
# Param: radius=91.7402
# Param: length=665.759
# Param: pd_radius=0.190415
# Param: pd_length=0.034138
# Param: model_scale=1
# Param: model_abs=0
# Date: Wed Sep 23 22:32:00 2026 (1790195520)
# type: array_1d(100)
# Source: EQ_SANS_cylinder (eqsans_cylinder.instr)
# component: qmon
# position: 0 0 22.281
# title: QMonitor - Distribution in q (Radially averaged)
# Ncount: 5000000
# filename: qdet.dat
# statistics: X0=0.00916715; dX=0.00785239;
# signal: Min=4.00527e+11; Max=4.87392e+16; Mean=4.18052e+15;
# values: 4.18052e+17 1.37227e+16 253521
# xvar: q
# yvar: (I,I_err)
# xlabel: q [1 / AA]
# ylabel: I(q)
# xlimits: 0 0.151561
# variables: q I I_err N
0.0007578035702 4.87392396e+16 1.004496908e+16 41 
0.002273410711 4.12787151e+16 4.806161691e+15 125 
0.003789017851 4.146404893e+16 4.414876118e+15 198 
0.005304624991 4.591424172e+16 4.193681896e+15 282 
0.006820232132 3.468418679e+16 2.939539093e+15 321 
0.008335839272 3.576835227e+16 2.674825369e+15 446 
0.009851446413 2.948953534e+16 1.999543813e+15 539 
0.01136705355 2.741093299e+16 1.928970597e+15 620 
0.01288266069 2.15016154e+16 1.314706426e+15 704 
0.01439826783 1.838955908e+16 1.161889911e+15 788 
0.01591387497 1.411030661e+16 7.631560374e+14 858 
0.01742948211 1.238005258e+16 7.579323963e+14 925 
0.01894508925 1.008835602e+16 5.405623852e+14 1052 
0.0204606964 7.616262508e+15 3.993397686e+14 1080 
0.02197630354 6.00883352e+15 3.37328682e+14 1177 
0.02349191068 5.311991276e+15 2.778160878e+14 1293 
0.02500751782 3.552635627e+15 1.823292365e+14 1311 
0.02652312496 3.135876495e+15 1.553359234e+14 1466 
0.0280387321 2.392477812e+15 1.219831216e+14 1496 
0.02955433924 1.782059706e+15 9.379630555e+13 1603 
0.03106994638 1.509503914e+15 7.629916389e+13 1776 
0.03258555352 1.063573699e+15 5.389269153e+13 1765 
0.03410116066 7.852451118e+14 3.717835865e+13 1848 
0.0356167678 5.581918245e+14 2.386008717e+13 1914 
0.03713237494 4.225725368e+14 1.869948112e+13 1979 
0.03864798208 3.333378806e+14 1.547881813e+13 2029 
0.04016358922 2.639440068e+14 1.143191532e+13 2097 
0.04167919636 2.207763934e+14 8.005919761e+12 2296 
0.0431948035 1.789308162e+14 6.258414723e+12 2303 
0.04471041064 1.586257522e+14 5.128818032e+12 2457 
0.04622601778 1.497554687e+14 5.135782509e+12 2583 
0.04774162492 1.233689389e+14 3.701570287e+12 2557 
0.04925723206 1.150317217e+14 3.558883103e+12 2662 
0.0507728392 1.054716748e+14 2.986371703e+12 2814 
0.05228844634 9.665849692e+13 2.702371602e+12 2800 
0.05380405348 8.803289954e+13 2.351470448e+12 2886 
0.05531966062 8.076434596e+13 2.187907082e+12 2999 
0.05683526776 7.122490421e+13 1.832435964e+12 3012 
0.05835087491 6.292777522e+13 1.626867428e+12 2996 
0.05986648205 5.885098197e+13 1.48893131e+12 3177 
0.06138208919 5.209231817e+13 1.295728941e+12 3232 
0.06289769633 4.717318658e+13 1.171152805e+12 3342 
0.06441330347 4.20399737e+13 1.028319128e+12 3378 
0.06592891061 3.96408796e+13 9.340730787e+11 3470 
0.06744451775 3.491611149e+13 8.305131723e+11 3579 
0.06896012489 3.131685524e+13 7.412103815e+11 3603 
0.07047573203 2.704246576e+13 6.390677688e+11 3580 
0.07199133917 2.509583075e+13 5.776943967e+11 3730 
0.07350694631 2.308952368e+13 5.194244801e+11 3760 
0.07502255345 2.034476978e+13 4.672565488e+11 3734 
0.07653816059 1.863573993e+13 4.203033843e+11 3763 
0.07805376773 1.754890232e+13 3.997747862e+11 3813 
0.07956937487 1.537987928e+13 3.492193804e+11 3745 
0.08108498201 1.531300452e+13 3.432113401e+11 3883 
0.08260058915 1.33408849e+13 2.971476942e+11 3808 
0.08411619629 1.283375564e+13 2.819284443e+11 3951 
0.08563180343 1.171878046e+13 2.580009176e+11 3873 
0.08714741057 1.060304503e+13 2.360917433e+11 3867 
0.08866301771 1.01961451e+13 2.209856052e+11 3930 
0.09017862485 9.008927868e+12 1.960060515e+11 3790 
0.09169423199 8.595794598e+12 1.851165383e+11 3920 
0.09320983913 7.593347593e+12 1.669200914e+11 3785 
0.09472544627 7.381609454e+12 1.603467252e+11 3829 
0.09624105341 6.745871004e+12 1.474742036e+11 3806 
0.09775666056 6.446495907e+12 1.409022384e+11 3852 
0.0992722677 5.648103164e+12 1.249130853e+11 3680 
0.1007878748 5.385416347e+12 1.192259575e+11 3728 
0.102303482 4.839895713e+12 1.084134575e+11 3566 
0.1038190891 4.407968621e+12 9.978432929e+10 3490 
0.1053346963 4.11787407e+12 9.212260468e+10 3523 
0.1068503034 3.882396286e+12 8.745062373e+10 3491 
0.1083659105 3.718233962e+12 8.231137915e+10 3541 
0.1098815177 3.304385185e+12 7.473586654e+10 3372 
0.1113971248 2.980878301e+12 6.994996171e+10 3192 
0.112912732 2.720486234e+12 6.344930995e+10 3205 
0.1144283391 2.647064192e+12 6.163197698e+10 3187 
0.1159439462 2.411711536e+12 5.63612577e+10 3118 
0.1174595534 2.293615497e+12 5.376957656e+10 3101 
0.1189751605 2.08737834e+12 4.938160288e+10 3021 
0.1204907677 1.970963994e+12 4.701860697e+10 2941 
0.1220063748 1.831598173e+12 4.39357362e+10 2928 
0.1235219819 1.704171581e+12 4.124942363e+10 2879 
0.1250375891 1.535181751e+12 3.758164405e+10 2757 
0.1265531962 1.414155435e+12 3.567411667e+10 2613 
0.1280688034 1.390483128e+12 3.452608391e+10 2679 
0.1295844105 1.156951575e+12 3.007728738e+10 2454 
0.1311000176 1.108846671e+12 2.904084196e+10 2416 
0.1326156248 1.080970391e+12 2.769159312e+10 2453 
0.1341312319 9.660321518e+11 2.557261154e+10 2369 
0.1356468391 8.687778178e+11 2.369285234e+10 2217 
0.1371624462 8.466008182e+11 2.296187657e+10 2252 
0.1386780533 7.714479396e+11 2.112235689e+10 2143 
0.1401936605 7.251196424e+11 2.000358578e+10 2135 
0.1417092676 6.210779639e+11 1.790105215e+10 1954 
0.1432248748 6.233743661e+11 1.780029083e+10 1965 
0.1447404819 5.626673704e+11 1.635466115e+10 1889 
0.146256089 5.11292943e+11 1.514877978e+10 1833 
0.1477716962 4.77997708e+11 1.450065212e+10 1762 
0.1492873033 4.43959433e+11 1.336669219e+10 1745 
0.1508029105 4.00526531e+11 1.245421503e+10 1624 
