# Format: McCode with text headers
# URL: http://www.mccode.org
# Creator:  3.8.5, git
# Instrument: eqsans_sans.instr
# Ncount: 10000000
# Trace: no
# Gravitation: no
# Seed: 1790182207998432
# Directory: /Users/georgeyumnam/WORK/PANRAID/PaNRAID-results/Group2/panraidproject/scan_sans_sample/x-04_y+09
# Param: gx=-0.004
# Param: gy=0.009
# Param: sample_on=1
# Param: R_sphere=100
# Param: Phi=0.01
# Param: bs_radius=0
# Param: samp_ap=0.01
# Date: Wed Sep 23 18:50:42 2026 (1790182242)
# type: array_1d(120)
# Source: EQ_SANS_sample (eqsans_sans.instr)
# component: lambda_det
# position: 0 0 22.28
# title: Wavelength monitor
# Ncount: 10000000
# filename: lambda_det.dat
# statistics: X0=4.34554; dX=1.03993;
# signal: Min=0; Max=11118.4; Mean=1620.55;
# values: 194466 10679.3 6000
# xvar: L
# yvar: (I,I_err)
# xlabel: Wavelength [AA]
# ylabel: Intensity
# xlimits: 0 12
# variables: L I I_err N
0.05 0 0 0 
0.15 0 0 0 
0.25 0 0 0 
0.35 0 0 0 
0.45 0 0 0 
0.55 0 0 0 
0.65 0 0 0 
0.75 0 0 0 
0.85 0 0 0 
0.95 0 0 0 
1.05 0 0 0 
1.15 0 0 0 
1.25 0 0 0 
1.35 0 0 0 
1.45 0 0 0 
1.55 0 0 0 
1.65 0 0 0 
1.75 0 0 0 
1.85 0 0 0 
1.95 0 0 0 
2.05 0 0 0 
2.15 0 0 0 
2.25 0.3684805447 0.4503178374 2 
2.35 1.178335944 0.9515137545 3 
2.45 16.90837363 9.693783198 17 
2.55 1799.988494 1199.564471 25 
2.65 1271.266615 909.5116413 69 
2.75 3730.884427 1391.958192 189 
2.85 4928.45191 1535.216938 301 
2.95 7628.611141 2238.214199 384 
3.05 4513.802473 1488.632406 377 
3.15 6444.697678 1761.917229 333 
3.25 5007.319945 1693.203888 312 
3.35 7909.452389 2230.856351 331 
3.45 4882.274959 1851.802479 269 
3.55 5007.849522 1485.866819 264 
3.65 8560.942567 2147.4285 254 
3.75 4990.720112 1499.832126 235 
3.85 4422.217926 1450.158367 204 
3.95 7408.968338 2154.30305 180 
4.05 9300.660568 2494.569467 183 
4.15 5632.523585 1876.797081 161 
4.25 5717.663256 1912.362683 144 
4.35 8057.455157 2361.362689 149 
4.45 11118.37369 2708.256675 156 
4.55 8243.106548 2152.074336 133 
4.65 6508.536592 2310.904694 118 
4.75 3297.395703 1132.612651 102 
4.85 2653.173696 1223.686473 96 
4.95 4141.562391 1465.651404 105 
5.05 3914.234555 1398.253946 93 
5.15 4614.054071 1678.051335 82 
5.25 805.3433688 279.2523926 85 
5.35 2793.681271 1112.457442 81 
5.45 6019.704989 2069.817176 73 
5.55 1698.511957 851.4066084 62 
5.65 4683.308621 1758.471836 61 
5.75 2557.429753 839.6712011 62 
5.85 2223.401403 1140.532631 53 
5.95 3134.833009 1336.946584 47 
6.05 1151.53502 709.8916612 41 
6.15 6857.0614 2322.360155 54 
6.25 1804.957759 928.2932748 31 
6.35 5471.207938 1659.912369 45 
6.45 2535.33077 1342.138393 21 
6.55 990.8509175 737.7423354 11 
6.65 14.02502374 10.26819692 2 
6.75 0 0 0 
6.85 0 0 0 
6.95 0 0 0 
7.05 0 0 0 
7.15 0 0 0 
7.25 0 0 0 
7.35 0 0 0 
7.45 0 0 0 
7.55 0 0 0 
7.65 0 0 0 
7.75 0 0 0 
7.85 0 0 0 
7.95 0 0 0 
8.05 0 0 0 
8.15 0 0 0 
8.25 0 0 0 
8.35 0 0 0 
8.45 0 0 0 
8.55 0 0 0 
8.65 0 0 0 
8.75 0 0 0 
8.85 0 0 0 
8.95 0 0 0 
9.05 0 0 0 
9.15 0 0 0 
9.25 0 0 0 
9.35 0 0 0 
9.45 0 0 0 
9.55 0 0 0 
9.65 0 0 0 
9.75 0 0 0 
9.85 0 0 0 
9.95 0 0 0 
10.05 0 0 0 
10.15 0 0 0 
10.25 0 0 0 
10.35 0 0 0 
10.45 0 0 0 
10.55 0 0 0 
10.65 0 0 0 
10.75 0 0 0 
10.85 0 0 0 
10.95 0 0 0 
11.05 0 0 0 
11.15 0 0 0 
11.25 0 0 0 
11.35 0 0 0 
11.45 0 0 0 
11.55 0 0 0 
11.65 0 0 0 
11.75 0 0 0 
11.85 0 0 0 
11.95 0 0 0 
