# Format: McCode with text headers
# URL: http://www.mccode.org
# Creator:  3.8.5, git
# Instrument: eqsans_sans.instr
# Ncount: 10000000
# Trace: no
# Gravitation: no
# Seed: 1790184413485352
# Directory: /Users/georgeyumnam/WORK/PANRAID/PaNRAID-results/Group2/panraidproject/scan_sans_sample/x+12_y-20
# Param: gx=0.012
# Param: gy=-0.02
# Param: sample_on=1
# Param: R_sphere=100
# Param: Phi=0.01
# Param: bs_radius=0
# Param: samp_ap=0.01
# Date: Wed Sep 23 19:27:28 2026 (1790184448)
# type: array_1d(100)
# Source: EQ_SANS_sample (eqsans_sans.instr)
# component: qmon
# position: 0 0 22.281
# title: QMonitor - Distribution in q (Radially averaged)
# Ncount: 10000000
# filename: qdet.dat
# statistics: X0=0.00852447; dX=0.00918115;
# signal: Min=0; Max=5.63776e+08; Mean=2.00993e+07;
# values: 2.00993e+09 4.70817e+08 1947
# xvar: q
# yvar: (I,I_err)
# xlabel: q [1 / AA]
# ylabel: I(q)
# xlimits: 0 0.151561
# variables: q I I_err N
0.0007578035702 244681882.4 244681882.4 1 
0.002273410711 563775622.8 354134691.3 4 
0.003789017851 149880065.8 149880065.8 1 
0.005304624991 104348125.2 76663690.94 2 
0.006820232132 140657856.5 65714312.3 6 
0.008335839272 150993170.1 77368698.3 6 
0.009851446413 27800423.83 20507577.35 2 
0.01136705355 126435456.6 69520854.4 5 
0.01288266069 96774961.35 36704924.08 8 
0.01439826783 95132368.31 42212386.85 6 
0.01591387497 0 0 0 
0.01742948211 43782846.48 23995313.16 6 
0.01894508925 24234781.59 15377831.85 4 
0.0204606964 15921382.68 19267985.41 2 
0.02197630354 59170258.07 17076760.21 14 
0.02349191068 22623323.52 12519039.43 9 
0.02500751782 31731865.92 14949089.22 10 
0.02652312496 6291044.639 3262450.019 5 
0.0280387321 30110028.77 12549644.17 12 
0.02955433924 19829696.43 5904523.55 21 
0.03106994638 10194172.49 4035304.401 12 
0.03258555352 16017563.56 5617800.446 14 
0.03410116066 4909517.832 2281938.545 10 
0.0356167678 4363521.107 2065123.248 9 
0.03713237494 1850952.733 769652.7957 12 
0.03864798208 3746796.385 1848611.557 15 
0.04016358922 862198.911 402939.5359 17 
0.04167919636 1619112.574 666906.6711 23 
0.0431948035 1332158.639 682273.9556 22 
0.04471041064 674465.0944 405048.8511 16 
0.04622601778 391222.4003 146712.718 16 
0.04774162492 271986.3637 117478.2631 20 
0.04925723206 393108.8527 117803.7187 24 
0.0507728392 607763.6453 162612.8143 26 
0.05228844634 565972.5948 155373.2284 21 
0.05380405348 656738.1169 174990.0225 25 
0.05531966062 540273.142 159737.5856 20 
0.05683526776 643796.9914 161265.9268 25 
0.05835087491 574151.328 148927.1643 19 
0.05986648205 553846.9514 125180.328 25 
0.06138208919 521059.7848 147521.2108 20 
0.06289769633 398416.9467 113864.5511 19 
0.06441330347 367644.111 98345.83036 21 
0.06592891061 264501.6178 69806.53832 23 
0.06744451775 590886.494 148030.5078 38 
0.06896012489 379029.0169 92860.29374 37 
0.07047573203 210998.2772 71587.53861 34 
0.07199133917 179724.423 45923.79917 39 
0.07350694631 139535.7849 37301.44637 34 
0.07502255345 91061.79298 31005.98518 27 
0.07653816059 123557.411 41429.95777 40 
0.07805376773 34673.62245 9538.500524 28 
0.07956937487 43100.53928 13025.22722 22 
0.08108498201 100146.3755 37548.4665 33 
0.08260058915 72451.49224 17008.69511 34 
0.08411619629 70000.90461 18611.32955 26 
0.08563180343 88752.32416 20640.98955 36 
0.08714741057 105241.6163 21167.20411 35 
0.08866301771 86910.56302 19930.55646 27 
0.09017862485 102142.8159 21355.09914 29 
0.09169423199 99227.14588 22549.3395 25 
0.09320983913 138926.8109 25894.86968 38 
0.09472544627 82656.91365 18361.3603 30 
0.09624105341 70948.28157 17708.81511 22 
0.09775666056 103875.9792 22356.70054 33 
0.0992722677 57456.20836 15318.64939 23 
0.1007878748 60337.91299 15336.39974 30 
0.102303482 53446.68519 13570.19912 32 
0.1038190891 19695.70352 6754.200448 20 
0.1053346963 10871.37903 3834.064377 21 
0.1068503034 12295.20467 4574.067512 21 
0.1083659105 12125.0124 4061.840588 24 
0.1098815177 11986.31963 3768.610568 22 
0.1113971248 11183.19004 3400.022504 22 
0.112912732 13188.6426 3685.896594 23 
0.1144283391 27715.70468 5774.829364 41 
0.1159439462 14170.76483 3631.151101 25 
0.1174595534 18901.0879 5145.139973 22 
0.1189751605 10228.19087 3502.916914 15 
0.1204907677 15793.34194 3815.62064 21 
0.1220063748 14475.32851 3585.733441 20 
0.1235219819 24225.06088 5623.968481 22 
0.1250375891 13048.42178 3609.621946 16 
0.1265531962 18745.49964 4893.868253 20 
0.1280688034 27560.59249 5932.65491 30 
0.1295844105 14944.30234 3896.414553 19 
0.1311000176 11947.861 3388.379234 20 
0.1326156248 6699.043103 2328.075999 19 
0.1341312319 6002.407355 2065.412075 16 
0.1356468391 6237.603578 2293.725548 15 
0.1371624462 2690.512157 1933.900996 10 
0.1386780533 1916.753105 861.4406988 15 
0.1401936605 2548.358094 867.4537608 17 
0.1417092676 1405.689976 649.5345012 10 
0.1432248748 3869.68637 1228.012712 20 
0.1447404819 1675.391368 531.1929933 18 
0.146256089 4822.364792 1452.438205 19 
0.1477716962 3549.360754 1094.033233 15 
0.1492873033 2251.776917 916.3315537 9 
0.1508029105 3184.332603 1146.480745 10 
