# Format: McCode with text headers
# URL: http://www.mccode.org
# Creator:  3.8.5, git
# Instrument: eqsans_sans.instr
# Ncount: 10000000
# Trace: no
# Gravitation: no
# Seed: 1790182519707568
# Directory: /Users/georgeyumnam/WORK/PANRAID/PaNRAID-results/Group2/panraidproject/scan_sans_sample/x-02_y+15
# Param: gx=-0.002
# Param: gy=0.015
# Param: sample_on=1
# Param: R_sphere=100
# Param: Phi=0.01
# Param: bs_radius=0
# Param: samp_ap=0.01
# Date: Wed Sep 23 18:55:54 2026 (1790182554)
# type: array_1d(100)
# Source: EQ_SANS_sample (eqsans_sans.instr)
# component: qmon
# position: 0 0 22.281
# title: QMonitor - Distribution in q (Radially averaged)
# Ncount: 10000000
# filename: qdet.dat
# statistics: X0=0.0128322; dX=0.010205;
# signal: Min=5409.33; Max=4.26031e+08; Mean=2.86945e+07;
# values: 2.86945e+09 3.66524e+08 4326
# xvar: q
# yvar: (I,I_err)
# xlabel: q [1 / AA]
# ylabel: I(q)
# xlimits: 0 0.151561
# variables: q I I_err N
0.0007578035702 205569728.9 205569728.9 1 
0.002273410711 87884482.06 67211293.59 2 
0.003789017851 426030975.9 215309058.6 5 
0.005304624991 57487444.44 52625099.74 2 
0.006820232132 322866824.2 118052519.8 10 
0.008335839272 234376381.9 102351966 6 
0.009851446413 80972455.83 36320042.54 6 
0.01136705355 121692294.6 51621921.01 9 
0.01288266069 185388846.1 58264512.57 12 
0.01439826783 153852477.5 53155886.05 13 
0.01591387497 132212979.6 41364018.37 16 
0.01742948211 111526188.8 36483248.68 15 
0.01894508925 142827602.3 43576118.45 19 
0.0204606964 109974276.6 31644701.46 18 
0.02197630354 91678121 22042447.27 26 
0.02349191068 86859233.33 22096191.78 23 
0.02500751782 28984581.04 8714185.567 14 
0.02652312496 60519067.35 14633829.85 28 
0.0280387321 38817273.09 11955642.3 25 
0.02955433924 42430907.98 11480317.53 25 
0.03106994638 30495307.82 8925504.111 27 
0.03258555352 21457866.44 6330568.142 31 
0.03410116066 17148048.25 4011712 36 
0.0356167678 20044598.25 6746416.97 41 
0.03713237494 10591581.97 3676268.677 29 
0.03864798208 5411881.659 1202717.833 39 
0.04016358922 8450150.738 2643797.167 37 
0.04167919636 4981991.758 2111613.339 39 
0.0431948035 2874044.522 1214989.026 32 
0.04471041064 858824.3469 205316.761 57 
0.04622601778 1328031.928 343075.39 47 
0.04774162492 861881.7823 237546.5556 37 
0.04925723206 1314648.992 295085.7529 54 
0.0507728392 1024495.186 211006.1927 47 
0.05228844634 1177247.745 237649.1006 42 
0.05380405348 1436584.558 254351.1103 52 
0.05531966062 1404685.047 249292.299 46 
0.05683526776 1450233.683 241010.5231 50 
0.05835087491 1550151.986 224796.3321 65 
0.05986648205 1388281.734 220185.9771 57 
0.06138208919 1645898.116 242409.2293 64 
0.06289769633 1223873.437 211400.9131 49 
0.06441330347 1415046.358 237641.0304 55 
0.06592891061 1154732.182 217109.6261 57 
0.06744451775 666964.4679 126982.9402 52 
0.06896012489 767435.2545 140500.2095 64 
0.07047573203 630378.1794 115760.9463 64 
0.07199133917 379736.2994 93911.51315 53 
0.07350694631 211119.2311 61017.46287 53 
0.07502255345 143424.5514 48714.35188 52 
0.07653816059 160587.7326 41411.82034 69 
0.07805376773 155805.0025 41222.33079 61 
0.07956937487 130506.4329 24846.40085 63 
0.08108498201 122000.37 23045.08723 69 
0.08260058915 192882.2604 31002.67629 73 
0.08411619629 154627.7828 27271.70388 69 
0.08563180343 230214.9397 34082.49174 75 
0.08714741057 219293.2945 31247.20517 66 
0.08866301771 222854.9715 32798.36026 63 
0.09017862485 237363.6767 34004.95346 68 
0.09169423199 212247.9431 32820.12358 59 
0.09320983913 191746.045 28255.92933 61 
0.09472544627 153871.9365 23918.36338 54 
0.09624105341 204975.7541 29335.14639 72 
0.09775666056 168108.792 25665.03881 67 
0.0992722677 145927.2339 24223.15717 66 
0.1007878748 129913.4471 21182.66178 77 
0.102303482 119725.0214 19442.60715 73 
0.1038190891 61923.93293 11377.07002 72 
0.1053346963 63514.45894 13630.76792 57 
0.1068503034 55609.94648 13174.20964 56 
0.1083659105 21780.7594 4585.401748 48 
0.1098815177 31654.3101 6016.831771 66 
0.1113971248 25362.0864 5715.010071 52 
0.112912732 27267.56554 5646.404777 49 
0.1144283391 36920.64302 6185.677603 61 
0.1159439462 34800.29165 5802.849019 53 
0.1174595534 29118.85269 5701.844672 37 
0.1189751605 44021.80411 7132.023611 53 
0.1204907677 43334.08511 7073.198669 53 
0.1220063748 42281.02521 7207.630515 44 
0.1235219819 36786.66076 6376.636012 43 
0.1250375891 38709.06307 6595.576858 42 
0.1265531962 50519.38894 7621.187169 61 
0.1280688034 25219.05116 5064.629407 35 
0.1295844105 25287.04855 5195.363751 35 
0.1311000176 28258.95069 5225.054891 49 
0.1326156248 23832.50519 4839.825409 40 
0.1341312319 14947.96676 3720.613696 38 
0.1356468391 16809.76371 3707.656104 39 
0.1371624462 9499.812116 2372.713815 32 
0.1386780533 6112.859098 2146.150074 24 
0.1401936605 7120.625289 1789.350185 41 
0.1417092676 6447.962259 1801.371401 33 
0.1432248748 7432.972495 1516.962845 44 
0.1447404819 9253.616627 1916.0198 42 
0.146256089 5409.333623 1291.481822 31 
0.1477716962 10611.58768 2005.049233 40 
0.1492873033 7167.681221 1737.188799 24 
0.1508029105 8555.175628 2051.10619 24 
