# Format: McCode with text headers
# URL: http://www.mccode.org
# Creator:  3.8.5, git
# Instrument: eqsans_sans.instr
# Ncount: 10000000
# Trace: no
# Gravitation: no
# Seed: 1790174782244479
# Directory: /Users/georgeyumnam/WORK/PANRAID/PaNRAID-results/Group2/panraidproject/scan_sans_nosample/x-10_y-18
# Param: gx=-0.01
# Param: gy=-0.018
# Param: sample_on=0
# Param: R_sphere=100
# Param: Phi=0.01
# Param: bs_radius=0
# Param: samp_ap=0.01
# Date: Wed Sep 23 16:46:58 2026 (1790174818)
# type: array_1d(120)
# Source: EQ_SANS_sample (eqsans_sans.instr)
# component: lambda_det
# position: 0 0 22.28
# title: Wavelength monitor
# Ncount: 10000000
# filename: lambda_det.dat
# statistics: X0=3.88587; dX=0.933152;
# signal: Min=0; Max=134956; Mean=18098.2;
# values: 2.17178e+06 41354.4 2870
# xvar: L
# yvar: (I,I_err)
# xlabel: Wavelength [AA]
# ylabel: Intensity
# xlimits: 0 12
# variables: L I I_err N
0.05 0 0 0 
0.15 0 0 0 
0.25 0 0 0 
0.35 0 0 0 
0.45 0 0 0 
0.55 0 0 0 
0.65 0 0 0 
0.75 0 0 0 
0.85 0 0 0 
0.95 0 0 0 
1.05 0 0 0 
1.15 0 0 0 
1.25 0 0 0 
1.35 0 0 0 
1.45 0 0 0 
1.55 0 0 0 
1.65 0 0 0 
1.75 0 0 0 
1.85 0 0 0 
1.95 0 0 0 
2.05 0 0 0 
2.15 955.7943677 955.7943677 1 
2.25 2471.125174 1447.890021 3 
2.35 0 0 0 
2.45 7657.262821 2400.372992 11 
2.55 6832.560931 2432.402599 8 
2.65 29897.40109 4769.311332 41 
2.75 55377.2977 6437.552452 77 
2.85 133275.6393 10166.77757 180 
2.95 134955.661 10319.45609 178 
3.05 128735.8544 10071.03903 170 
3.15 117248.578 9672.970798 153 
3.25 130901.2383 10140.83424 173 
3.35 102257.7612 9017.299056 134 
3.45 104784.7432 9093.911741 138 
3.55 91200.33459 8449.025907 121 
3.65 84366.85109 8272.855763 108 
3.75 72280.50282 7570.19297 95 
3.85 80354.10611 7895.718217 108 
3.95 71695.25854 7608.350192 92 
4.05 68474.72285 7374.586848 89 
4.15 60838.6542 6973.888223 79 
4.25 62986.7317 7122.052819 81 
4.35 55591.61488 6594.280842 74 
4.45 46161.9485 6011.363839 61 
4.55 50966.35487 6209.997335 71 
4.65 41189.94065 5647.24912 56 
4.75 37127.43633 5361.016041 50 
4.85 42992.90236 5754.737302 58 
4.95 32487.16165 5100.427356 42 
5.05 35276.69829 5183.874496 48 
5.15 25830.90235 4470.623954 35 
5.25 31581.1129 5093.186723 40 
5.35 33324.73676 5079.674806 45 
5.45 18210.59124 3741.655979 25 
5.55 27959.25076 4737.06931 36 
5.65 13364.42011 3237.630706 18 
5.75 18714.95004 3827.485461 25 
5.85 24400.84097 4325.634614 33 
5.95 15877.51976 3606.244034 20 
6.05 18483.32467 3840.865115 24 
6.15 19792.75314 4026.195383 25 
6.25 14082.62922 3476.462993 17 
6.35 10420.02398 2932.199584 13 
6.45 5720.349449 2056.328368 8 
6.55 3994.382832 1816.522289 5 
6.65 683.8643511 683.8643511 1 
6.75 0 0 0 
6.85 0 0 0 
6.95 0 0 0 
7.05 0 0 0 
7.15 0 0 0 
7.25 0 0 0 
7.35 0 0 0 
7.45 0 0 0 
7.55 0 0 0 
7.65 0 0 0 
7.75 0 0 0 
7.85 0 0 0 
7.95 0 0 0 
8.05 0 0 0 
8.15 0 0 0 
8.25 0 0 0 
8.35 0 0 0 
8.45 0 0 0 
8.55 0 0 0 
8.65 0 0 0 
8.75 0 0 0 
8.85 0 0 0 
8.95 0 0 0 
9.05 0 0 0 
9.15 0 0 0 
9.25 0 0 0 
9.35 0 0 0 
9.45 0 0 0 
9.55 0 0 0 
9.65 0 0 0 
9.75 0 0 0 
9.85 0 0 0 
9.95 0 0 0 
10.05 0 0 0 
10.15 0 0 0 
10.25 0 0 0 
10.35 0 0 0 
10.45 0 0 0 
10.55 0 0 0 
10.65 0 0 0 
10.75 0 0 0 
10.85 0 0 0 
10.95 0 0 0 
11.05 0 0 0 
11.15 0 0 0 
11.25 0 0 0 
11.35 0 0 0 
11.45 0 0 0 
11.55 0 0 0 
11.65 0 0 0 
11.75 0 0 0 
11.85 0 0 0 
11.95 0 0 0 
