# Format: McCode with text headers
# URL: http://www.mccode.org
# Creator:  3.8.5, git
# Instrument: eqsans_cylinder.instr
# Ncount: 5000000
# Trace: no
# Gravitation: no
# Seed: 1790193952933018
# Directory: /Users/georgeyumnam/WORK/PANRAID/PaNRAID-results/Group2/panraidproject/dataset_cylinder/cyl_000697
# Param: gx=0
# Param: gy=0
# Param: sample_on=1
# Param: bs_radius=0
# Param: samp_ap=0.01
# Param: sld=7.5953
# Param: sld_solvent=1
# Param: radius=111.497
# Param: length=451.564
# Param: pd_radius=0.07186
# Param: pd_length=0.255938
# Param: model_scale=1
# Param: model_abs=0
# Date: Wed Sep 23 22:06:10 2026 (1790193970)
# type: array_1d(100)
# Source: EQ_SANS_cylinder (eqsans_cylinder.instr)
# component: qmon
# position: 0 0 22.281
# title: QMonitor - Radially averaged distribution
# Ncount: 5000000
# filename: rdet.dat
# statistics: X0=0.0463491; dX=0.0400787;
# signal: Min=1.43382e+13; Max=9.50292e+16; Mean=1.08136e+16;
# values: 1.08136e+18 3.29778e+16 156516
# xvar: r
# yvar: (I,I_err)
# xlabel: Radius [m]
# ylabel: I(r)
# xlimits: 0 0.5
# variables: r I I_err N
0.0025 6.963857603e+16 2.166351441e+16 16 
0.0075 7.234928731e+16 1.248010792e+16 46 
0.0125 6.636897062e+16 9.82215077e+15 76 
0.0175 9.502916938e+16 1.071594872e+16 117 
0.0225 8.514633558e+16 8.414801105e+15 164 
0.0275 7.031595581e+16 6.791112209e+15 172 
0.0325 6.632128784e+16 5.80244276e+15 197 
0.0375 6.023754927e+16 5.027390798e+15 228 
0.0425 5.091639229e+16 3.994899237e+15 263 
0.0475 5.988087102e+16 4.939250171e+15 294 
0.0525 5.133526664e+16 3.752715699e+15 351 
0.0575 3.444786715e+16 2.528003974e+15 340 
0.0625 3.492425524e+16 2.374172999e+15 386 
0.0675 3.224158981e+16 2.141068878e+15 437 
0.0725 3.216201975e+16 2.162646569e+15 450 
0.0775 2.6600029e+16 1.778330373e+15 486 
0.0825 2.240228704e+16 1.450254366e+15 498 
0.0875 2.075209263e+16 1.359282655e+15 541 
0.0925 1.863745745e+16 1.221583475e+15 569 
0.0975 1.508072082e+16 9.342958534e+14 585 
0.1025 1.216667315e+16 7.76150659e+14 632 
0.1075 1.22955858e+16 7.58712223e+14 691 
0.1125 8.904176625e+15 5.803492484e+14 670 
0.1175 9.063174089e+15 5.833419187e+14 776 
0.1225 7.456855689e+15 4.530590115e+14 799 
0.1275 6.530554126e+15 3.990387797e+14 778 
0.1325 4.913805819e+15 3.236003794e+14 797 
0.1375 4.735038933e+15 3.070102303e+14 841 
0.1425 4.144412843e+15 2.795844267e+14 895 
0.1475 3.397113515e+15 2.260524385e+14 901 
0.1525 3.232963308e+15 2.107961465e+14 993 
0.1575 2.476950658e+15 1.696911078e+14 998 
0.1625 2.090938514e+15 1.360286761e+14 1007 
0.1675 1.825032794e+15 1.210996189e+14 1044 
0.1725 1.329468823e+15 9.435583929e+13 1020 
0.1775 1.369651811e+15 9.796267521e+13 1122 
0.1825 1.057240612e+15 7.523007386e+13 1178 
0.1875 8.745778269e+14 6.426387745e+13 1127 
0.1925 8.343457822e+14 5.698675591e+13 1277 
0.1975 7.33095727e+14 4.872623757e+13 1262 
0.2025 6.574327298e+14 4.045359258e+13 1254 
0.2075 5.137234377e+14 3.524165599e+13 1243 
0.2125 5.198609714e+14 3.482478993e+13 1365 
0.2175 4.827973107e+14 2.979013235e+13 1364 
0.2225 3.871248013e+14 2.285661987e+13 1428 
0.2275 3.200543661e+14 2.003694061e+13 1405 
0.2325 2.697295255e+14 1.380062196e+13 1451 
0.2375 2.669642496e+14 1.613747705e+13 1376 
0.2425 2.258835343e+14 1.045826508e+13 1546 
0.2475 2.145775354e+14 9.590737136e+12 1550 
0.2525 1.965744721e+14 9.195852037e+12 1593 
0.2575 1.78421344e+14 7.729757363e+12 1596 
0.2625 1.773209514e+14 7.27796105e+12 1673 
0.2675 1.620664809e+14 6.863487716e+12 1649 
0.2725 1.432342655e+14 5.702370091e+12 1760 
0.2775 1.391740582e+14 5.306392077e+12 1752 
0.2825 1.284637725e+14 4.902041879e+12 1761 
0.2875 1.166744991e+14 4.286310042e+12 1821 
0.2925 1.17050259e+14 4.427460796e+12 1839 
0.2975 1.029494706e+14 3.745673712e+12 1829 
0.3025 1.047252396e+14 3.750517395e+12 1911 
0.3075 1.00779108e+14 3.668552294e+12 1917 
0.3125 9.838352983e+13 3.566326679e+12 2045 
0.3175 9.581430556e+13 3.575557146e+12 2003 
0.3225 8.51186103e+13 3.088913506e+12 2014 
0.3275 7.93534317e+13 3.109930582e+12 1986 
0.3325 8.026545243e+13 3.01221844e+12 2079 
0.3375 7.332719584e+13 2.828070845e+12 2045 
0.3425 6.95439611e+13 2.638979297e+12 2120 
0.3475 6.567421273e+13 2.433681096e+12 2151 
0.3525 6.536771454e+13 2.496020693e+12 2285 
0.3575 5.873817923e+13 2.272342648e+12 2188 
0.3625 5.501505966e+13 2.206576316e+12 2168 
0.3675 5.285820132e+13 2.067087391e+12 2310 
0.3725 5.20462514e+13 2.020459767e+12 2323 
0.3775 5.216538894e+13 2.100370021e+12 2350 
0.3825 4.640909335e+13 1.833799564e+12 2412 
0.3875 4.402334025e+13 1.724165737e+12 2430 
0.3925 4.065345898e+13 1.589052789e+12 2378 
0.3975 3.745767367e+13 1.447440998e+12 2492 
0.4025 3.890159361e+13 1.463941767e+12 2547 
0.4075 3.267222074e+13 1.228942391e+12 2525 
0.4125 3.42653403e+13 1.290125751e+12 2616 
0.4175 3.264554992e+13 1.186620865e+12 2705 
0.4225 2.849351335e+13 1.070218475e+12 2656 
0.4275 2.7290186e+13 1.004674661e+12 2648 
0.4325 2.596950494e+13 9.477427577e+11 2704 
0.4375 2.502943101e+13 8.737435667e+11 2788 
0.4425 2.324512814e+13 8.334298796e+11 2744 
0.4475 2.183756369e+13 7.696683573e+11 2783 
0.4525 2.093546713e+13 7.300295112e+11 2858 
0.4575 2.138008941e+13 7.43601924e+11 2965 
0.4625 1.906689924e+13 6.278637279e+11 2966 
0.4675 1.84272136e+13 5.782610174e+11 3004 
0.4725 1.627795595e+13 5.143094265e+11 2892 
0.4775 1.583775324e+13 5.020529759e+11 2981 
0.4825 1.559952756e+13 4.909540131e+11 2985 
0.4875 1.497976767e+13 4.663017458e+11 3010 
0.4925 1.450942091e+13 4.385098197e+11 3110 
0.4975 1.433822038e+13 4.390911228e+11 3143 
