# Format: McCode with text headers
# URL: http://www.mccode.org
# Creator:  3.8.5, git
# Instrument: eqsans_cylinder.instr
# Ncount: 5000000
# Trace: no
# Gravitation: no
# Seed: 1790193055984525
# Directory: /Users/georgeyumnam/WORK/PANRAID/PaNRAID-results/Group2/panraidproject/dataset_cylinder/cyl_000198
# Param: gx=0
# Param: gy=0
# Param: sample_on=1
# Param: bs_radius=0
# Param: samp_ap=0.01
# Param: sld=6.74441
# Param: sld_solvent=1
# Param: radius=33.9355
# Param: length=649.585
# Param: pd_radius=0.194938
# Param: pd_length=0.044827
# Param: model_scale=1
# Param: model_abs=0
# Date: Wed Sep 23 21:51:13 2026 (1790193073)
# type: array_1d(120)
# Source: EQ_SANS_cylinder (eqsans_cylinder.instr)
# component: lambda_det
# position: 0 0 22.28
# title: Wavelength monitor
# Ncount: 5000000
# filename: lambda_det.dat
# statistics: X0=4.35512; dX=1.03198;
# signal: Min=0; Max=1.3979e+11; Mean=3.14744e+10;
# values: 3.77693e+12 2.65026e+10 285785
# xvar: L
# yvar: (I,I_err)
# xlabel: Wavelength [AA]
# ylabel: Intensity
# xlimits: 0 12
# variables: L I I_err N
0.05 0 0 0 
0.15 0 0 0 
0.25 0 0 0 
0.35 0 0 0 
0.45 0 0 0 
0.55 0 0 0 
0.65 0 0 0 
0.75 0 0 0 
0.85 0 0 0 
0.95 0 0 0 
1.05 0 0 0 
1.15 0 0 0 
1.25 0 0 0 
1.35 0 0 0 
1.45 0 0 0 
1.55 0 0 0 
1.65 0 0 0 
1.75 0 0 0 
1.85 0 0 0 
1.95 0 0 0 
2.05 0 0 0 
2.15 0 0 0 
2.25 327324106.7 231394494.9 100 
2.35 639744643 254044252.2 150 
2.45 1941589299 555469499 400 
2.55 8992787824 1224907818 1450 
2.65 1.817323896e+10 1832255591 2600 
2.75 5.365177587e+10 3362960431 7999 
2.85 9.483876835e+10 3989856714 14099 
2.95 1.336702763e+11 4481908153 19250 
3.05 1.323604425e+11 5034722287 17448 
3.15 1.389284578e+11 5365197631 16200 
3.25 1.39790219e+11 5086847546 15548 
3.35 1.32012534e+11 4604096406 14600 
3.45 1.336319143e+11 4752039280 13950 
3.55 1.294596773e+11 4933563830 12298 
3.65 1.072217586e+11 4665757584 9849 
3.75 1.291982965e+11 4844495971 11650 
3.85 1.320559264e+11 5044326644 10749 
3.95 1.241033452e+11 4648599900 10049 
4.05 1.336429343e+11 5783993069 8900 
4.15 1.108839617e+11 3995133077 8100 
4.25 1.064192701e+11 4294397871 7250 
4.35 1.056870915e+11 4550852022 6800 
4.45 9.667369341e+10 3956643546 6349 
4.55 9.054096672e+10 4228052766 4950 
4.65 1.255494422e+11 4894044768 6850 
4.75 1.00806672e+11 4457779429 5150 
4.85 8.876909577e+10 4573907928 4400 
4.95 8.83537949e+10 4044874528 4400 
5.05 1.029386276e+11 4418886228 5150 
5.15 8.410763112e+10 3777756775 3800 
5.25 1.011423383e+11 4183552333 4550 
5.35 7.557402348e+10 3360154398 3499 
5.45 7.420701115e+10 3744039468 2950 
5.55 8.9861623e+10 3892980551 3500 
5.65 9.849030022e+10 4595416610 3699 
5.75 7.304893163e+10 3311768832 2850 
5.85 7.165576021e+10 3743392808 2750 
5.95 6.93593566e+10 3791016907 2400 
6.05 7.09721398e+10 4149494689 2300 
6.15 5.881147413e+10 3484676719 1950 
6.25 4.320429951e+10 2429144751 1550 
6.35 3.337695753e+10 2317333420 1100 
6.45 4.355493054e+10 2888422065 1449 
6.55 2.374682925e+10 2054323901 600 
6.65 4554013237 926320950.8 150 
6.75 0 0 0 
6.85 0 0 0 
6.95 0 0 0 
7.05 0 0 0 
7.15 0 0 0 
7.25 0 0 0 
7.35 0 0 0 
7.45 0 0 0 
7.55 0 0 0 
7.65 0 0 0 
7.75 0 0 0 
7.85 0 0 0 
7.95 0 0 0 
8.05 0 0 0 
8.15 0 0 0 
8.25 0 0 0 
8.35 0 0 0 
8.45 0 0 0 
8.55 0 0 0 
8.65 0 0 0 
8.75 0 0 0 
8.85 0 0 0 
8.95 0 0 0 
9.05 0 0 0 
9.15 0 0 0 
9.25 0 0 0 
9.35 0 0 0 
9.45 0 0 0 
9.55 0 0 0 
9.65 0 0 0 
9.75 0 0 0 
9.85 0 0 0 
9.95 0 0 0 
10.05 0 0 0 
10.15 0 0 0 
10.25 0 0 0 
10.35 0 0 0 
10.45 0 0 0 
10.55 0 0 0 
10.65 0 0 0 
10.75 0 0 0 
10.85 0 0 0 
10.95 0 0 0 
11.05 0 0 0 
11.15 0 0 0 
11.25 0 0 0 
11.35 0 0 0 
11.45 0 0 0 
11.55 0 0 0 
11.65 0 0 0 
11.75 0 0 0 
11.85 0 0 0 
11.95 0 0 0 
