# Format: McCode with text headers
# URL: http://www.mccode.org
# Creator:  3.8.5, git
# Instrument: eqsans_cylinder.instr
# Ncount: 5000000
# Trace: no
# Gravitation: no
# Seed: 1790194421794993
# Directory: /Users/georgeyumnam/WORK/PANRAID/PaNRAID-results/Group2/panraidproject/dataset_cylinder/cyl_000954
# Param: gx=0
# Param: gy=0
# Param: sample_on=1
# Param: bs_radius=0
# Param: samp_ap=0.01
# Param: sld=5.05458
# Param: sld_solvent=1
# Param: radius=85.6545
# Param: length=326.918
# Param: pd_radius=0.108249
# Param: pd_length=0.195923
# Param: model_scale=1
# Param: model_abs=0
# Date: Wed Sep 23 22:13:59 2026 (1790194439)
# type: array_1d(100)
# Source: EQ_SANS_cylinder (eqsans_cylinder.instr)
# component: qmon
# position: 0 0 22.281
# title: QMonitor - Radially averaged distribution
# Ncount: 5000000
# filename: rdet.dat
# statistics: X0=0.0551433; dX=0.0493029;
# signal: Min=3.41453e+12; Max=9.35614e+15; Mean=1.13156e+15;
# values: 1.13156e+17 3.16393e+15 157986
# xvar: r
# yvar: (I,I_err)
# xlabel: Radius [m]
# ylabel: I(r)
# xlimits: 0 0.5
# variables: r I I_err N
0.0025 6.337843896e+15 2.143377744e+15 15 
0.0075 9.356135717e+15 1.497146468e+15 59 
0.0125 7.543447562e+15 9.127325582e+14 92 
0.0175 6.266263718e+15 6.904591918e+14 122 
0.0225 6.590234923e+15 6.762768555e+14 150 
0.0275 6.551262402e+15 6.011894449e+14 179 
0.0325 5.639282289e+15 4.608342316e+14 217 
0.0375 5.158496339e+15 4.05103286e+14 239 
0.0425 5.66105114e+15 4.365398389e+14 272 
0.0475 4.987260993e+15 3.619049664e+14 310 
0.0525 4.642018604e+15 3.336528092e+14 312 
0.0575 3.862493818e+15 2.655013685e+14 362 
0.0625 3.678832258e+15 2.459346737e+14 388 
0.0675 3.754632545e+15 2.27730499e+14 457 
0.0725 3.129117574e+15 1.915186661e+14 463 
0.0775 3.087031569e+15 1.893828092e+14 470 
0.0825 2.878976541e+15 1.688954332e+14 522 
0.0875 2.56903068e+15 1.435782932e+14 567 
0.0925 2.472734495e+15 1.405863209e+14 573 
0.0975 2.059154163e+15 1.100732629e+14 645 
0.1025 1.821132517e+15 9.599563158e+13 657 
0.1075 1.520900712e+15 8.522236244e+13 629 
0.1125 1.499887414e+15 7.835576258e+13 728 
0.1175 1.381060613e+15 7.139434574e+13 750 
0.1225 1.210288237e+15 6.500628318e+13 775 
0.1275 1.117421582e+15 6.223244873e+13 838 
0.1325 9.77202148e+14 5.387540637e+13 862 
0.1375 7.736457363e+14 4.336080181e+13 813 
0.1425 7.57621174e+14 4.084050338e+13 902 
0.1475 6.425029449e+14 3.473980157e+13 885 
0.1525 5.614415616e+14 3.174237304e+13 911 
0.1575 5.002905489e+14 2.754573515e+13 972 
0.1625 4.428898391e+14 2.350226214e+13 1000 
0.1675 3.703705661e+14 1.975231888e+13 1056 
0.1725 3.594626419e+14 1.909695486e+13 1070 
0.1775 3.236227127e+14 1.828965551e+13 1110 
0.1825 2.816425069e+14 1.541800024e+13 1167 
0.1875 2.391607569e+14 1.317908341e+13 1199 
0.1925 1.850387207e+14 1.076798585e+13 1177 
0.1975 1.786034728e+14 1.014954683e+13 1182 
0.2025 1.740967873e+14 9.615020688e+12 1341 
0.2075 1.485049985e+14 8.988474244e+12 1254 
0.2125 1.349927211e+14 7.569962462e+12 1423 
0.2175 1.172175098e+14 6.76135695e+12 1374 
0.2225 1.102060083e+14 6.054928635e+12 1415 
0.2275 9.253916354e+13 5.167099129e+12 1445 
0.2325 9.061690798e+13 5.254355636e+12 1505 
0.2375 7.939370236e+13 4.280445644e+12 1549 
0.2425 6.512979359e+13 3.615796672e+12 1489 
0.2475 5.938624615e+13 3.171817818e+12 1528 
0.2525 5.665708624e+13 3.202380046e+12 1579 
0.2575 5.445412639e+13 3.011501557e+12 1656 
0.2625 4.506303885e+13 2.570807539e+12 1610 
0.2675 3.793674545e+13 1.857080205e+12 1670 
0.2725 3.470766912e+13 1.775048058e+12 1683 
0.2775 3.193669975e+13 1.607108242e+12 1771 
0.2825 3.0099606e+13 1.537739032e+12 1779 
0.2875 2.734165972e+13 1.294296641e+12 1781 
0.2925 2.399448399e+13 1.054399748e+12 1871 
0.2975 2.308509937e+13 9.897837509e+11 1876 
0.3025 2.203333772e+13 9.755731576e+11 1929 
0.3075 1.84969903e+13 7.272037056e+11 1949 
0.3125 1.800090384e+13 6.867452969e+11 1982 
0.3175 1.543233352e+13 6.080914794e+11 1909 
0.3225 1.456035217e+13 5.185598021e+11 1977 
0.3275 1.495145301e+13 5.364771132e+11 2092 
0.3325 1.396224817e+13 5.222747238e+11 2084 
0.3375 1.346440424e+13 4.686544919e+11 2174 
0.3425 1.247840608e+13 4.186368196e+11 2199 
0.3475 1.117313526e+13 3.726410772e+11 2141 
0.3525 1.133551077e+13 3.581825334e+11 2334 
0.3575 1.092929608e+13 3.558862637e+11 2276 
0.3625 1.05570948e+13 3.50419073e+11 2260 
0.3675 9.674625263e+12 3.075978504e+11 2402 
0.3725 9.511166105e+12 3.154020882e+11 2386 
0.3775 9.003568239e+12 2.854101592e+11 2421 
0.3825 8.553721532e+12 2.763408391e+11 2403 
0.3875 8.104108857e+12 2.628760156e+11 2488 
0.3925 7.68928619e+12 2.515164974e+11 2419 
0.3975 7.930046874e+12 2.582918069e+11 2507 
0.4025 7.289412966e+12 2.434771891e+11 2514 
0.4075 6.631109411e+12 2.167823751e+11 2557 
0.4125 6.786615704e+12 2.173555473e+11 2685 
0.4175 6.24385416e+12 1.995690833e+11 2608 
0.4225 5.782809584e+12 1.954960476e+11 2594 
0.4275 6.013274974e+12 1.985751816e+11 2719 
0.4325 5.878738348e+12 1.908897151e+11 2750 
0.4375 5.372068254e+12 1.739146058e+11 2770 
0.4425 5.307038044e+12 1.755076185e+11 2770 
0.4475 5.030425054e+12 1.656842387e+11 2839 
0.4525 4.890096482e+12 1.610446061e+11 2896 
0.4575 4.482480772e+12 1.469710227e+11 2904 
0.4625 4.420182862e+12 1.4614863e+11 2932 
0.4675 4.171600807e+12 1.359466962e+11 2955 
0.4725 4.369036714e+12 1.446323164e+11 3067 
0.4775 3.706397008e+12 1.240261032e+11 2915 
0.4825 3.985568785e+12 1.291877394e+11 3111 
0.4875 3.8239742e+12 1.282580313e+11 3078 
0.4925 3.51202888e+12 1.153227969e+11 3116 
0.4975 3.414531192e+12 1.095774668e+11 3178 
