# Format: McCode with text headers
# URL: http://www.mccode.org
# Creator:  3.8.5, git
# Instrument: eqsans_cylinder.instr
# Ncount: 5000000
# Trace: no
# Gravitation: no
# Seed: 1790193790328151
# Directory: /Users/georgeyumnam/WORK/PANRAID/PaNRAID-results/Group2/panraidproject/dataset_cylinder/cyl_000607
# Param: gx=0
# Param: gy=0
# Param: sample_on=1
# Param: bs_radius=0
# Param: samp_ap=0.01
# Param: sld=5.22445
# Param: sld_solvent=1
# Param: radius=118.495
# Param: length=401.188
# Param: pd_radius=0.202758
# Param: pd_length=0.130012
# Param: model_scale=1
# Param: model_abs=0
# Date: Wed Sep 23 22:03:28 2026 (1790193808)
# type: array_1d(100)
# Source: EQ_SANS_cylinder (eqsans_cylinder.instr)
# component: qmon
# position: 0 0 22.281
# title: QMonitor - Radially averaged distribution
# Ncount: 5000000
# filename: rdet.dat
# statistics: X0=0.0445881; dX=0.0382256;
# signal: Min=6.27021e+12; Max=4.26796e+16; Mean=5.21129e+15;
# values: 5.21129e+17 1.82012e+16 160184
# xvar: r
# yvar: (I,I_err)
# xlabel: Radius [m]
# ylabel: I(r)
# xlimits: 0 0.5
# variables: r I I_err N
0.0025 3.676259031e+16 1.183718061e+16 15 
0.0075 3.999312277e+16 8.094557445e+15 48 
0.0125 3.392193973e+16 5.504014762e+15 65 
0.0175 3.844444922e+16 4.524762889e+15 125 
0.0225 4.267962259e+16 4.681942169e+15 159 
0.0275 3.122174951e+16 3.756133822e+15 143 
0.0325 3.07321344e+16 3.15371797e+15 212 
0.0375 3.045642109e+16 2.540382498e+15 250 
0.0425 2.553602052e+16 2.257113979e+15 268 
0.0475 3.018523761e+16 2.438088553e+15 305 
0.0525 2.45221528e+16 2.032677345e+15 318 
0.0575 2.104179263e+16 1.737463811e+15 382 
0.0625 1.791360564e+16 1.531571785e+15 401 
0.0675 1.719795143e+16 1.332176717e+15 442 
0.0725 1.248841039e+16 9.717233951e+14 411 
0.0775 1.357645958e+16 1.139803761e+15 474 
0.0825 1.139237073e+16 8.630424858e+14 505 
0.0875 8.803804541e+15 6.397376944e+14 561 
0.0925 7.642957695e+15 5.692734513e+14 594 
0.0975 6.614146978e+15 4.854944603e+14 641 
0.1025 6.315361867e+15 4.550569786e+14 666 
0.1075 5.087457908e+15 3.446123221e+14 716 
0.1125 4.32788896e+15 3.084909228e+14 723 
0.1175 3.512926694e+15 2.568103768e+14 758 
0.1225 2.749124609e+15 2.087703044e+14 742 
0.1275 2.370598126e+15 1.673628423e+14 809 
0.1325 2.258877743e+15 1.773627291e+14 871 
0.1375 1.720795747e+15 1.145514987e+14 885 
0.1425 1.46517397e+15 1.074060293e+14 907 
0.1475 1.254632785e+15 8.626810858e+13 897 
0.1525 1.064177395e+15 7.947397133e+13 928 
0.1575 1.009907907e+15 6.817107138e+13 1047 
0.1625 8.242765001e+14 5.534570351e+13 1093 
0.1675 6.21893646e+14 4.12301485e+13 1039 
0.1725 5.517771587e+14 3.705274676e+13 1090 
0.1775 4.578876679e+14 3.074950534e+13 1093 
0.1825 3.887261911e+14 2.26677932e+13 1186 
0.1875 3.655589598e+14 2.517971243e+13 1171 
0.1925 3.121171989e+14 1.837556057e+13 1230 
0.1975 2.869286012e+14 1.670985983e+13 1305 
0.2025 2.780284324e+14 1.916629139e+13 1391 
0.2075 2.282440631e+14 1.393998539e+13 1318 
0.2125 2.013543222e+14 1.167538776e+13 1372 
0.2175 1.590464041e+14 8.245261755e+12 1338 
0.2225 1.54639771e+14 7.525439241e+12 1421 
0.2275 1.384446518e+14 7.014775562e+12 1423 
0.2325 1.471111818e+14 7.179590911e+12 1544 
0.2375 1.199140658e+14 5.828063542e+12 1486 
0.2425 1.106367841e+14 5.112486206e+12 1545 
0.2475 1.005363732e+14 4.913636538e+12 1540 
0.2525 9.588560288e+13 4.481721032e+12 1623 
0.2575 8.596922012e+13 3.602187273e+12 1756 
0.2625 8.470484711e+13 3.497194805e+12 1753 
0.2675 7.273853265e+13 3.100899376e+12 1732 
0.2725 6.924940124e+13 2.938072451e+12 1758 
0.2775 6.414068387e+13 2.664082071e+12 1867 
0.2825 5.949322847e+13 2.495655663e+12 1831 
0.2875 5.270617341e+13 2.161373458e+12 1844 
0.2925 5.12369938e+13 2.149153129e+12 1792 
0.2975 4.677639436e+13 1.948078269e+12 1854 
0.3025 4.321242576e+13 1.744795106e+12 1870 
0.3075 4.310925918e+13 1.80943961e+12 1987 
0.3125 4.039390783e+13 1.612985822e+12 2014 
0.3175 3.953506434e+13 1.648465247e+12 2086 
0.3225 3.535814413e+13 1.450571448e+12 2056 
0.3275 3.36778808e+13 1.374518759e+12 2061 
0.3325 3.131957036e+13 1.245279382e+12 2061 
0.3375 2.99212877e+13 1.178861255e+12 2176 
0.3425 2.812734232e+13 1.077061896e+12 2185 
0.3475 2.722658803e+13 1.040131941e+12 2234 
0.3525 2.676118889e+13 1.034657992e+12 2317 
0.3575 2.292892461e+13 8.749425094e+11 2268 
0.3625 2.188629259e+13 8.473361306e+11 2280 
0.3675 2.1514881e+13 8.103105703e+11 2326 
0.3725 1.939123216e+13 7.46671649e+11 2352 
0.3775 1.767084629e+13 6.473218335e+11 2409 
0.3825 1.664041577e+13 6.343207725e+11 2425 
0.3875 1.605606083e+13 5.814388138e+11 2414 
0.3925 1.572033221e+13 5.725817055e+11 2521 
0.3975 1.481555068e+13 5.197471383e+11 2547 
0.4025 1.381542106e+13 4.808618451e+11 2627 
0.4075 1.392125891e+13 4.719451407e+11 2715 
0.4125 1.280066682e+13 4.495724347e+11 2606 
0.4175 1.180166835e+13 4.110402688e+11 2678 
0.4225 1.225138668e+13 4.172188747e+11 2766 
0.4275 1.14505802e+13 3.85519955e+11 2821 
0.4325 1.036833509e+13 3.538650373e+11 2733 
0.4375 1.024092973e+13 3.425243863e+11 2824 
0.4425 9.705025698e+12 3.234954346e+11 2852 
0.4475 9.443528651e+12 3.155437704e+11 2876 
0.4525 9.133843786e+12 3.085544409e+11 2892 
0.4575 8.498304249e+12 2.874016582e+11 2921 
0.4625 7.809857075e+12 2.497544591e+11 2978 
0.4675 7.668311326e+12 2.491818195e+11 2957 
0.4725 7.017674235e+12 2.276155328e+11 2935 
0.4775 7.194263932e+12 2.294590038e+11 3119 
0.4825 7.053732658e+12 2.270746761e+11 3106 
0.4875 6.749941939e+12 2.034511911e+11 3209 
0.4925 6.391932272e+12 2.046118271e+11 3093 
0.4975 6.270206947e+12 1.953675476e+11 3224 
