# Format: McCode with text headers
# URL: http://www.mccode.org
# Creator:  3.8.5, git
# Instrument: eqsans_cylinder.instr
# Ncount: 5000000
# Trace: no
# Gravitation: no
# Seed: 1790195789036788
# Directory: /Users/georgeyumnam/WORK/PANRAID/PaNRAID-results/Group2/panraidproject/dataset_cylinder/cyl_001717
# Param: gx=0
# Param: gy=0
# Param: sample_on=1
# Param: bs_radius=0
# Param: samp_ap=0.01
# Param: sld=2.58182
# Param: sld_solvent=1
# Param: radius=91.4791
# Param: length=885.896
# Param: pd_radius=0.267534
# Param: pd_length=0.212505
# Param: model_scale=1
# Param: model_abs=0
# Date: Wed Sep 23 22:36:46 2026 (1790195806)
# type: array_1d(100)
# Source: EQ_SANS_cylinder (eqsans_cylinder.instr)
# component: qmon
# position: 0 0 22.281
# title: QMonitor - Radially averaged distribution
# Ncount: 5000000
# filename: rdet.dat
# statistics: X0=0.0445843; dX=0.0393493;
# signal: Min=1.28754e+12; Max=1.02463e+16; Mean=1.01464e+15;
# values: 1.01464e+17 4.55887e+15 163254
# xvar: r
# yvar: (I,I_err)
# xlabel: Radius [m]
# ylabel: I(r)
# xlimits: 0 0.5
# variables: r I I_err N
0.0025 5.682060188e+15 2.793400466e+15 13 
0.0075 6.382129158e+15 1.876505474e+15 37 
0.0125 1.024631127e+16 1.794141055e+15 85 
0.0175 7.5438721e+15 1.486784346e+15 101 
0.0225 6.669780544e+15 9.695489095e+14 131 
0.0275 8.853154041e+15 1.055374857e+15 193 
0.0325 6.169619023e+15 8.4885288e+14 204 
0.0375 5.978974264e+15 6.883606177e+14 245 
0.0425 5.21159208e+15 6.139967697e+14 272 
0.0475 4.960748937e+15 4.992924064e+14 342 
0.0525 4.893702951e+15 5.038898469e+14 370 
0.0575 3.217121849e+15 2.968061187e+14 388 
0.0625 3.390779462e+15 2.852103125e+14 431 
0.0675 3.235283807e+15 3.130666249e+14 449 
0.0725 2.535690097e+15 2.169041652e+14 416 
0.0775 2.03101535e+15 1.932369193e+14 472 
0.0825 1.99607578e+15 1.447795133e+14 555 
0.0875 1.523384945e+15 1.164001542e+14 571 
0.0925 1.330699141e+15 9.938397234e+13 611 
0.0975 1.355227176e+15 1.061284261e+14 651 
0.1025 1.055319417e+15 6.936184621e+13 689 
0.1075 9.346353016e+14 6.932215458e+13 751 
0.1125 7.626432945e+14 5.689093112e+13 734 
0.1175 7.648237526e+14 5.43983032e+13 794 
0.1225 5.931505535e+14 4.124273394e+13 820 
0.1275 4.975348819e+14 3.213566163e+13 824 
0.1325 4.412634671e+14 3.431768727e+13 838 
0.1375 4.051380836e+14 2.860619365e+13 883 
0.1425 3.544363353e+14 2.291189314e+13 951 
0.1475 2.750569801e+14 1.778981799e+13 951 
0.1525 2.615940049e+14 1.75894396e+13 1012 
0.1575 2.191651462e+14 1.384862016e+13 1055 
0.1625 1.973686926e+14 1.277380521e+13 1074 
0.1675 1.65524522e+14 1.209903598e+13 1127 
0.1725 1.510472443e+14 9.513915597e+12 1148 
0.1775 1.221853131e+14 7.767727315e+12 1165 
0.1825 1.034166826e+14 8.93856067e+12 1198 
0.1875 8.745293519e+13 5.442306819e+12 1194 
0.1925 8.641314624e+13 5.54382461e+12 1194 
0.1975 7.604459063e+13 5.008909816e+12 1348 
0.2025 6.779033115e+13 4.527982517e+12 1315 
0.2075 5.268623444e+13 2.901341097e+12 1311 
0.2125 5.638434932e+13 3.55487626e+12 1388 
0.2175 4.146872918e+13 2.368691598e+12 1397 
0.2225 3.976920255e+13 2.454245822e+12 1431 
0.2275 3.7424213e+13 2.158998711e+12 1486 
0.2325 3.219040157e+13 1.76924075e+12 1516 
0.2375 2.779249334e+13 1.535494819e+12 1529 
0.2425 2.639212523e+13 1.429056837e+12 1582 
0.2475 2.187356308e+13 1.102152539e+12 1657 
0.2525 1.848455791e+13 8.999064689e+11 1577 
0.2575 1.902994943e+13 9.715621692e+11 1690 
0.2625 1.72317347e+13 8.698977815e+11 1637 
0.2675 1.627581703e+13 8.053637102e+11 1742 
0.2725 1.509972126e+13 6.806510845e+11 1791 
0.2775 1.317479447e+13 6.114076108e+11 1816 
0.2825 1.367619051e+13 6.38548607e+11 1848 
0.2875 1.176090285e+13 5.205427439e+11 1864 
0.2925 1.011808312e+13 4.470903032e+11 1926 
0.2975 9.639486625e+12 4.254997818e+11 1927 
0.3025 9.219191523e+12 3.834052982e+11 1974 
0.3075 8.676494108e+12 3.732871806e+11 2001 
0.3125 9.633321053e+12 4.069583581e+11 2111 
0.3175 7.73331844e+12 3.218228717e+11 2052 
0.3225 7.340250314e+12 3.077032851e+11 2154 
0.3275 6.829649694e+12 2.925403273e+11 2119 
0.3325 6.928055203e+12 2.747421671e+11 2247 
0.3375 5.675575746e+12 2.179657185e+11 2159 
0.3425 5.817388214e+12 2.388596615e+11 2197 
0.3475 5.738282257e+12 2.409898851e+11 2233 
0.3525 5.133081901e+12 2.088128674e+11 2259 
0.3575 5.128305545e+12 2.119054319e+11 2268 
0.3625 4.481634861e+12 1.810524983e+11 2371 
0.3675 4.179622288e+12 1.646798208e+11 2379 
0.3725 4.015626609e+12 1.566127249e+11 2467 
0.3775 3.900692524e+12 1.532024023e+11 2461 
0.3825 3.905216787e+12 1.464859859e+11 2537 
0.3875 3.605074463e+12 1.386954493e+11 2564 
0.3925 3.287276893e+12 1.261943954e+11 2478 
0.3975 3.229971464e+12 1.266930307e+11 2530 
0.4025 3.066382867e+12 1.122396506e+11 2677 
0.4075 2.757374658e+12 1.060416567e+11 2624 
0.4125 2.863323855e+12 1.081549645e+11 2708 
0.4175 2.674318615e+12 9.97696775e+10 2786 
0.4225 2.529002479e+12 9.172127583e+10 2800 
0.4275 2.376888463e+12 8.328807335e+10 2839 
0.4325 2.268245249e+12 8.412747569e+10 2793 
0.4375 2.104834186e+12 7.757371658e+10 2908 
0.4425 2.04116894e+12 7.414341827e+10 2890 
0.4475 1.83205381e+12 6.423547411e+10 2811 
0.4525 1.919898173e+12 6.867890535e+10 3020 
0.4575 1.620357961e+12 5.629551923e+10 2971 
0.4625 1.799349623e+12 6.287211173e+10 3016 
0.4675 1.649657658e+12 6.012970258e+10 2997 
0.4725 1.587123256e+12 5.400806658e+10 3092 
0.4775 1.535029903e+12 5.327371358e+10 3069 
0.4825 1.53269713e+12 5.434570899e+10 3211 
0.4875 1.406626872e+12 4.614371363e+10 3299 
0.4925 1.374951485e+12 4.628345384e+10 3190 
0.4975 1.287537172e+12 4.227480392e+10 3275 
