# Format: McCode with text headers
# URL: http://www.mccode.org
# Creator:  3.8.5, git
# Instrument: eqsans_sans.instr
# Ncount: 10000000
# Trace: no
# Gravitation: no
# Seed: 1790180025190500
# Directory: /Users/georgeyumnam/WORK/PANRAID/PaNRAID-results/Group2/panraidproject/scan_sans_sample/x-19_y-02
# Param: gx=-0.019
# Param: gy=-0.002
# Param: sample_on=1
# Param: R_sphere=100
# Param: Phi=0.01
# Param: bs_radius=0
# Param: samp_ap=0.01
# Date: Wed Sep 23 18:14:19 2026 (1790180059)
# type: array_1d(120)
# Source: EQ_SANS_sample (eqsans_sans.instr)
# component: lambda_det
# position: 0 0 22.28
# title: Wavelength monitor
# Ncount: 10000000
# filename: lambda_det.dat
# statistics: X0=4.26438; dX=1.0746;
# signal: Min=0; Max=7316.15; Mean=1071.76;
# values: 128611 8946.99 4018
# xvar: L
# yvar: (I,I_err)
# xlabel: Wavelength [AA]
# ylabel: Intensity
# xlimits: 0 12
# variables: L I I_err N
0.05 0 0 0 
0.15 0 0 0 
0.25 0 0 0 
0.35 0 0 0 
0.45 0 0 0 
0.55 0 0 0 
0.65 0 0 0 
0.75 0 0 0 
0.85 0 0 0 
0.95 0 0 0 
1.05 0 0 0 
1.15 0 0 0 
1.25 0 0 0 
1.35 0 0 0 
1.45 0 0 0 
1.55 0 0 0 
1.65 0 0 0 
1.75 0 0 0 
1.85 0 0 0 
1.95 0 0 0 
2.05 0 0 0 
2.15 0 0 0 
2.25 0 0 0 
2.35 5.39324493 3.632860092 5 
2.45 331.8360345 322.0058366 17 
2.55 368.0883583 353.6400828 21 
2.65 409.3994372 311.6166897 67 
2.75 3687.773536 1454.621641 178 
2.85 5133.849777 2046.065562 301 
2.95 6272.367787 2190.411146 259 
3.05 2856.541301 1528.857003 208 
3.15 7316.148757 2013.593541 222 
3.25 3492.906044 1374.113229 216 
3.35 5201.436456 1836.953979 206 
3.45 5498.994751 1814.298731 181 
3.55 3849.194012 1436.289846 158 
3.65 3800.35308 1388.346951 166 
3.75 2875.66504 1129.045916 146 
3.85 4936.375194 1773.392061 132 
3.95 4784.860138 1918.090642 134 
4.05 2828.202726 1262.686457 129 
4.15 4551.320233 1470.734832 98 
4.25 1628.740251 963.8006002 89 
4.35 3115.249035 1424.043321 70 
4.45 5110.703477 2107.445041 82 
4.55 4664.477102 1874.166112 82 
4.65 4627.346776 1798.127793 72 
4.75 2976.571007 1218.618294 68 
4.85 3350.405648 1460.895863 76 
4.95 2512.793175 983.4606609 68 
5.05 2094.422393 1010.963376 51 
5.15 1478.025287 952.6151921 54 
5.25 2767.261086 1200.748427 49 
5.35 2459.307842 1365.243999 41 
5.45 2090.047937 1280.065895 41 
5.55 1259.579946 539.9870752 50 
5.65 668.2572111 275.2367884 46 
5.75 1732.601783 868.8915737 45 
5.85 3952.942461 1637.643975 34 
5.95 2774.209254 1391.181033 30 
6.05 1683.57638 814.0292385 27 
6.15 3077.281316 1381.923991 34 
6.25 868.232624 398.4094022 27 
6.35 2918.820984 1348.582267 25 
6.45 2598.715653 1732.243312 12 
6.55 0.9119503159 0.9119503159 1 
6.65 0 0 0 
6.75 0 0 0 
6.85 0 0 0 
6.95 0 0 0 
7.05 0 0 0 
7.15 0 0 0 
7.25 0 0 0 
7.35 0 0 0 
7.45 0 0 0 
7.55 0 0 0 
7.65 0 0 0 
7.75 0 0 0 
7.85 0 0 0 
7.95 0 0 0 
8.05 0 0 0 
8.15 0 0 0 
8.25 0 0 0 
8.35 0 0 0 
8.45 0 0 0 
8.55 0 0 0 
8.65 0 0 0 
8.75 0 0 0 
8.85 0 0 0 
8.95 0 0 0 
9.05 0 0 0 
9.15 0 0 0 
9.25 0 0 0 
9.35 0 0 0 
9.45 0 0 0 
9.55 0 0 0 
9.65 0 0 0 
9.75 0 0 0 
9.85 0 0 0 
9.95 0 0 0 
10.05 0 0 0 
10.15 0 0 0 
10.25 0 0 0 
10.35 0 0 0 
10.45 0 0 0 
10.55 0 0 0 
10.65 0 0 0 
10.75 0 0 0 
10.85 0 0 0 
10.95 0 0 0 
11.05 0 0 0 
11.15 0 0 0 
11.25 0 0 0 
11.35 0 0 0 
11.45 0 0 0 
11.55 0 0 0 
11.65 0 0 0 
11.75 0 0 0 
11.85 0 0 0 
11.95 0 0 0 
