# Format: McCode with text headers
# URL: http://www.mccode.org
# Creator:  3.8.5, git
# Instrument: eqsans_cylinder.instr
# Ncount: 5000000
# Trace: no
# Gravitation: no
# Seed: 1790196004456467
# Directory: /Users/georgeyumnam/WORK/PANRAID/PaNRAID-results/Group2/panraidproject/dataset_cylinder/cyl_001838
# Param: gx=0
# Param: gy=0
# Param: sample_on=1
# Param: bs_radius=0
# Param: samp_ap=0.01
# Param: sld=2.3449
# Param: sld_solvent=1
# Param: radius=25.4291
# Param: length=520.012
# Param: pd_radius=0.214308
# Param: pd_length=0.079653
# Param: model_scale=1
# Param: model_abs=0
# Date: Wed Sep 23 22:40:22 2026 (1790196022)
# type: array_1d(120)
# Source: EQ_SANS_cylinder (eqsans_cylinder.instr)
# component: lambda_det
# position: 0 0 22.28
# title: Wavelength monitor
# Ncount: 5000000
# filename: lambda_det.dat
# statistics: X0=4.33949; dX=1.03613;
# signal: Min=0; Max=2.80043e+09; Mean=5.8893e+08;
# values: 7.06715e+10 4.13099e+08 292036
# xvar: L
# yvar: (I,I_err)
# xlabel: Wavelength [AA]
# ylabel: Intensity
# xlimits: 0 12
# variables: L I I_err N
0.05 0 0 0 
0.15 0 0 0 
0.25 0 0 0 
0.35 0 0 0 
0.45 0 0 0 
0.55 0 0 0 
0.65 0 0 0 
0.75 0 0 0 
0.85 0 0 0 
0.95 0 0 0 
1.05 0 0 0 
1.15 0 0 0 
1.25 0 0 0 
1.35 0 0 0 
1.45 0 0 0 
1.55 0 0 0 
1.65 0 0 0 
1.75 0 0 0 
1.85 0 0 0 
1.95 0 0 0 
2.05 0 0 0 
2.15 2592079.999 1442063.649 50 
2.25 9361967.594 8328700.671 50 
2.35 29360055.21 5710706.216 400 
2.45 45200066.45 7499480.931 550 
2.55 91606347.52 12061740.84 750 
2.65 342330311.6 28288091.1 3150 
2.75 978749108.3 48292988.16 8449 
2.85 2088594383 75855234.91 15550 
2.95 2325566273 70204007.88 18198 
3.05 2763092660 76779703.82 18849 
3.15 2506698709 74975975.99 16350 
3.25 2481500999 73372208.95 15250 
3.35 2525619632 81026913.62 14150 
3.45 2800430739 83494020.35 14499 
3.55 2250992949 68477885.52 12050 
3.65 2559522033 73590621.09 12750 
3.75 2182862514 63524421.4 10650 
3.85 2317114245 76070774.88 10149 
3.95 2064413807 63282704.34 9100 
4.05 2496023702 73681884.32 10200 
4.15 2399977060 77696599.44 8798 
4.25 1996765089 64248971.08 7200 
4.35 2105294852 69279171.32 7350 
4.45 1869350908 75638029.71 6250 
4.55 2014105979 72646148.62 6350 
4.65 2034424450 70452976.36 6400 
4.75 1718554146 67472427.64 4900 
4.85 2073080314 75274001.76 5700 
4.95 1486661275 62065780.71 4100 
5.05 1695565051 56098835.32 4798 
5.15 1744099347 67496085.41 4150 
5.25 1293180210 51441618.18 3250 
5.35 1688159250 62720791.12 4100 
5.45 1382840613 60042902.97 3250 
5.55 1411284299 77408633.54 3099 
5.65 1375511219 56974391.1 3050 
5.75 1379126361 63833017.62 2849 
5.85 1053204265 45330190.04 2150 
5.95 1291988547 52891715.21 2699 
6.05 1427311264 60124759.51 2850 
6.15 1110782516 57086746.55 1750 
6.25 1280605826 58244039.54 2350 
6.35 863458042.6 47233364.38 1549 
6.45 583366846.5 41255800.34 1000 
6.55 444031474 37514000.27 750 
6.65 87178614.48 10291141.86 200 
6.75 0 0 0 
6.85 0 0 0 
6.95 0 0 0 
7.05 0 0 0 
7.15 0 0 0 
7.25 0 0 0 
7.35 0 0 0 
7.45 0 0 0 
7.55 0 0 0 
7.65 0 0 0 
7.75 0 0 0 
7.85 0 0 0 
7.95 0 0 0 
8.05 0 0 0 
8.15 0 0 0 
8.25 0 0 0 
8.35 0 0 0 
8.45 0 0 0 
8.55 0 0 0 
8.65 0 0 0 
8.75 0 0 0 
8.85 0 0 0 
8.95 0 0 0 
9.05 0 0 0 
9.15 0 0 0 
9.25 0 0 0 
9.35 0 0 0 
9.45 0 0 0 
9.55 0 0 0 
9.65 0 0 0 
9.75 0 0 0 
9.85 0 0 0 
9.95 0 0 0 
10.05 0 0 0 
10.15 0 0 0 
10.25 0 0 0 
10.35 0 0 0 
10.45 0 0 0 
10.55 0 0 0 
10.65 0 0 0 
10.75 0 0 0 
10.85 0 0 0 
10.95 0 0 0 
11.05 0 0 0 
11.15 0 0 0 
11.25 0 0 0 
11.35 0 0 0 
11.45 0 0 0 
11.55 0 0 0 
11.65 0 0 0 
11.75 0 0 0 
11.85 0 0 0 
11.95 0 0 0 
