# Format: McCode with text headers
# URL: http://www.mccode.org
# Creator:  3.8.5, git
# Instrument: eqsans_sans.instr
# Ncount: 10000000
# Trace: no
# Gravitation: no
# Seed: 1790180023560328
# Directory: /Users/georgeyumnam/WORK/PANRAID/PaNRAID-results/Group2/panraidproject/scan_sans_sample/x-19_y-10
# Param: gx=-0.019
# Param: gy=-0.01
# Param: sample_on=1
# Param: R_sphere=100
# Param: Phi=0.01
# Param: bs_radius=0
# Param: samp_ap=0.01
# Date: Wed Sep 23 18:14:17 2026 (1790180057)
# type: array_1d(100)
# Source: EQ_SANS_sample (eqsans_sans.instr)
# component: qmon
# position: 0 0 22.281
# title: QMonitor - Distribution in q (Radially averaged)
# Ncount: 10000000
# filename: qdet.dat
# statistics: X0=0.00975548; dX=0.0102235;
# signal: Min=3089.05; Max=4.79216e+08; Mean=2.2537e+07;
# values: 2.2537e+09 5.8378e+08 2424
# xvar: q
# yvar: (I,I_err)
# xlabel: q [1 / AA]
# ylabel: I(q)
# xlimits: 0 0.151561
# variables: q I I_err N
0.0007578035702 479215537 479215537 1 
0.002273410711 319528221.8 257295278.8 2 
0.003789017851 238290334.8 148047906.6 3 
0.005304624991 171123352.2 124114380 3 
0.006820232132 31612620.81 23044009.77 2 
0.008335839272 45393397.14 45393397.14 1 
0.009851446413 162515103.7 78044675.57 5 
0.01136705355 19440167.18 15124189.98 2 
0.01288266069 90756411.44 46234458.4 6 
0.01439826783 80158090.89 35776657.98 7 
0.01591387497 121043606.9 49100055.54 9 
0.01742948211 91393809.87 39943060.04 7 
0.01894508925 59424681.77 23823963.63 8 
0.0204606964 31227571.4 13550737.6 7 
0.02197630354 56103426.25 18128725.88 14 
0.02349191068 38304181.76 15947242.28 9 
0.02500751782 40606989.03 16548128.14 13 
0.02652312496 46408694.99 15459714.79 13 
0.0280387321 29587495.24 11430493.29 13 
0.02955433924 18116089.68 7509399.271 14 
0.03106994638 12561307.5 4117021.339 16 
0.03258555352 11723743.95 4388038.97 12 
0.03410116066 21230533.38 10513943.5 13 
0.0356167678 7956920.707 2362460.677 18 
0.03713237494 4573727.876 2188595.505 13 
0.03864798208 4413402.904 1940863.798 19 
0.04016358922 715926.5655 321337.9497 18 
0.04167919636 3937360.055 1530266.777 27 
0.0431948035 1377788.196 643952.5305 31 
0.04471041064 1179907.441 827557.5639 20 
0.04622601778 313409.6617 145992.7347 16 
0.04774162492 802973.6912 229693.097 36 
0.04925723206 776759.8611 226932.1386 28 
0.0507728392 711135.9142 175067.5243 31 
0.05228844634 359832.5718 110079.6784 14 
0.05380405348 773004.7288 189677.8297 26 
0.05531966062 650816.6431 164911.26 23 
0.05683526776 1162316.442 220508.0578 38 
0.05835087491 947662.736 192033.9824 33 
0.05986648205 809456.6884 193447.4446 24 
0.06138208919 1063923.552 192579.5891 43 
0.06289769633 833392.1579 165920.9736 39 
0.06441330347 274237.2861 75755.66348 18 
0.06592891061 499756.4568 111822.4595 27 
0.06744451775 224251.0874 93398.05825 18 
0.06896012489 285444.7073 70115.31344 40 
0.07047573203 314672.5758 96385.07423 26 
0.07199133917 220071.7269 77482.50396 36 
0.07350694631 244721.4657 77024.67558 41 
0.07502255345 93809.0052 32660.29341 26 
0.07653816059 54832.9424 15967.55298 29 
0.07805376773 102960.6264 31555.61209 45 
0.07956937487 68371.39646 18450.93044 42 
0.08108498201 89427.48195 18975.55357 42 
0.08260058915 92855.32545 19329.93009 44 
0.08411619629 86552.06277 19934.81657 34 
0.08563180343 120056.409 22330.68384 41 
0.08714741057 124445.0859 24222.30228 36 
0.08866301771 125298.9995 26014.4689 34 
0.09017862485 136372.9769 27272.36085 35 
0.09169423199 133944.0481 25721.86402 34 
0.09320983913 167306.286 29407.43996 43 
0.09472544627 129846.8134 24301.29584 40 
0.09624105341 107956.2499 20884.48157 36 
0.09775666056 138228.1337 25423.20263 47 
0.0992722677 78004.07633 16207.61588 40 
0.1007878748 85378.36289 17321.82548 38 
0.102303482 46728.90322 11817.47529 32 
0.1038190891 46480.75211 12471.92682 30 
0.1053346963 26431.66271 7489.537554 30 
0.1068503034 21738.38005 6215.265778 33 
0.1083659105 26165.16186 7924.001608 30 
0.1098815177 12640.34721 3529.144551 33 
0.1113971248 12533.68163 3605.163438 25 
0.112912732 23892.677 5330.341757 36 
0.1144283391 17177.16995 4253.544507 27 
0.1159439462 16330.29823 4363.629248 27 
0.1174595534 28469.88377 5801.289599 38 
0.1189751605 34971.60113 7013.194956 35 
0.1204907677 28952.2351 6236.073423 27 
0.1220063748 28735.82289 6056.770962 28 
0.1235219819 26299.0573 5863.57902 27 
0.1250375891 24013.82154 5560.560134 23 
0.1265531962 22756.74402 4956.761018 29 
0.1280688034 21111.54152 4717.619207 26 
0.1295844105 18104.0719 4590.425106 23 
0.1311000176 21586.86506 4889.177202 31 
0.1326156248 13087.89075 3860.365649 23 
0.1341312319 6124.815321 2063.65181 18 
0.1356468391 4858.03483 1442.147884 21 
0.1371624462 9454.411572 2972.548935 24 
0.1386780533 7298.912408 2283.704483 24 
0.1401936605 4737.612383 1737.155811 23 
0.1417092676 3212.749394 1070.166115 20 
0.1432248748 5149.19352 1596.7875 20 
0.1447404819 3174.25961 1081.685155 17 
0.146256089 4304.608317 1215.601525 23 
0.1477716962 4377.483179 1203.348329 19 
0.1492873033 3089.0538 1010.697598 14 
0.1508029105 4455.592864 1347.378199 19 
