# Format: McCode with text headers
# URL: http://www.mccode.org
# Creator:  3.8.5, git
# Instrument: eqsans_cylinder.instr
# Ncount: 5000000
# Trace: no
# Gravitation: no
# Seed: 1790195131409827
# Directory: /Users/georgeyumnam/WORK/PANRAID/PaNRAID-results/Group2/panraidproject/dataset_cylinder/cyl_001349
# Param: gx=0
# Param: gy=0
# Param: sample_on=1
# Param: bs_radius=0
# Param: samp_ap=0.01
# Param: sld=3.15592
# Param: sld_solvent=1
# Param: radius=42.3465
# Param: length=233.094
# Param: pd_radius=0.284149
# Param: pd_length=0.164888
# Param: model_scale=1
# Param: model_abs=0
# Date: Wed Sep 23 22:25:48 2026 (1790195148)
# type: array_1d(100)
# Source: EQ_SANS_cylinder (eqsans_cylinder.instr)
# component: qmon
# position: 0 0 22.281
# title: QMonitor - Distribution in q (Radially averaged)
# Ncount: 5000000
# filename: qdet.dat
# statistics: X0=0.0164653; dX=0.0140764;
# signal: Min=4.54803e+10; Max=3.89107e+14; Mean=5.55649e+13;
# values: 5.55649e+15 1.21064e+14 255516
# xvar: q
# yvar: (I,I_err)
# xlabel: q [1 / AA]
# ylabel: I(q)
# xlimits: 0 0.151561
# variables: q I I_err N
0.0007578035702 2.999892681e+14 6.647298029e+13 42 
0.002273410711 3.891067208e+14 5.960199792e+13 123 
0.003789017851 3.650316822e+14 4.082637206e+13 201 
0.005304624991 3.361162934e+14 3.059910647e+13 291 
0.006820232132 3.136548682e+14 3.758330741e+13 341 
0.008335839272 3.009161425e+14 2.5583637e+13 423 
0.009851446413 3.114743717e+14 2.174999063e+13 542 
0.01136705355 2.821297955e+14 1.808978384e+13 611 
0.01288266069 2.780475388e+14 1.808018617e+13 694 
0.01439826783 2.592898426e+14 1.457345996e+13 846 
0.01591387497 2.375902091e+14 1.360115332e+13 857 
0.01742948211 2.215357199e+14 1.148997496e+13 1004 
0.01894508925 2.286682005e+14 1.074241575e+13 1151 
0.0204606964 1.624285671e+14 7.744188522e+12 1117 
0.02197630354 1.653153224e+14 7.993337033e+12 1163 
0.02349191068 1.464107734e+14 6.918824836e+12 1310 
0.02500751782 1.346863729e+14 6.256975815e+12 1309 
0.02652312496 1.375337471e+14 5.795359779e+12 1523 
0.0280387321 1.113259729e+14 4.969788377e+12 1559 
0.02955433924 9.793010468e+13 3.917676692e+12 1635 
0.03106994638 8.85213732e+13 3.398047723e+12 1726 
0.03258555352 7.539442488e+13 2.785781058e+12 1787 
0.03410116066 6.774631433e+13 2.451498328e+12 1839 
0.0356167678 6.300508675e+13 2.331444796e+12 1978 
0.03713237494 5.590824538e+13 1.905693594e+12 2018 
0.03864798208 4.646640956e+13 1.578462039e+12 2043 
0.04016358922 4.477530232e+13 1.464562801e+12 2142 
0.04167919636 3.96819465e+13 1.270132465e+12 2250 
0.0431948035 3.363653943e+13 1.025352938e+12 2356 
0.04471041064 3.04487305e+13 8.846957158e+11 2395 
0.04622601778 2.695150236e+13 7.852518124e+11 2505 
0.04774162492 2.416427684e+13 6.808986616e+11 2633 
0.04925723206 2.140931186e+13 5.882029161e+11 2716 
0.0507728392 1.829739961e+13 4.900360108e+11 2748 
0.05228844634 1.605850325e+13 4.204647395e+11 2818 
0.05380405348 1.45491879e+13 3.743040361e+11 2972 
0.05531966062 1.335957523e+13 3.508699809e+11 3112 
0.05683526776 1.091047632e+13 2.69577105e+11 3173 
0.05835087491 9.609932517e+12 2.314899288e+11 3275 
0.05986648205 8.255712281e+12 2.01924212e+11 3221 
0.06138208919 6.957223585e+12 1.659084754e+11 3326 
0.06289769633 6.419479869e+12 1.51673864e+11 3409 
0.06441330347 5.526214742e+12 1.283099436e+11 3512 
0.06592891061 4.647657941e+12 1.114379429e+11 3402 
0.06744451775 4.166453479e+12 9.4226046e+10 3597 
0.06896012489 3.741501681e+12 8.413810272e+10 3667 
0.07047573203 3.280906172e+12 7.464647076e+10 3692 
0.07199133917 2.915138923e+12 6.45396581e+10 3785 
0.07350694631 2.609195498e+12 5.924695299e+10 3758 
0.07502255345 2.187030058e+12 4.920714981e+10 3710 
0.07653816059 2.044172447e+12 4.564348887e+10 3753 
0.07805376773 1.802988721e+12 4.132854548e+10 3716 
0.07956937487 1.61705149e+12 3.584092392e+10 3802 
0.08108498201 1.506793927e+12 3.29340352e+10 3944 
0.08260058915 1.41855168e+12 3.207874521e+10 3898 
0.08411619629 1.2244627e+12 2.764969611e+10 3829 
0.08563180343 1.180771364e+12 2.642098678e+10 3893 
0.08714741057 1.044263291e+12 2.358012542e+10 3865 
0.08866301771 9.926045679e+11 2.259655785e+10 3868 
0.09017862485 9.275025754e+11 2.129034663e+10 3894 
0.09169423199 8.955742348e+11 1.995509226e+10 3919 
0.09320983913 8.461746317e+11 1.927244856e+10 3886 
0.09472544627 7.685053355e+11 1.750766004e+10 3805 
0.09624105341 7.464716751e+11 1.695135107e+10 3863 
0.09775666056 6.377262438e+11 1.457202598e+10 3713 
0.0992722677 6.23820024e+11 1.422618866e+10 3729 
0.1007878748 5.466405958e+11 1.275722623e+10 3523 
0.102303482 5.463017315e+11 1.260866347e+10 3630 
0.1038190891 5.152283763e+11 1.161751704e+10 3633 
0.1053346963 4.705195e+11 1.073852961e+10 3521 
0.1068503034 4.27103723e+11 1.009998586e+10 3449 
0.1083659105 3.990015514e+11 9384306393 3326 
0.1098815177 3.809317216e+11 9002991670 3343 
0.1113971248 3.405977211e+11 7944666370 3290 
0.112912732 3.443147096e+11 7849137594 3439 
0.1144283391 2.993415746e+11 7013184275 3225 
0.1159439462 2.952538535e+11 6885815317 3233 
0.1174595534 2.553571057e+11 6154966852 3006 
0.1189751605 2.355330262e+11 5732125242 2929 
0.1204907677 2.203437807e+11 5380308364 2961 
0.1220063748 1.979468329e+11 4844113942 2825 
0.1235219819 1.971691688e+11 4826407471 2865 
0.1250375891 1.770491235e+11 4341279717 2831 
0.1265531962 1.617379012e+11 4122192080 2625 
0.1280688034 1.425724215e+11 3690640018 2510 
0.1295844105 1.429345698e+11 3631637416 2627 
0.1311000176 1.290484818e+11 3366887234 2515 
0.1326156248 1.190659722e+11 3138711396 2422 
0.1341312319 1.113651363e+11 2929549196 2386 
0.1356468391 1.017469898e+11 2722652444 2359 
0.1371624462 9.788530459e+10 2665594357 2272 
0.1386780533 8.393588104e+10 2360086956 2116 
0.1401936605 8.108174599e+10 2271654105 2115 
0.1417092676 7.304579165e+10 2078936050 2025 
0.1432248748 6.63081658e+10 1943220166 1907 
0.1447404819 6.320847709e+10 1836683079 1945 
0.146256089 5.94889786e+10 1797769262 1822 
0.1477716962 5.470094991e+10 1654465083 1800 
0.1492873033 5.171004499e+10 1581306475 1706 
0.1508029105 4.548029406e+10 1431200521 1651 
