# Format: McCode with text headers
# URL: http://www.mccode.org
# Creator:  3.8.5, git
# Instrument: eqsans_1_fixed.instr
# Ncount: 1000000
# Trace: no
# Gravitation: no
# Seed: 1790169927487715
# Directory: /Users/georgeyumnam/WORK/PANRAID/PaNRAID-results/Group2/panraidproject/scan_guide_xy/x+09_y-11
# Param: gx=0.009
# Param: gy=-0.011
# Date: Wed Sep 23 15:25:31 2026 (1790169931)
# type: array_1d(120)
# Source: EQ_SANS (eqsans_1_fixed.instr)
# component: lambda_det
# position: 0 0 22.28
# title: Wavelength monitor
# Ncount: 1000000
# filename: lambda_det.dat
# statistics: X0=4.08037; dX=0.976976;
# signal: Min=0; Max=2.82188e+06; Mean=440733;
# values: 5.28879e+07 559754 17370
# xvar: L
# yvar: (I,I_err)
# xlabel: Wavelength [AA]
# ylabel: Intensity
# xlimits: 0 12
# variables: L I I_err N
0.05 0 0 0 
0.15 0 0 0 
0.25 0 0 0 
0.35 0 0 0 
0.45 0 0 0 
0.55 0 0 0 
0.65 0 0 0 
0.75 0 0 0 
0.85 0 0 0 
0.95 0 0 0 
1.05 0 0 0 
1.15 0 0 0 
1.25 0 0 0 
1.35 0 0 0 
1.45 0 0 0 
1.55 0 0 0 
1.65 0 0 0 
1.75 0 0 0 
1.85 0 0 0 
1.95 0 0 0 
2.05 0 0 0 
2.15 0 0 0 
2.25 17717.29767 10919.18691 6 
2.35 24045.02069 14009.79301 7 
2.45 67374.32107 20849.42004 17 
2.55 135753.958 28681.21336 46 
2.65 329121.4628 43967.372 121 
2.75 835028.2203 72510.78648 302 
2.85 1943319.39 109167.5054 696 
2.95 2821881.773 130737.9623 956 
3.05 2740972.923 128293.4549 950 
3.15 2640594.138 127402.5478 842 
3.25 2608506.931 125417.1041 845 
3.35 2338028.105 118688.3205 807 
3.45 2311783.036 115547.1141 782 
3.55 2100046.562 110730.6487 712 
3.65 2071364.267 113246.2569 655 
3.75 2053407.555 110136.2116 662 
3.85 1849167.738 102518.0653 640 
3.95 1774204.493 101514.5167 574 
4.05 1702253.797 99876.88602 538 
4.15 1830264.508 106486.6838 524 
4.25 1462104.794 90637.67384 489 
4.35 1376184.491 90314.30881 421 
4.45 1592985.721 97890.25466 468 
4.55 1359385.541 87143.44125 426 
4.65 1152482.908 82830.77416 392 
4.75 1148518.726 81681.95927 374 
4.85 1086257.589 78999.17304 337 
4.95 960008.4916 74553.34909 335 
5.05 1070686.584 79607.46273 348 
5.15 935284.1335 74371.30459 321 
5.25 937026.2734 74438.88226 313 
5.35 792417.2053 66575.81099 272 
5.45 838640.1896 70434.81666 272 
5.55 959810.6901 78688.61179 277 
5.65 685551.6413 63075.99622 218 
5.75 603674.6051 58650.83419 223 
5.85 620942.3857 60150.57842 194 
5.95 546348.3117 56868.76662 176 
6.05 587862.5463 59281.85132 185 
6.15 500283.0911 53601.9848 165 
6.25 468974.7109 52382.22786 145 
6.35 422561.6739 47017.95533 149 
6.45 351216.5585 44774.35326 111 
6.55 187251.1186 31848.93912 61 
6.65 46631.92709 15091.69467 16 
6.75 0 0 0 
6.85 0 0 0 
6.95 0 0 0 
7.05 0 0 0 
7.15 0 0 0 
7.25 0 0 0 
7.35 0 0 0 
7.45 0 0 0 
7.55 0 0 0 
7.65 0 0 0 
7.75 0 0 0 
7.85 0 0 0 
7.95 0 0 0 
8.05 0 0 0 
8.15 0 0 0 
8.25 0 0 0 
8.35 0 0 0 
8.45 0 0 0 
8.55 0 0 0 
8.65 0 0 0 
8.75 0 0 0 
8.85 0 0 0 
8.95 0 0 0 
9.05 0 0 0 
9.15 0 0 0 
9.25 0 0 0 
9.35 0 0 0 
9.45 0 0 0 
9.55 0 0 0 
9.65 0 0 0 
9.75 0 0 0 
9.85 0 0 0 
9.95 0 0 0 
10.05 0 0 0 
10.15 0 0 0 
10.25 0 0 0 
10.35 0 0 0 
10.45 0 0 0 
10.55 0 0 0 
10.65 0 0 0 
10.75 0 0 0 
10.85 0 0 0 
10.95 0 0 0 
11.05 0 0 0 
11.15 0 0 0 
11.25 0 0 0 
11.35 0 0 0 
11.45 0 0 0 
11.55 0 0 0 
11.65 0 0 0 
11.75 0 0 0 
11.85 0 0 0 
11.95 0 0 0 
