# Format: McCode with text headers
# URL: http://www.mccode.org
# Creator:  3.8.5, git
# Instrument: eqsans_cylinder.instr
# Ncount: 5000000
# Trace: no
# Gravitation: no
# Seed: 1790195141393720
# Directory: /Users/georgeyumnam/WORK/PANRAID/PaNRAID-results/Group2/panraidproject/dataset_cylinder/cyl_001356
# Param: gx=0
# Param: gy=0
# Param: sample_on=1
# Param: bs_radius=0
# Param: samp_ap=0.01
# Param: sld=5.11443
# Param: sld_solvent=1
# Param: radius=156.081
# Param: length=944.371
# Param: pd_radius=0.174092
# Param: pd_length=0.232441
# Param: model_scale=1
# Param: model_abs=0
# Date: Wed Sep 23 22:25:59 2026 (1790195159)
# type: array_1d(100)
# Source: EQ_SANS_cylinder (eqsans_cylinder.instr)
# component: qmon
# position: 0 0 22.281
# title: QMonitor - Distribution in q (Radially averaged)
# Ncount: 5000000
# filename: qdet.dat
# statistics: X0=0.0065862; dX=0.00573077;
# signal: Min=2.41495e+12; Max=1.74739e+18; Mean=9.17085e+16;
# values: 9.17085e+18 5.0305e+17 257020
# xvar: q
# yvar: (I,I_err)
# xlabel: q [1 / AA]
# ylabel: I(q)
# xlimits: 0 0.151561
# variables: q I I_err N
0.0007578035702 1.747389191e+18 4.301344041e+17 43 
0.002273410711 1.260007822e+18 1.593476956e+17 133 
0.003789017851 9.586427774e+17 1.141204337e+17 201 
0.005304624991 1.046615427e+18 1.112033981e+17 294 
0.006820232132 9.315384777e+17 8.688060351e+16 348 
0.008335839272 7.547907152e+17 7.593353234e+16 452 
0.009851446413 6.660557683e+17 5.729972379e+16 526 
0.01136705355 4.877679055e+17 3.499885363e+16 656 
0.01288266069 3.844654426e+17 3.514659531e+16 712 
0.01439826783 2.574572779e+17 1.940937083e+16 821 
0.01591387497 1.936735989e+17 1.841291695e+16 875 
0.01742948211 1.599751429e+17 1.412804664e+16 968 
0.01894508925 9.812160418e+16 8.809170799e+15 975 
0.0204606964 5.871526428e+16 5.357123995e+15 1121 
0.02197630354 4.514379804e+16 4.611838011e+15 1178 
0.02349191068 2.982534689e+16 3.054486734e+15 1272 
0.02500751782 2.173045039e+16 2.483691946e+15 1385 
0.02652312496 1.387882893e+16 1.025449959e+15 1440 
0.0280387321 9.353798916e+15 6.625241886e+14 1577 
0.02955433924 7.755073418e+15 5.445082897e+14 1615 
0.03106994638 6.086370368e+15 3.526829482e+14 1739 
0.03258555352 5.263955786e+15 4.532473811e+14 1804 
0.03410116066 3.52870264e+15 1.465910395e+14 1847 
0.0356167678 3.232772736e+15 1.507607614e+14 1994 
0.03713237494 2.528581779e+15 9.243925785e+13 1969 
0.03864798208 2.171921186e+15 8.086233897e+13 2057 
0.04016358922 1.858346754e+15 6.785140475e+13 2259 
0.04167919636 1.553621387e+15 5.496442314e+13 2235 
0.0431948035 1.313764765e+15 4.652361793e+13 2358 
0.04471041064 1.130209003e+15 3.814147538e+13 2481 
0.04622601778 9.638732724e+14 2.910380043e+13 2604 
0.04774162492 8.455188982e+14 2.80702274e+13 2600 
0.04925723206 7.382035287e+14 2.175003108e+13 2769 
0.0507728392 6.548507053e+14 1.946724071e+13 2709 
0.05228844634 5.821501086e+14 1.602334572e+13 2942 
0.05380405348 4.852881477e+14 1.352056578e+13 2921 
0.05531966062 4.583484542e+14 1.272037873e+13 3024 
0.05683526776 4.117357847e+14 1.093290727e+13 3064 
0.05835087491 3.620471573e+14 9.846779019e+12 3118 
0.05986648205 3.27324238e+14 8.686832025e+12 3198 
0.06138208919 3.124084391e+14 7.875198291e+12 3484 
0.06289769633 2.73253756e+14 6.895869543e+12 3480 
0.06441330347 2.426584799e+14 5.903586571e+12 3528 
0.06592891061 2.208581542e+14 5.412380873e+12 3509 
0.06744451775 1.992165649e+14 4.770135715e+12 3577 
0.06896012489 1.81457261e+14 4.35245824e+12 3547 
0.07047573203 1.623409495e+14 3.787925226e+12 3756 
0.07199133917 1.520963741e+14 3.547573973e+12 3724 
0.07350694631 1.415530758e+14 3.265398392e+12 3860 
0.07502255345 1.276151977e+14 2.849965163e+12 3874 
0.07653816059 1.125877221e+14 2.619893433e+12 3746 
0.07805376773 1.002963104e+14 2.283424311e+12 3786 
0.07956937487 9.7464442e+13 2.190927459e+12 3850 
0.08108498201 8.881787868e+13 1.976893298e+12 3946 
0.08260058915 8.024544211e+13 1.801804879e+12 3848 
0.08411619629 7.48195729e+13 1.621858037e+12 4031 
0.08563180343 6.730926564e+13 1.499100227e+12 3957 
0.08714741057 6.246695275e+13 1.383145584e+12 3902 
0.08866301771 6.064921257e+13 1.352837452e+12 3951 
0.09017862485 5.20810826e+13 1.1685056e+12 3791 
0.09169423199 5.331879973e+13 1.182955825e+12 3918 
0.09320983913 4.625528705e+13 1.019389207e+12 3908 
0.09472544627 4.227072074e+13 9.38962615e+11 3821 
0.09624105341 3.95556526e+13 8.67585542e+11 3804 
0.09775666056 3.674170223e+13 8.120899561e+11 3730 
0.0992722677 3.26544563e+13 7.220506515e+11 3753 
0.1007878748 3.100668958e+13 6.861476937e+11 3691 
0.102303482 2.871398649e+13 6.40880137e+11 3705 
0.1038190891 2.764367497e+13 6.099868411e+11 3701 
0.1053346963 2.50233214e+13 5.623164983e+11 3529 
0.1068503034 2.197540135e+13 5.029207144e+11 3447 
0.1083659105 2.125069149e+13 4.80964516e+11 3480 
0.1098815177 1.893216023e+13 4.389531933e+11 3332 
0.1113971248 1.803420887e+13 4.198873138e+11 3301 
0.112912732 1.659434567e+13 3.819044977e+11 3283 
0.1144283391 1.527291267e+13 3.58024024e+11 3195 
0.1159439462 1.478102459e+13 3.441807591e+11 3187 
0.1174595534 1.34638444e+13 3.193253178e+11 3110 
0.1189751605 1.231343948e+13 3.001206971e+11 2967 
0.1204907677 1.128831881e+13 2.743179282e+11 2898 
0.1220063748 1.137401778e+13 2.698804078e+11 3059 
0.1235219819 9.872650693e+12 2.417372596e+11 2890 
0.1250375891 9.526802442e+12 2.359340147e+11 2823 
0.1265531962 8.726212188e+12 2.172678088e+11 2736 
0.1280688034 7.855018014e+12 2.01053708e+11 2620 
0.1295844105 7.484205565e+12 1.907025688e+11 2626 
0.1311000176 6.815936881e+12 1.761970056e+11 2496 
0.1326156248 6.00952601e+12 1.587514969e+11 2406 
0.1341312319 5.655900681e+12 1.507027727e+11 2369 
0.1356468391 5.223027021e+12 1.403580115e+11 2317 
0.1371624462 5.053796999e+12 1.37803977e+11 2229 
0.1386780533 4.66961779e+12 1.283298935e+11 2211 
0.1401936605 4.177447043e+12 1.185682494e+11 2078 
0.1417092676 4.032366605e+12 1.133629663e+11 2071 
0.1432248748 3.561794859e+12 1.021708366e+11 1988 
0.1447404819 3.265210378e+12 9.613290307e+10 1906 
0.146256089 3.202498231e+12 9.47314791e+10 1901 
0.1477716962 2.792640373e+12 8.492459806e+10 1771 
0.1492873033 2.582543638e+12 7.936383606e+10 1712 
0.1508029105 2.414948087e+12 7.666764837e+10 1620 
