# Format: McCode with text headers
# URL: http://www.mccode.org
# Creator:  3.8.5, git
# Instrument: eqsans_sans.instr
# Ncount: 10000000
# Trace: no
# Gravitation: no
# Seed: 1790176554995163
# Directory: /Users/georgeyumnam/WORK/PANRAID/PaNRAID-results/Group2/panraidproject/scan_sans_nosample/x+02_y-13
# Param: gx=0.002
# Param: gy=-0.013
# Param: sample_on=0
# Param: R_sphere=100
# Param: Phi=0.01
# Param: bs_radius=0
# Param: samp_ap=0.01
# Date: Wed Sep 23 17:16:30 2026 (1790176590)
# type: array_1d(120)
# Source: EQ_SANS_sample (eqsans_sans.instr)
# component: lambda_det
# position: 0 0 22.28
# title: Wavelength monitor
# Ncount: 10000000
# filename: lambda_det.dat
# statistics: X0=3.88232; dX=0.915226;
# signal: Min=0; Max=273246; Mean=33632.1;
# values: 4.03585e+06 55857.8 5427
# xvar: L
# yvar: (I,I_err)
# xlabel: Wavelength [AA]
# ylabel: Intensity
# xlimits: 0 12
# variables: L I I_err N
0.05 0 0 0 
0.15 0 0 0 
0.25 0 0 0 
0.35 0 0 0 
0.45 0 0 0 
0.55 0 0 0 
0.65 0 0 0 
0.75 0 0 0 
0.85 0 0 0 
0.95 0 0 0 
1.05 0 0 0 
1.15 0 0 0 
1.25 0 0 0 
1.35 0 0 0 
1.45 0 0 0 
1.55 0 0 0 
1.65 0 0 0 
1.75 0 0 0 
1.85 0 0 0 
1.95 0 0 0 
2.05 0 0 0 
2.15 0 0 0 
2.25 653.5833772 653.5833772 1 
2.35 4159.980028 1722.87975 6 
2.45 7546.18043 2417.264076 10 
2.55 17516.66295 3607.928104 25 
2.65 32161.06259 4872.191044 45 
2.75 107483.577 9040.00421 147 
2.85 209962.7647 12860.95952 278 
2.95 273246.2972 14672.84462 362 
3.05 233861.3412 13466.45246 313 
3.15 244465.0541 13755.61987 329 
3.25 213139.5255 12777.1044 289 
3.35 199613.3639 12268.08319 276 
3.45 196790.9546 12440.2319 259 
3.55 192474.0302 12232.74826 256 
3.65 171590.2632 11584.8716 227 
3.75 162757.905 11231.16354 219 
3.85 150238.7792 10743.27033 203 
3.95 134221.7394 10138.62531 181 
4.05 127964.2864 9994.576579 171 
4.15 111447.5555 9380.8286 146 
4.25 102240.6971 8776.861444 141 
4.35 114278.4737 9472.010603 152 
4.45 103987.2315 8886.06683 143 
4.55 79804.68559 7845.938287 108 
4.65 63237.40298 6894.236055 87 
4.75 66418.2946 7064.400611 92 
4.85 79884.60201 7882.873096 107 
4.95 63282.09037 7029.734846 84 
5.05 57117.27719 6603.581351 78 
5.15 62628.44272 7010.022795 83 
5.25 50402.58126 6275.314007 67 
5.35 51568.54603 6415.535997 67 
5.45 45194.8787 5870.442809 61 
5.55 33307.88112 4972.161742 47 
5.65 39539.42134 5540.709431 53 
5.75 43762.65335 5763.432294 60 
5.85 36486.66024 5275.867055 50 
5.95 28191.98145 4642.84782 38 
6.05 30417.66693 4849.531469 41 
6.15 23141.56777 4122.552093 33 
6.25 25414.43611 4515.539623 33 
6.35 20572.94168 4033.220444 27 
6.45 16548.08001 3587.926879 22 
6.55 7122.990414 2308.65829 10 
6.65 0 0 0 
6.75 0 0 0 
6.85 0 0 0 
6.95 0 0 0 
7.05 0 0 0 
7.15 0 0 0 
7.25 0 0 0 
7.35 0 0 0 
7.45 0 0 0 
7.55 0 0 0 
7.65 0 0 0 
7.75 0 0 0 
7.85 0 0 0 
7.95 0 0 0 
8.05 0 0 0 
8.15 0 0 0 
8.25 0 0 0 
8.35 0 0 0 
8.45 0 0 0 
8.55 0 0 0 
8.65 0 0 0 
8.75 0 0 0 
8.85 0 0 0 
8.95 0 0 0 
9.05 0 0 0 
9.15 0 0 0 
9.25 0 0 0 
9.35 0 0 0 
9.45 0 0 0 
9.55 0 0 0 
9.65 0 0 0 
9.75 0 0 0 
9.85 0 0 0 
9.95 0 0 0 
10.05 0 0 0 
10.15 0 0 0 
10.25 0 0 0 
10.35 0 0 0 
10.45 0 0 0 
10.55 0 0 0 
10.65 0 0 0 
10.75 0 0 0 
10.85 0 0 0 
10.95 0 0 0 
11.05 0 0 0 
11.15 0 0 0 
11.25 0 0 0 
11.35 0 0 0 
11.45 0 0 0 
11.55 0 0 0 
11.65 0 0 0 
11.75 0 0 0 
11.85 0 0 0 
11.95 0 0 0 
