# Format: McCode with text headers
# URL: http://www.mccode.org
# Creator:  3.8.5, git
# Instrument: eqsans_sans.instr
# Ncount: 10000000
# Trace: no
# Gravitation: no
# Seed: 1790184968002521
# Directory: /Users/georgeyumnam/WORK/PANRAID/PaNRAID-results/Group2/panraidproject/scan_sans_sample/x+15_y+15
# Param: gx=0.015
# Param: gy=0.015
# Param: sample_on=1
# Param: R_sphere=100
# Param: Phi=0.01
# Param: bs_radius=0
# Param: samp_ap=0.01
# Date: Wed Sep 23 19:36:42 2026 (1790185002)
# type: array_1d(120)
# Source: EQ_SANS_sample (eqsans_sans.instr)
# component: lambda_det
# position: 0 0 22.28
# title: Wavelength monitor
# Ncount: 10000000
# filename: lambda_det.dat
# statistics: X0=4.27104; dX=0.974946;
# signal: Min=0; Max=5808.87; Mean=694.9;
# values: 83388.1 7175.94 2612
# xvar: L
# yvar: (I,I_err)
# xlabel: Wavelength [AA]
# ylabel: Intensity
# xlimits: 0 12
# variables: L I I_err N
0.05 0 0 0 
0.15 0 0 0 
0.25 0 0 0 
0.35 0 0 0 
0.45 0 0 0 
0.55 0 0 0 
0.65 0 0 0 
0.75 0 0 0 
0.85 0 0 0 
0.95 0 0 0 
1.05 0 0 0 
1.15 0 0 0 
1.25 0 0 0 
1.35 0 0 0 
1.45 0 0 0 
1.55 0 0 0 
1.65 0 0 0 
1.75 0 0 0 
1.85 0 0 0 
1.95 0 0 0 
2.05 0 0 0 
2.15 0 0 0 
2.25 0 0 0 
2.35 0.2860758268 0.2860758268 1 
2.45 0.130950403 0.09322435833 5 
2.55 4.410588834 2.929925977 10 
2.65 172.7864841 117.7705795 24 
2.75 1178.542331 1059.133133 43 
2.85 2201.91586 1253.504795 82 
2.95 1145.599539 635.6682567 174 
3.05 4026.619212 1752.470522 169 
3.15 2102.762077 835.4850717 145 
3.25 2205.640326 955.9227231 135 
3.35 4829.350897 2017.460734 125 
3.45 4034.634385 1422.33864 130 
3.55 3626.832838 1337.282686 126 
3.65 1510.607326 636.0750163 111 
3.75 5808.871845 2061.550023 115 
3.85 3040.869907 1183.329363 102 
3.95 2548.782166 1180.149813 97 
4.05 4403.610652 1905.64682 76 
4.15 2835.024861 1470.582531 62 
4.25 3649.540783 1642.16176 81 
4.35 1810.297799 861.3887957 68 
4.45 2483.541333 1373.134934 59 
4.55 1396.16141 881.1146614 53 
4.65 2855.407906 1407.126221 58 
4.75 544.6489607 259.4072409 56 
4.85 2250.765469 1335.93695 38 
4.95 496.777914 321.5629553 33 
5.05 3080.995926 1136.355562 47 
5.15 2733.714251 1505.133695 40 
5.25 1538.328194 854.500982 35 
5.35 1265.277332 761.3146242 32 
5.45 119.5561773 36.64705345 34 
5.55 1201.905303 799.8834647 36 
5.65 2100.572217 1308.307371 34 
5.75 2630.728814 1377.215059 27 
5.85 1180.321102 713.3466497 26 
5.95 2117.048319 1193.852598 29 
6.05 317.8206168 169.6399379 25 
6.15 1032.915654 789.0334342 17 
6.25 1064.995432 709.1235315 12 
6.35 866.7141164 840.908008 14 
6.45 689.6286799 672.2208355 14 
6.55 278.9783544 208.5966372 10 
6.65 4.133743598 3.721271897 2 
6.75 0 0 0 
6.85 0 0 0 
6.95 0 0 0 
7.05 0 0 0 
7.15 0 0 0 
7.25 0 0 0 
7.35 0 0 0 
7.45 0 0 0 
7.55 0 0 0 
7.65 0 0 0 
7.75 0 0 0 
7.85 0 0 0 
7.95 0 0 0 
8.05 0 0 0 
8.15 0 0 0 
8.25 0 0 0 
8.35 0 0 0 
8.45 0 0 0 
8.55 0 0 0 
8.65 0 0 0 
8.75 0 0 0 
8.85 0 0 0 
8.95 0 0 0 
9.05 0 0 0 
9.15 0 0 0 
9.25 0 0 0 
9.35 0 0 0 
9.45 0 0 0 
9.55 0 0 0 
9.65 0 0 0 
9.75 0 0 0 
9.85 0 0 0 
9.95 0 0 0 
10.05 0 0 0 
10.15 0 0 0 
10.25 0 0 0 
10.35 0 0 0 
10.45 0 0 0 
10.55 0 0 0 
10.65 0 0 0 
10.75 0 0 0 
10.85 0 0 0 
10.95 0 0 0 
11.05 0 0 0 
11.15 0 0 0 
11.25 0 0 0 
11.35 0 0 0 
11.45 0 0 0 
11.55 0 0 0 
11.65 0 0 0 
11.75 0 0 0 
11.85 0 0 0 
11.95 0 0 0 
