# Format: McCode with text headers
# URL: http://www.mccode.org
# Creator:  3.8.5, git
# Instrument: eqsans_sans.instr
# Ncount: 10000000
# Trace: no
# Gravitation: no
# Seed: 1790180126948023
# Directory: /Users/georgeyumnam/WORK/PANRAID/PaNRAID-results/Group2/panraidproject/scan_sans_sample/x-18_y-19
# Param: gx=-0.018
# Param: gy=-0.019
# Param: sample_on=1
# Param: R_sphere=100
# Param: Phi=0.01
# Param: bs_radius=0
# Param: samp_ap=0.01
# Date: Wed Sep 23 18:16:01 2026 (1790180161)
# type: array_1d(120)
# Source: EQ_SANS_sample (eqsans_sans.instr)
# component: lambda_det
# position: 0 0 22.28
# title: Wavelength monitor
# Ncount: 10000000
# filename: lambda_det.dat
# statistics: X0=4.27271; dX=1.00597;
# signal: Min=0; Max=3408.44; Mean=474.439;
# values: 56932.7 5646.45 1774
# xvar: L
# yvar: (I,I_err)
# xlabel: Wavelength [AA]
# ylabel: Intensity
# xlimits: 0 12
# variables: L I I_err N
0.05 0 0 0 
0.15 0 0 0 
0.25 0 0 0 
0.35 0 0 0 
0.45 0 0 0 
0.55 0 0 0 
0.65 0 0 0 
0.75 0 0 0 
0.85 0 0 0 
0.95 0 0 0 
1.05 0 0 0 
1.15 0 0 0 
1.25 0 0 0 
1.35 0 0 0 
1.45 0 0 0 
1.55 0 0 0 
1.65 0 0 0 
1.75 0 0 0 
1.85 0 0 0 
1.95 0 0 0 
2.05 0.03255832535 0.03255832535 1 
2.15 0.01743669517 0.01743669517 1 
2.25 0 0 0 
2.35 0 0 0 
2.45 5.178166254 3.437679186 6 
2.55 10.2221373 6.036963108 14 
2.65 9.662410178 4.08001156 20 
2.75 1447.24671 969.3386038 71 
2.85 752.6186637 419.9890896 110 
2.95 2568.269545 988.3156484 124 
3.05 2370.350506 1393.997151 111 
3.15 2271.773589 1038.145058 103 
3.25 1452.328572 711.776526 85 
3.35 1783.383532 759.2217069 92 
3.45 3318.450524 1431.062284 74 
3.55 211.6093882 77.71677859 73 
3.65 2485.052524 1236.27178 74 
3.75 3408.437321 1518.949953 56 
3.85 1519.089939 741.4198479 69 
3.95 2355.141262 944.8314693 51 
4.05 2786.619174 1339.631451 63 
4.15 2069.14205 1211.503397 51 
4.25 1690.167744 1063.672338 43 
4.35 1730.802247 861.3851707 40 
4.45 1315.701628 921.1072365 50 
4.55 2299.528414 1328.46595 40 
4.65 2041.422171 929.2549798 40 
4.75 672.7869104 371.0910365 24 
4.85 2535.315414 1404.984853 31 
4.95 812.1772549 552.4574725 26 
5.05 43.97313469 15.32264078 21 
5.15 727.6752362 649.4142236 22 
5.25 916.7149225 830.3250718 17 
5.35 786.0688995 713.5024741 21 
5.45 1876.356403 1251.983508 21 
5.55 82.52504786 44.66733697 22 
5.65 1514.873781 1026.699149 14 
5.75 478.2037848 426.7413367 17 
5.85 1340.513676 981.0325312 14 
5.95 1246.57872 774.6484652 16 
6.05 639.4341772 493.6148501 10 
6.15 698.1230081 581.4925504 9 
6.25 821.7694766 612.2435627 11 
6.35 884.1985327 561.255203 11 
6.45 953.1710872 1020.31268 5 
6.55 0 0 0 
6.65 0 0 0 
6.75 0 0 0 
6.85 0 0 0 
6.95 0 0 0 
7.05 0 0 0 
7.15 0 0 0 
7.25 0 0 0 
7.35 0 0 0 
7.45 0 0 0 
7.55 0 0 0 
7.65 0 0 0 
7.75 0 0 0 
7.85 0 0 0 
7.95 0 0 0 
8.05 0 0 0 
8.15 0 0 0 
8.25 0 0 0 
8.35 0 0 0 
8.45 0 0 0 
8.55 0 0 0 
8.65 0 0 0 
8.75 0 0 0 
8.85 0 0 0 
8.95 0 0 0 
9.05 0 0 0 
9.15 0 0 0 
9.25 0 0 0 
9.35 0 0 0 
9.45 0 0 0 
9.55 0 0 0 
9.65 0 0 0 
9.75 0 0 0 
9.85 0 0 0 
9.95 0 0 0 
10.05 0 0 0 
10.15 0 0 0 
10.25 0 0 0 
10.35 0 0 0 
10.45 0 0 0 
10.55 0 0 0 
10.65 0 0 0 
10.75 0 0 0 
10.85 0 0 0 
10.95 0 0 0 
11.05 0 0 0 
11.15 0 0 0 
11.25 0 0 0 
11.35 0 0 0 
11.45 0 0 0 
11.55 0 0 0 
11.65 0 0 0 
11.75 0 0 0 
11.85 0 0 0 
11.95 0 0 0 
