# Format: McCode with text headers
# URL: http://www.mccode.org
# Creator:  3.8.5, git
# Instrument: eqsans_cylinder.instr
# Ncount: 5000000
# Trace: no
# Gravitation: no
# Seed: 1790195197976254
# Directory: /Users/georgeyumnam/WORK/PANRAID/PaNRAID-results/Group2/panraidproject/dataset_cylinder/cyl_001388
# Param: gx=0
# Param: gy=0
# Param: sample_on=1
# Param: bs_radius=0
# Param: samp_ap=0.01
# Param: sld=7.66154
# Param: sld_solvent=1
# Param: radius=94.3124
# Param: length=733.726
# Param: pd_radius=0.125352
# Param: pd_length=0.231707
# Param: model_scale=1
# Param: model_abs=0
# Date: Wed Sep 23 22:26:55 2026 (1790195215)
# type: array_1d(100)
# Source: EQ_SANS_cylinder (eqsans_cylinder.instr)
# component: qmon
# position: 0 0 22.281
# title: QMonitor - Radially averaged distribution
# Ncount: 5000000
# filename: rdet.dat
# statistics: X0=0.0478944; dX=0.0422005;
# signal: Min=1.9954e+13; Max=1.0381e+17; Mean=1.25285e+16;
# values: 1.25285e+18 4.1889e+16 162950
# xvar: r
# yvar: (I,I_err)
# xlabel: Radius [m]
# ylabel: I(r)
# xlimits: 0 0.5
# variables: r I I_err N
0.0025 5.5467891e+16 2.147935428e+16 13 
0.0075 9.776362249e+16 2.210424107e+16 49 
0.0125 1.038104124e+17 1.664653786e+16 85 
0.0175 9.721222732e+16 1.313642769e+16 116 
0.0225 9.184322046e+16 9.622140808e+15 161 
0.0275 8.691776729e+16 9.366432533e+15 173 
0.0325 7.724930095e+16 7.301056464e+15 212 
0.0375 6.501803926e+16 6.051528462e+15 227 
0.0425 5.862867621e+16 5.11174998e+15 277 
0.0475 5.558813069e+16 4.585222265e+15 313 
0.0525 4.768690523e+16 3.639398959e+15 331 
0.0575 4.882931584e+16 3.429455952e+15 395 
0.0625 4.633422526e+16 3.257974645e+15 428 
0.0675 3.766921571e+16 2.576336587e+15 445 
0.0725 3.546386345e+16 2.318176439e+15 507 
0.0775 3.047463633e+16 2.083912642e+15 479 
0.0825 2.60422657e+16 1.802445592e+15 537 
0.0875 2.537009058e+16 1.574902815e+15 588 
0.0925 1.98748128e+16 1.313941154e+15 588 
0.0975 1.782590158e+16 1.055633644e+15 664 
0.1025 1.508750373e+16 9.421521784e+14 656 
0.1075 1.367643641e+16 8.155450068e+14 701 
0.1125 1.292697176e+16 7.868102139e+14 756 
0.1175 1.019972512e+16 5.904845446e+14 767 
0.1225 8.960890917e+15 5.22476735e+14 818 
0.1275 9.136502023e+15 5.037167695e+14 895 
0.1325 7.31590884e+15 4.094656995e+14 904 
0.1375 6.358588781e+15 3.667172221e+14 918 
0.1425 5.291484327e+15 3.244466076e+14 907 
0.1475 4.99058136e+15 3.013823344e+14 973 
0.1525 4.267804736e+15 2.585165094e+14 982 
0.1575 3.65607707e+15 2.260980057e+14 1053 
0.1625 3.048447703e+15 1.819346314e+14 1007 
0.1675 2.550608547e+15 1.563085415e+14 1064 
0.1725 2.2381452e+15 1.342723278e+14 1154 
0.1775 1.894422853e+15 1.083007425e+14 1193 
0.1825 1.872366886e+15 1.119592173e+14 1206 
0.1875 1.390035398e+15 8.786695755e+13 1188 
0.1925 1.241066286e+15 7.814380183e+13 1191 
0.1975 1.194622565e+15 7.516119779e+13 1263 
0.2025 1.034791935e+15 6.058227485e+13 1311 
0.2075 9.6652677e+14 5.886762475e+13 1388 
0.2125 7.924493156e+14 4.968115744e+13 1405 
0.2175 6.186712047e+14 3.636509354e+13 1377 
0.2225 6.060957213e+14 3.775673396e+13 1443 
0.2275 5.415285647e+14 3.332060765e+13 1453 
0.2325 4.543654173e+14 2.691558129e+13 1463 
0.2375 4.551373336e+14 2.796903626e+13 1573 
0.2425 3.695600348e+14 2.157244245e+13 1579 
0.2475 3.406352407e+14 1.828034486e+13 1628 
0.2525 3.132028776e+14 1.792485074e+13 1682 
0.2575 2.509304834e+14 1.28966439e+13 1672 
0.2625 2.522195485e+14 1.351130746e+13 1690 
0.2675 2.26455839e+14 1.223291981e+13 1769 
0.2725 2.076619701e+14 9.814271915e+12 1709 
0.2775 1.853257086e+14 9.133338976e+12 1786 
0.2825 1.626089949e+14 7.452624385e+12 1822 
0.2875 1.614750492e+14 6.614053149e+12 1928 
0.2925 1.483496252e+14 6.181525794e+12 1915 
0.2975 1.316281691e+14 5.469419411e+12 1927 
0.3025 1.126166706e+14 4.42269381e+12 1854 
0.3075 1.149256123e+14 4.399681178e+12 1972 
0.3125 1.12320098e+14 4.210968085e+12 2076 
0.3175 1.12995541e+14 4.237892882e+12 2132 
0.3225 9.936198172e+13 3.631251581e+12 2078 
0.3275 9.256662484e+13 3.439965688e+12 2102 
0.3325 8.828605928e+13 3.135411858e+12 2113 
0.3375 8.429136834e+13 3.026139597e+12 2165 
0.3425 7.928468892e+13 2.893658333e+12 2192 
0.3475 7.45094132e+13 2.636178079e+12 2225 
0.3525 7.52517542e+13 2.732043554e+12 2263 
0.3575 7.283548374e+13 2.605154734e+12 2276 
0.3625 7.039923278e+13 2.527201473e+12 2343 
0.3675 6.826834621e+13 2.446006207e+12 2393 
0.3725 6.504248062e+13 2.373617675e+12 2416 
0.3775 5.970846937e+13 2.109103071e+12 2485 
0.3825 5.978416589e+13 2.144244612e+12 2494 
0.3875 5.713679403e+13 2.066892097e+12 2584 
0.3925 5.157248394e+13 1.869464614e+12 2498 
0.3975 5.234131008e+13 1.850039105e+12 2619 
0.4025 4.621717515e+13 1.661369917e+12 2591 
0.4075 4.759081733e+13 1.731611098e+12 2647 
0.4125 4.743862758e+13 1.706918501e+12 2610 
0.4175 4.255645865e+13 1.518280488e+12 2734 
0.4225 4.014817766e+13 1.417283868e+12 2818 
0.4275 4.110193141e+13 1.472671308e+12 2779 
0.4325 3.920643078e+13 1.400127308e+12 2873 
0.4375 3.65670408e+13 1.296596988e+12 2904 
0.4425 3.671233358e+13 1.284279697e+12 2948 
0.4475 3.125998207e+13 1.106118333e+12 2866 
0.4525 3.07041104e+13 1.097445612e+12 2933 
0.4575 3.099490015e+13 1.098164318e+12 3009 
0.4625 2.819667387e+13 9.895546459e+11 3094 
0.4675 2.652366121e+13 8.930098804e+11 3068 
0.4725 2.409416606e+13 8.563134512e+11 3025 
0.4775 2.513340123e+13 8.422874191e+11 3221 
0.4825 2.34325885e+13 7.700310267e+11 3140 
0.4875 2.135806267e+13 7.132131361e+11 3189 
0.4925 2.159682046e+13 7.240225788e+11 3237 
0.4975 1.995397601e+13 6.795493176e+11 3280 
