# Format: McCode with text headers
# URL: http://www.mccode.org
# Creator:  3.8.5, git
# Instrument: eqsans_cylinder.instr
# Ncount: 5000000
# Trace: no
# Gravitation: no
# Seed: 1790193668470972
# Directory: /Users/georgeyumnam/WORK/PANRAID/PaNRAID-results/Group2/panraidproject/dataset_cylinder/cyl_000539
# Param: gx=0
# Param: gy=0
# Param: sample_on=1
# Param: bs_radius=0
# Param: samp_ap=0.01
# Param: sld=1.60219
# Param: sld_solvent=1
# Param: radius=69.4878
# Param: length=253.449
# Param: pd_radius=0.193973
# Param: pd_length=0.264931
# Param: model_scale=1
# Param: model_abs=0
# Date: Wed Sep 23 22:01:26 2026 (1790193686)
# type: array_1d(120)
# Source: EQ_SANS_cylinder (eqsans_cylinder.instr)
# component: lambda_det
# position: 0 0 22.28
# title: Wavelength monitor
# Ncount: 5000000
# filename: lambda_det.dat
# statistics: X0=4.37993; dX=1.0503;
# signal: Min=0; Max=4.41179e+09; Mean=9.44575e+08;
# values: 1.13349e+11 1.19238e+09 289539
# xvar: L
# yvar: (I,I_err)
# xlabel: Wavelength [AA]
# ylabel: Intensity
# xlimits: 0 12
# variables: L I I_err N
0.05 0 0 0 
0.15 0 0 0 
0.25 0 0 0 
0.35 0 0 0 
0.45 0 0 0 
0.55 0 0 0 
0.65 0 0 0 
0.75 0 0 0 
0.85 0 0 0 
0.95 0 0 0 
1.05 0 0 0 
1.15 0 0 0 
1.25 0 0 0 
1.35 0 0 0 
1.45 0 0 0 
1.55 0 0 0 
1.65 0 0 0 
1.75 0 0 0 
1.85 0 0 0 
1.95 0 0 0 
2.05 0 0 0 
2.15 3270122.33 2981620.89 50 
2.25 46181076.2 27315006.94 150 
2.35 15104994.52 13474226.98 150 
2.45 82400581.84 21602662.3 650 
2.55 200383922.1 41377480.43 1350 
2.65 504231541.9 84129886.77 2849 
2.75 1220118276 118498486.6 7550 
2.85 3160194954 217584859.9 14900 
2.95 4411790850 244524785.1 19550 
3.05 3928858317 201215566.5 18647 
3.15 3578913772 201521525.6 16350 
3.25 4207136657 246578174.1 15349 
3.35 3809772706 206079887.1 13900 
3.45 3549111857 208732893.8 11700 
3.55 3926813245 226869063.3 12650 
3.65 4205279887 225134752.7 13399 
3.75 3998426841 218028680.9 11600 
3.85 3200167637 212975738.8 9700 
3.95 3420342133 216083157.3 9550 
4.05 4131833570 238181332.5 9899 
4.15 3285040954 211854603.9 7650 
4.25 3140009994 195391189.2 7200 
4.35 3523768095 190641283 8200 
4.45 3096120315 200741342 6100 
4.55 2940241632 174251124.1 6300 
4.65 3073104765 184913346.1 6050 
4.75 2597673777 187387666.9 4600 
4.85 3227986947 194045691.4 5750 
4.95 2769090468 182508096.1 4700 
5.05 2314108917 167106009.1 3850 
5.15 2718595345 196104554.4 4149 
5.25 3012949543 184150376.1 4350 
5.35 2295233902 175923176.1 3100 
5.45 2597250951 182538276.1 3600 
5.55 2007465243 146771624.5 2799 
5.65 2479018489 170977726.7 3249 
5.75 2521184775 169905740.9 3050 
5.85 2131666351 139180859.9 2800 
5.95 2153109111 158086235 2400 
6.05 2266160850 216561815.2 2149 
6.15 1743574598 133198939 2050 
6.25 2005369690 165993844.2 1800 
6.35 1569760922 143533697.3 1600 
6.45 1025637910 101082258.4 1100 
6.55 1094249997 144238430 850 
6.65 160341340 39518213.33 150 
6.75 0 0 0 
6.85 0 0 0 
6.95 0 0 0 
7.05 0 0 0 
7.15 0 0 0 
7.25 0 0 0 
7.35 0 0 0 
7.45 0 0 0 
7.55 0 0 0 
7.65 0 0 0 
7.75 0 0 0 
7.85 0 0 0 
7.95 0 0 0 
8.05 0 0 0 
8.15 0 0 0 
8.25 0 0 0 
8.35 0 0 0 
8.45 0 0 0 
8.55 0 0 0 
8.65 0 0 0 
8.75 0 0 0 
8.85 0 0 0 
8.95 0 0 0 
9.05 0 0 0 
9.15 0 0 0 
9.25 0 0 0 
9.35 0 0 0 
9.45 0 0 0 
9.55 0 0 0 
9.65 0 0 0 
9.75 0 0 0 
9.85 0 0 0 
9.95 0 0 0 
10.05 0 0 0 
10.15 0 0 0 
10.25 0 0 0 
10.35 0 0 0 
10.45 0 0 0 
10.55 0 0 0 
10.65 0 0 0 
10.75 0 0 0 
10.85 0 0 0 
10.95 0 0 0 
11.05 0 0 0 
11.15 0 0 0 
11.25 0 0 0 
11.35 0 0 0 
11.45 0 0 0 
11.55 0 0 0 
11.65 0 0 0 
11.75 0 0 0 
11.85 0 0 0 
11.95 0 0 0 
