# Format: McCode with text headers
# URL: http://www.mccode.org
# Creator:  3.8.5, git
# Instrument: eqsans_cylinder.instr
# Ncount: 5000000
# Trace: no
# Gravitation: no
# Seed: 1790193664044208
# Directory: /Users/georgeyumnam/WORK/PANRAID/PaNRAID-results/Group2/panraidproject/dataset_cylinder/cyl_000533
# Param: gx=0
# Param: gy=0
# Param: sample_on=1
# Param: bs_radius=0
# Param: samp_ap=0.01
# Param: sld=1.39477
# Param: sld_solvent=1
# Param: radius=31.9428
# Param: length=478.845
# Param: pd_radius=0.222274
# Param: pd_length=0.205292
# Param: model_scale=1
# Param: model_abs=0
# Date: Wed Sep 23 22:01:21 2026 (1790193681)
# type: array_1d(100)
# Source: EQ_SANS_cylinder (eqsans_cylinder.instr)
# component: qmon
# position: 0 0 22.281
# title: QMonitor - Radially averaged distribution
# Ncount: 5000000
# filename: rdet.dat
# statistics: X0=0.0921793; dX=0.0878638;
# signal: Min=1.88464e+10; Max=3.52856e+12; Mean=6.38278e+11;
# values: 6.38278e+13 1.61983e+12 159911
# xvar: r
# yvar: (I,I_err)
# xlabel: Radius [m]
# ylabel: I(r)
# xlimits: 0 0.5
# variables: r I I_err N
0.0025 2.48416888e+12 7.777300234e+11 18 
0.0075 3.528557854e+12 1.081268781e+12 37 
0.0125 2.422291168e+12 4.055948814e+11 78 
0.0175 2.81466659e+12 3.681066458e+11 119 
0.0225 2.532775366e+12 3.115216966e+11 140 
0.0275 2.645214553e+12 3.04631115e+11 162 
0.0325 2.294651946e+12 2.576824228e+11 184 
0.0375 2.759283129e+12 2.543644786e+11 256 
0.0425 2.177508449e+12 2.001268044e+11 261 
0.0475 2.485573249e+12 2.091663785e+11 321 
0.0525 2.338989358e+12 2.060870368e+11 329 
0.0575 2.245121602e+12 1.596300605e+11 406 
0.0625 1.681391396e+12 1.479427373e+11 349 
0.0675 1.891689609e+12 1.329540237e+11 415 
0.0725 1.554540836e+12 1.01333935e+11 481 
0.0775 1.526645098e+12 1.118022355e+11 476 
0.0825 1.259230249e+12 7.854652841e+10 516 
0.0875 1.468620182e+12 9.23459118e+10 580 
0.0925 1.266693029e+12 7.714928544e+10 595 
0.0975 1.093578385e+12 6.404412737e+10 612 
0.1025 1.095720255e+12 6.574603717e+10 641 
0.1075 1.061583951e+12 6.152180318e+10 680 
0.1125 1.100494871e+12 6.012236476e+10 759 
0.1175 9.237522363e+11 4.927124815e+10 758 
0.1225 8.273559309e+11 4.626136727e+10 736 
0.1275 8.067672171e+11 4.074624293e+10 812 
0.1325 7.668597044e+11 3.842430948e+10 847 
0.1375 7.776174716e+11 3.776097717e+10 890 
0.1425 7.159388725e+11 3.357873108e+10 910 
0.1475 6.266310934e+11 2.975489325e+10 941 
0.1525 6.664257415e+11 2.969673847e+10 1046 
0.1575 5.779001074e+11 2.609159636e+10 985 
0.1625 5.958296327e+11 2.730167107e+10 1042 
0.1675 5.713104465e+11 2.460132683e+10 1092 
0.1725 5.355212884e+11 2.297225911e+10 1114 
0.1775 4.835922408e+11 2.101581322e+10 1088 
0.1825 4.966166427e+11 2.072813772e+10 1201 
0.1875 4.403082171e+11 1.782625834e+10 1176 
0.1925 4.064543843e+11 1.691176341e+10 1215 
0.1975 4.210233923e+11 1.705422442e+10 1287 
0.2025 3.86753467e+11 1.659146655e+10 1229 
0.2075 3.699563147e+11 1.420321882e+10 1342 
0.2125 3.544077002e+11 1.313162426e+10 1409 
0.2175 3.313637121e+11 1.259236695e+10 1385 
0.2225 3.056389244e+11 1.204941833e+10 1354 
0.2275 3.126730575e+11 1.141663563e+10 1485 
0.2325 2.879735213e+11 1.06537011e+10 1474 
0.2375 2.668257056e+11 9789470776 1546 
0.2425 2.513357971e+11 9364638552 1551 
0.2475 2.478005959e+11 9053409380 1569 
0.2525 2.369068957e+11 8893312408 1612 
0.2575 2.294760877e+11 8232646848 1681 
0.2625 2.055498786e+11 7338304491 1671 
0.2675 1.958629455e+11 7233299059 1675 
0.2725 1.877263656e+11 6949420089 1733 
0.2775 1.75394023e+11 6285637492 1733 
0.2825 1.661610084e+11 6037575281 1724 
0.2875 1.621526623e+11 5710051101 1813 
0.2925 1.601779004e+11 5644284919 1901 
0.2975 1.433770394e+11 5030123811 1929 
0.3025 1.398249813e+11 4896331149 1976 
0.3075 1.342370857e+11 4707697314 1963 
0.3125 1.232615576e+11 4481594935 1928 
0.3175 1.127282176e+11 3992758252 1977 
0.3225 1.136624233e+11 3921477190 2056 
0.3275 1.180529597e+11 4054913352 2154 
0.3325 1.077524361e+11 3738338249 2218 
0.3375 1.004121196e+11 3500984962 2117 
0.3425 8.942330782e+10 3042292955 2131 
0.3475 9.248054638e+10 3200684619 2274 
0.3525 8.739593909e+10 3009139245 2307 
0.3575 8.030008036e+10 2774386794 2270 
0.3625 7.696475771e+10 2638612369 2297 
0.3675 7.369552714e+10 2492757976 2415 
0.3725 7.074643446e+10 2399778938 2443 
0.3775 6.484071557e+10 2238982596 2387 
0.3825 6.344656344e+10 2143379735 2471 
0.3875 5.909763952e+10 2049901106 2502 
0.3925 5.223522392e+10 1824228014 2446 
0.3975 5.408682614e+10 1886649337 2491 
0.4025 5.372635892e+10 1860230731 2617 
0.4075 4.872653295e+10 1646940997 2558 
0.4125 4.417105147e+10 1539908020 2605 
0.4175 4.383123256e+10 1492889982 2703 
0.4225 4.127149625e+10 1422025690 2728 
0.4275 3.955886439e+10 1352348205 2752 
0.4325 3.96974377e+10 1387136239 2774 
0.4375 3.577196096e+10 1206419353 2827 
0.4425 3.404027e+10 1184894261 2819 
0.4475 3.343363436e+10 1125482938 2881 
0.4525 3.156557932e+10 1050993693 2934 
0.4575 3.081471984e+10 1034979613 2916 
0.4625 2.574213619e+10 890375631 2916 
0.4675 2.675568502e+10 915901764.9 3018 
0.4725 2.508551433e+10 838674980.4 3074 
0.4775 2.612342711e+10 903611335.2 3117 
0.4825 2.305612714e+10 813290547.8 3023 
0.4875 2.339027421e+10 776696054.4 3181 
0.4925 2.118672983e+10 731152140.6 3076 
0.4975 1.884642805e+10 646567735.4 3198 
