# Format: McCode with text headers
# URL: http://www.mccode.org
# Creator:  3.8.5, git
# Instrument: eqsans_sans.instr
# Ncount: 10000000
# Trace: no
# Gravitation: no
# Seed: 1790173364313705
# Directory: /Users/georgeyumnam/WORK/PANRAID/PaNRAID-results/Group2/panraidproject/scan_sans_nosample/x-20_y-05
# Param: gx=-0.02
# Param: gy=-0.005
# Param: sample_on=0
# Param: R_sphere=100
# Param: Phi=0.01
# Param: bs_radius=0
# Param: samp_ap=0.01
# Date: Wed Sep 23 16:23:19 2026 (1790173399)
# type: array_1d(120)
# Source: EQ_SANS_sample (eqsans_sans.instr)
# component: lambda_det
# position: 0 0 22.28
# title: Wavelength monitor
# Ncount: 10000000
# filename: lambda_det.dat
# statistics: X0=3.83559; dX=0.935678;
# signal: Min=0; Max=173154; Mean=20559.9;
# values: 2.46719e+06 44326.1 3181
# xvar: L
# yvar: (I,I_err)
# xlabel: Wavelength [AA]
# ylabel: Intensity
# xlimits: 0 12
# variables: L I I_err N
0.05 0 0 0 
0.15 0 0 0 
0.25 0 0 0 
0.35 0 0 0 
0.45 0 0 0 
0.55 0 0 0 
0.65 0 0 0 
0.75 0 0 0 
0.85 0 0 0 
0.95 0 0 0 
1.05 0 0 0 
1.15 0 0 0 
1.25 0 0 0 
1.35 0 0 0 
1.45 0 0 0 
1.55 0 0 0 
1.65 0 0 0 
1.75 0 0 0 
1.85 0 0 0 
1.95 0 0 0 
2.05 0 0 0 
2.15 0 0 0 
2.25 704.7389176 704.7389176 1 
2.35 2810.202637 1446.466949 4 
2.45 11765.59282 3076.777726 15 
2.55 8938.519253 2516.683467 13 
2.65 41978.88454 5771.637059 54 
2.75 109823.8957 9231.168717 145 
2.85 173154.1891 11683.88321 226 
2.95 164481.2234 11410.77486 214 
3.05 142620.0622 10682.24245 183 
3.15 127717.8428 10065.99926 166 
3.25 116361.2711 9679.893346 148 
3.35 116458.2431 9661.021516 149 
3.45 107074.1987 9222.75392 138 
3.55 110844.2168 9278.122437 147 
3.65 98680.47832 8901.662498 126 
3.75 83610.29748 8156.40286 108 
3.85 88519.53385 8394.401259 114 
3.95 68273.02428 7413.557483 87 
4.05 76430.82348 7866.147825 97 
4.15 73467.70166 7674.416251 94 
4.25 70436.74697 7517.664335 90 
4.35 63492.92787 7108.983101 82 
4.45 59356.35823 6992.410561 74 
4.55 53228.87045 6544.086462 68 
4.65 41580.1284 5741.039185 54 
4.75 52334.65906 6421.582849 68 
4.85 37031.55354 5465.896721 47 
4.95 38158.75352 5537.294723 49 
5.05 35054.35035 5241.565996 46 
5.15 31845.96042 4919.434589 43 
5.25 29914.48447 4857.29427 39 
5.35 24778.52106 4502.190281 31 
5.45 22410.64401 4293.881365 28 
5.55 12802.70507 3248.206513 16 
5.65 22124.53093 4162.673692 29 
5.75 16728.94397 3616.248744 22 
5.85 18740.26245 3877.190437 24 
5.95 26354.36964 4575.403813 34 
6.05 24216.54885 4410.49254 31 
6.15 21722.73743 4293.234323 26 
6.25 15451.18291 3583.196588 19 
6.35 20814.24129 4127.798952 26 
6.45 4893.294421 2021.145333 6 
6.55 0 0 0 
6.65 0 0 0 
6.75 0 0 0 
6.85 0 0 0 
6.95 0 0 0 
7.05 0 0 0 
7.15 0 0 0 
7.25 0 0 0 
7.35 0 0 0 
7.45 0 0 0 
7.55 0 0 0 
7.65 0 0 0 
7.75 0 0 0 
7.85 0 0 0 
7.95 0 0 0 
8.05 0 0 0 
8.15 0 0 0 
8.25 0 0 0 
8.35 0 0 0 
8.45 0 0 0 
8.55 0 0 0 
8.65 0 0 0 
8.75 0 0 0 
8.85 0 0 0 
8.95 0 0 0 
9.05 0 0 0 
9.15 0 0 0 
9.25 0 0 0 
9.35 0 0 0 
9.45 0 0 0 
9.55 0 0 0 
9.65 0 0 0 
9.75 0 0 0 
9.85 0 0 0 
9.95 0 0 0 
10.05 0 0 0 
10.15 0 0 0 
10.25 0 0 0 
10.35 0 0 0 
10.45 0 0 0 
10.55 0 0 0 
10.65 0 0 0 
10.75 0 0 0 
10.85 0 0 0 
10.95 0 0 0 
11.05 0 0 0 
11.15 0 0 0 
11.25 0 0 0 
11.35 0 0 0 
11.45 0 0 0 
11.55 0 0 0 
11.65 0 0 0 
11.75 0 0 0 
11.85 0 0 0 
11.95 0 0 0 
