# Format: McCode with text headers
# URL: http://www.mccode.org
# Creator:  3.8.5, git
# Instrument: eqsans_1_fixed.instr
# Ncount: 1000000
# Trace: no
# Gravitation: no
# Seed: 1790169558300943
# Directory: /Users/georgeyumnam/WORK/PANRAID/PaNRAID-results/Group2/panraidproject/scan_guide_xy/x-15_y+05
# Param: gx=-0.015
# Param: gy=0.005
# Date: Wed Sep 23 15:19:22 2026 (1790169562)
# type: array_1d(120)
# Source: EQ_SANS (eqsans_1_fixed.instr)
# component: lambda_det
# position: 0 0 22.28
# title: Wavelength monitor
# Ncount: 1000000
# filename: lambda_det.dat
# statistics: X0=4.01245; dX=0.977179;
# signal: Min=0; Max=3.00371e+06; Mean=461778;
# values: 5.54134e+07 591571 16180
# xvar: L
# yvar: (I,I_err)
# xlabel: Wavelength [AA]
# ylabel: Intensity
# xlimits: 0 12
# variables: L I I_err N
0.05 0 0 0 
0.15 0 0 0 
0.25 0 0 0 
0.35 0 0 0 
0.45 0 0 0 
0.55 0 0 0 
0.65 0 0 0 
0.75 0 0 0 
0.85 0 0 0 
0.95 0 0 0 
1.05 0 0 0 
1.15 0 0 0 
1.25 0 0 0 
1.35 0 0 0 
1.45 0 0 0 
1.55 0 0 0 
1.65 0 0 0 
1.75 0 0 0 
1.85 0 0 0 
1.95 0 0 0 
2.05 0 0 0 
2.15 8822.824354 8822.824354 1 
2.25 21696.78235 13129.06629 6 
2.35 24542.92272 13166.32539 6 
2.45 94649.40436 24829.78731 25 
2.55 197263.2832 34772.78409 57 
2.65 532762.7244 58631.52379 146 
2.75 1616115.28 101372.778 439 
2.85 2720412.717 131656.8168 780 
2.95 3003712.988 139242.2944 854 
3.05 2820892.771 134582.7767 818 
3.15 2784307.549 135035.6136 802 
3.25 2537725.747 126823.3111 778 
3.35 2549650.069 127328.8647 749 
3.45 2535394.562 127307.5942 712 
3.55 2084455.172 114693.068 647 
3.65 2200659.935 118488.2517 666 
3.75 2047475.55 114988.2072 567 
3.85 1900651.592 109984.448 568 
3.95 1822599.6 106613.4842 523 
4.05 1792022.361 106207.542 512 
4.15 1790875.072 105189.9438 502 
4.25 1676574.038 102020.8935 462 
4.35 1258657.323 87116.44584 390 
4.45 1437276.37 95625.29706 425 
4.55 1251465.494 87995.63261 393 
4.65 1192738.888 85198.21545 361 
4.75 1107082.138 84008.41334 319 
4.85 1205365.364 87876.9901 347 
4.95 1029040.291 78991.66752 329 
5.05 1007604.864 78917.69905 301 
5.15 917516.0225 74740.07411 301 
5.25 824269.0308 71365.01564 267 
5.35 786041.3729 68409.7789 249 
5.45 798113.8118 69952.075 226 
5.55 736772.6414 68483.44743 219 
5.65 757840.3872 67628.87337 219 
5.75 673672.095 65753.56848 202 
5.85 698513.449 66394.06975 188 
5.95 553090.3219 58357.48865 169 
6.05 631186.1925 62598.76461 165 
6.15 565763.3534 60964.26182 144 
6.25 449823.5025 54816.52548 127 
6.35 414520.6733 51597.64282 114 
6.45 266779.9316 40723.7138 75 
6.55 85908.5796 24924.59428 28 
6.65 1077.437724 1319.586327 2 
6.75 0 0 0 
6.85 0 0 0 
6.95 0 0 0 
7.05 0 0 0 
7.15 0 0 0 
7.25 0 0 0 
7.35 0 0 0 
7.45 0 0 0 
7.55 0 0 0 
7.65 0 0 0 
7.75 0 0 0 
7.85 0 0 0 
7.95 0 0 0 
8.05 0 0 0 
8.15 0 0 0 
8.25 0 0 0 
8.35 0 0 0 
8.45 0 0 0 
8.55 0 0 0 
8.65 0 0 0 
8.75 0 0 0 
8.85 0 0 0 
8.95 0 0 0 
9.05 0 0 0 
9.15 0 0 0 
9.25 0 0 0 
9.35 0 0 0 
9.45 0 0 0 
9.55 0 0 0 
9.65 0 0 0 
9.75 0 0 0 
9.85 0 0 0 
9.95 0 0 0 
10.05 0 0 0 
10.15 0 0 0 
10.25 0 0 0 
10.35 0 0 0 
10.45 0 0 0 
10.55 0 0 0 
10.65 0 0 0 
10.75 0 0 0 
10.85 0 0 0 
10.95 0 0 0 
11.05 0 0 0 
11.15 0 0 0 
11.25 0 0 0 
11.35 0 0 0 
11.45 0 0 0 
11.55 0 0 0 
11.65 0 0 0 
11.75 0 0 0 
11.85 0 0 0 
11.95 0 0 0 
