# Format: McCode with text headers
# URL: http://www.mccode.org
# Creator:  3.8.5, git
# Instrument: eqsans_1_fixed.instr
# Ncount: 1000000
# Trace: no
# Gravitation: no
# Seed: 1790169953497314
# Directory: /Users/georgeyumnam/WORK/PANRAID/PaNRAID-results/Group2/panraidproject/scan_guide_xy/x+10_y+12
# Param: gx=0.01
# Param: gy=0.012
# Date: Wed Sep 23 15:25:57 2026 (1790169957)
# type: array_1d(120)
# Source: EQ_SANS (eqsans_1_fixed.instr)
# component: lambda_det
# position: 0 0 22.28
# title: Wavelength monitor
# Ncount: 1000000
# filename: lambda_det.dat
# statistics: X0=4.08171; dX=0.977659;
# signal: Min=0; Max=2.52517e+06; Mean=394353;
# values: 4.73223e+07 535798 15077
# xvar: L
# yvar: (I,I_err)
# xlabel: Wavelength [AA]
# ylabel: Intensity
# xlimits: 0 12
# variables: L I I_err N
0.05 0 0 0 
0.15 0 0 0 
0.25 0 0 0 
0.35 0 0 0 
0.45 0 0 0 
0.55 0 0 0 
0.65 0 0 0 
0.75 0 0 0 
0.85 0 0 0 
0.95 0 0 0 
1.05 0 0 0 
1.15 0 0 0 
1.25 0 0 0 
1.35 0 0 0 
1.45 0 0 0 
1.55 0 0 0 
1.65 0 0 0 
1.75 0 0 0 
1.85 0 0 0 
1.95 0 0 0 
2.05 0 0 0 
2.15 0 0 0 
2.25 108.8844519 108.8844519 1 
2.35 22793.00027 12507.06808 9 
2.45 54567.77166 19990.85628 17 
2.55 128579.2109 27778.06741 44 
2.65 297757.3355 44369.64195 97 
2.75 660753.8749 63838.21323 274 
2.85 1761959.788 105036.5783 579 
2.95 2525166.868 125127.0075 831 
3.05 2409352.468 123234.5477 771 
3.15 2372340.446 121733.3822 753 
3.25 2454354.521 124365.0099 759 
3.35 1879497.014 106146.5737 668 
3.45 2029485.739 111424.5814 654 
3.55 2082137.107 112285.971 649 
3.65 1974598.986 110326.5028 591 
3.75 1811106.12 104340.1615 575 
3.85 1717184.216 102376.6304 539 
3.95 1574256.679 95921.09404 521 
4.05 1539613.119 95749.10627 487 
4.15 1502540.923 95689.58657 460 
4.25 1328951.141 89148.5381 386 
4.35 1265037.796 83989.45319 413 
4.45 1154519.586 79830.7882 387 
4.55 1307201.575 90905.96129 390 
4.65 1327547.879 91544.19577 394 
4.75 1123777.553 83261.51308 331 
4.85 854713.4883 69955.28585 295 
4.95 1011938.192 77868.28316 311 
5.05 844818.8992 70980.03463 274 
5.15 795591.574 68218.6711 265 
5.25 782240.2758 70431.46947 238 
5.35 691434.1116 62631.08408 231 
5.45 680607.8158 64685.29982 217 
5.55 657784.0424 62083.09204 227 
5.65 652821.1656 62152.87579 203 
5.75 639357.9969 61319.5588 195 
5.85 507108.6203 55746.25801 147 
5.95 482547.0795 54369.14605 144 
6.05 504262.8103 54738.26725 171 
6.15 457084.1428 51752.04228 150 
6.25 463292.4948 52201.29812 148 
6.35 374691.465 47094.18242 112 
6.45 384545.7856 48446.08605 106 
6.55 192313.1197 33690.2492 54 
6.65 39977.08005 16724.9791 9 
6.75 0 0 0 
6.85 0 0 0 
6.95 0 0 0 
7.05 0 0 0 
7.15 0 0 0 
7.25 0 0 0 
7.35 0 0 0 
7.45 0 0 0 
7.55 0 0 0 
7.65 0 0 0 
7.75 0 0 0 
7.85 0 0 0 
7.95 0 0 0 
8.05 0 0 0 
8.15 0 0 0 
8.25 0 0 0 
8.35 0 0 0 
8.45 0 0 0 
8.55 0 0 0 
8.65 0 0 0 
8.75 0 0 0 
8.85 0 0 0 
8.95 0 0 0 
9.05 0 0 0 
9.15 0 0 0 
9.25 0 0 0 
9.35 0 0 0 
9.45 0 0 0 
9.55 0 0 0 
9.65 0 0 0 
9.75 0 0 0 
9.85 0 0 0 
9.95 0 0 0 
10.05 0 0 0 
10.15 0 0 0 
10.25 0 0 0 
10.35 0 0 0 
10.45 0 0 0 
10.55 0 0 0 
10.65 0 0 0 
10.75 0 0 0 
10.85 0 0 0 
10.95 0 0 0 
11.05 0 0 0 
11.15 0 0 0 
11.25 0 0 0 
11.35 0 0 0 
11.45 0 0 0 
11.55 0 0 0 
11.65 0 0 0 
11.75 0 0 0 
11.85 0 0 0 
11.95 0 0 0 
