# Format: McCode with text headers
# URL: http://www.mccode.org
# Creator:  3.8.5, git
# Instrument: eqsans_cylinder.instr
# Ncount: 5000000
# Trace: no
# Gravitation: no
# Seed: 1790193055828831
# Directory: /Users/georgeyumnam/WORK/PANRAID/PaNRAID-results/Group2/panraidproject/dataset_cylinder/cyl_000197
# Param: gx=0
# Param: gy=0
# Param: sample_on=1
# Param: bs_radius=0
# Param: samp_ap=0.01
# Param: sld=4.81689
# Param: sld_solvent=1
# Param: radius=54.7339
# Param: length=249.259
# Param: pd_radius=0.093837
# Param: pd_length=0.176312
# Param: model_scale=1
# Param: model_abs=0
# Date: Wed Sep 23 21:51:13 2026 (1790193073)
# type: array_1d(100)
# Source: EQ_SANS_cylinder (eqsans_cylinder.instr)
# component: qmon
# position: 0 0 22.281
# title: QMonitor - Distribution in q (Radially averaged)
# Ncount: 5000000
# filename: qdet.dat
# statistics: X0=0.0146225; dX=0.0127282;
# signal: Min=2.23415e+11; Max=2.88646e+15; Mean=3.66225e+14;
# values: 3.66225e+16 7.37436e+14 250982
# xvar: q
# yvar: (I,I_err)
# xlabel: q [1 / AA]
# ylabel: I(q)
# xlimits: 0 0.151561
# variables: q I I_err N
0.0007578035702 2.860019585e+15 5.191182278e+14 46 
0.002273410711 2.886458953e+15 3.062753582e+14 150 
0.003789017851 2.559839895e+15 2.385184483e+14 211 
0.005304624991 2.540826095e+15 1.808722911e+14 303 
0.006820232132 2.052160883e+15 1.414791431e+14 338 
0.008335839272 2.172397053e+15 1.299329377e+14 433 
0.009851446413 2.232779415e+15 1.188331608e+14 554 
0.01136705355 1.846942722e+15 9.86107072e+13 578 
0.01288266069 1.687673325e+15 8.29265784e+13 692 
0.01439826783 1.657930861e+15 7.890427314e+13 783 
0.01591387497 1.494299622e+15 6.859590817e+13 848 
0.01742948211 1.445703893e+15 6.206069439e+13 951 
0.01894508925 1.230830028e+15 5.151540928e+13 986 
0.0204606964 1.107471886e+15 4.421733535e+13 1071 
0.02197630354 1.040834017e+15 4.010814816e+13 1152 
0.02349191068 9.191896011e+14 3.472095643e+13 1237 
0.02500751782 8.309007203e+14 2.905714095e+13 1372 
0.02652312496 7.511303593e+14 2.710666213e+13 1378 
0.0280387321 6.465912612e+14 2.214326816e+13 1499 
0.02955433924 6.001617637e+14 1.970031062e+13 1602 
0.03106994638 5.386537567e+14 1.700568231e+13 1718 
0.03258555352 4.706182963e+14 1.445125103e+13 1792 
0.03410116066 4.150300199e+14 1.268823626e+13 1884 
0.0356167678 3.605734456e+14 1.08345101e+13 1999 
0.03713237494 3.113070741e+14 9.559578995e+12 1949 
0.03864798208 2.761376268e+14 8.17438158e+12 2079 
0.04016358922 2.381281326e+14 6.895394846e+12 2193 
0.04167919636 2.051887743e+14 5.848302332e+12 2231 
0.0431948035 1.867740382e+14 5.200411752e+12 2405 
0.04471041064 1.521991051e+14 4.07100122e+12 2482 
0.04622601778 1.388326044e+14 3.811925973e+12 2594 
0.04774162492 1.167198002e+14 3.206189711e+12 2616 
0.04925723206 9.451814903e+13 2.551763541e+12 2679 
0.0507728392 7.698036915e+13 2.126177818e+12 2685 
0.05228844634 6.638642429e+13 1.822981524e+12 2797 
0.05380405348 5.484415805e+13 1.441314548e+12 2958 
0.05531966062 4.612788813e+13 1.205818591e+12 3051 
0.05683526776 3.698466194e+13 1.028720625e+12 3080 
0.05835087491 3.099469018e+13 8.657841735e+11 3192 
0.05986648205 2.441819115e+13 6.700937171e+11 3185 
0.06138208919 1.989800317e+13 5.788116349e+11 3281 
0.06289769633 1.599887897e+13 4.337107079e+11 3346 
0.06441330347 1.380621981e+13 3.775522858e+11 3426 
0.06592891061 1.098638181e+13 2.969872445e+11 3405 
0.06744451775 9.257899551e+12 2.443526576e+11 3516 
0.06896012489 7.831484832e+12 2.007346613e+11 3484 
0.07047573203 6.957792248e+12 1.70521662e+11 3701 
0.07199133917 6.284846153e+12 1.516121606e+11 3623 
0.07350694631 5.708207686e+12 1.306424418e+11 3637 
0.07502255345 5.470008493e+12 1.205964082e+11 3732 
0.07653816059 5.523554611e+12 1.228185157e+11 3774 
0.07805376773 5.073545474e+12 1.13889438e+11 3689 
0.07956937487 5.188641973e+12 1.131059773e+11 3810 
0.08108498201 5.241781837e+12 1.148730243e+11 3734 
0.08260058915 5.403888187e+12 1.14760727e+11 3812 
0.08411619629 5.402680796e+12 1.135837156e+11 3814 
0.08563180343 5.308964817e+12 1.123512111e+11 3701 
0.08714741057 5.462742626e+12 1.130128893e+11 3791 
0.08866301771 5.27608636e+12 1.062611736e+11 3895 
0.09017862485 5.103155403e+12 1.022698405e+11 3782 
0.09169423199 5.048596957e+12 1.014399881e+11 3761 
0.09320983913 4.888252614e+12 9.685439909e+10 3772 
0.09472544627 4.684261415e+12 9.299020087e+10 3719 
0.09624105341 4.301273101e+12 8.605148898e+10 3693 
0.09775666056 4.066928937e+12 8.049554563e+10 3652 
0.0992722677 3.854683265e+12 7.504095373e+10 3702 
0.1007878748 3.607160932e+12 7.240766553e+10 3553 
0.102303482 3.162670094e+12 6.41213598e+10 3480 
0.1038190891 2.893754197e+12 5.904252876e+10 3439 
0.1053346963 2.658492418e+12 5.554098745e+10 3333 
0.1068503034 2.317030231e+12 4.914511814e+10 3314 
0.1083659105 2.153890113e+12 4.567645209e+10 3335 
0.1098815177 1.923286262e+12 4.164558361e+10 3252 
0.1113971248 1.706503025e+12 3.664830852e+10 3322 
0.112912732 1.506929357e+12 3.363011048e+10 3149 
0.1144283391 1.353414269e+12 3.05107338e+10 3191 
0.1159439462 1.189532032e+12 2.729159112e+10 3101 
0.1174595534 9.896815717e+11 2.33138503e+10 2973 
0.1189751605 9.262176952e+11 2.194455723e+10 3003 
0.1204907677 7.839123137e+11 1.91269e+10 2854 
0.1220063748 6.990778967e+11 1.685850753e+10 2846 
0.1235219819 6.445232845e+11 1.595114936e+10 2737 
0.1250375891 5.482921609e+11 1.365345667e+10 2715 
0.1265531962 5.257550444e+11 1.347944466e+10 2669 
0.1280688034 4.665877712e+11 1.212800625e+10 2575 
0.1295844105 4.439275209e+11 1.139783996e+10 2546 
0.1311000176 4.146300956e+11 1.079666851e+10 2469 
0.1326156248 3.980850777e+11 1.052299478e+10 2381 
0.1341312319 3.830765841e+11 1.022544479e+10 2348 
0.1356468391 3.53526619e+11 9566192095 2268 
0.1371624462 3.31900103e+11 9174354266 2144 
0.1386780533 3.310546258e+11 9218284755 2098 
0.1401936605 3.253260963e+11 9135282463 2068 
0.1417092676 3.085841482e+11 8722009782 2041 
0.1432248748 2.982020581e+11 8310986986 1993 
0.1447404819 2.730238992e+11 7815388488 1864 
0.146256089 2.655630039e+11 7623206338 1811 
0.1477716962 2.620956914e+11 7599094916 1779 
0.1492873033 2.46878603e+11 7276451059 1680 
0.1508029105 2.234151919e+11 6663986329 1646 
