# Format: McCode with text headers
# URL: http://www.mccode.org
# Creator:  3.8.5, git
# Instrument: eqsans_cylinder.instr
# Ncount: 5000000
# Trace: no
# Gravitation: no
# Seed: 1790193394643941
# Directory: /Users/georgeyumnam/WORK/PANRAID/PaNRAID-results/Group2/panraidproject/dataset_cylinder/cyl_000383
# Param: gx=0
# Param: gy=0
# Param: sample_on=1
# Param: bs_radius=0
# Param: samp_ap=0.01
# Param: sld=4.88358
# Param: sld_solvent=1
# Param: radius=49.1805
# Param: length=239.577
# Param: pd_radius=0.129433
# Param: pd_length=0.264159
# Param: model_scale=1
# Param: model_abs=0
# Date: Wed Sep 23 21:56:52 2026 (1790193412)
# type: array_1d(120)
# Source: EQ_SANS_cylinder (eqsans_cylinder.instr)
# component: lambda_det
# position: 0 0 22.28
# title: Wavelength monitor
# Ncount: 5000000
# filename: lambda_det.dat
# statistics: X0=4.34769; dX=1.02573;
# signal: Min=0; Max=6.42717e+10; Mean=1.27889e+10;
# values: 1.53466e+12 1.11249e+10 282286
# xvar: L
# yvar: (I,I_err)
# xlabel: Wavelength [AA]
# ylabel: Intensity
# xlimits: 0 12
# variables: L I I_err N
0.05 0 0 0 
0.15 0 0 0 
0.25 0 0 0 
0.35 0 0 0 
0.45 0 0 0 
0.55 0 0 0 
0.65 0 0 0 
0.75 0 0 0 
0.85 0 0 0 
0.95 0 0 0 
1.05 0 0 0 
1.15 0 0 0 
1.25 0 0 0 
1.35 0 0 0 
1.45 0 0 0 
1.55 0 0 0 
1.65 0 0 0 
1.75 0 0 0 
1.85 0 0 0 
1.95 0 0 0 
2.05 0 0 0 
2.15 42347098.44 21637520.31 50 
2.25 0 0 0 
2.35 124231499.1 43947625.34 200 
2.45 1081934759 449825651.5 500 
2.55 2542519767 535480334.9 1200 
2.65 7260627472 725349260.4 3400 
2.75 2.311707556e+10 1333379748 10000 
2.85 3.757076456e+10 1757916053 13099 
2.95 5.928783274e+10 2256416632 18549 
3.05 5.635542415e+10 2088493124 17899 
3.15 4.776885081e+10 2079051155 14499 
3.25 4.790511296e+10 1944079122 13999 
3.35 5.601814137e+10 2117260755 14300 
3.45 6.427168802e+10 2324538416 14999 
3.55 5.105796677e+10 1989090386 11549 
3.65 4.654420889e+10 1967222656 10849 
3.75 4.722820086e+10 1854300249 10050 
3.85 5.304747099e+10 2231898945 10399 
3.95 4.904107529e+10 2050761705 9098 
4.05 4.992437675e+10 1994432303 9050 
4.15 4.841017023e+10 2092041710 7899 
4.25 5.023533444e+10 1932441981 7800 
4.35 4.479921849e+10 1778285068 7550 
4.45 5.145808885e+10 1992688185 7350 
4.55 4.683205093e+10 1876765063 6700 
4.65 3.934848675e+10 1656901222 6050 
4.75 4.229487635e+10 1771624243 5550 
4.85 2.949035756e+10 1465089584 4000 
4.95 4.044878115e+10 1828848597 4549 
5.05 3.434017052e+10 1672370125 3900 
5.15 4.04312571e+10 1830487445 4249 
5.25 3.494979526e+10 1680746300 3950 
5.35 3.361080052e+10 1679108474 3450 
5.45 3.258541873e+10 1522189249 3350 
5.55 2.979181414e+10 1599314823 2700 
5.65 3.059536145e+10 1562874453 2850 
5.75 4.066845238e+10 1825644427 3450 
5.85 2.566101846e+10 1499182965 2300 
5.95 2.802284906e+10 1574241450 2150 
6.05 2.175361804e+10 1254672304 1750 
6.15 2.58001283e+10 1464342349 2150 
6.25 1.605282611e+10 1111938848 1450 
6.35 1.990137121e+10 1254227340 1600 
6.45 1.653436997e+10 1180701419 1150 
6.55 9797380783 876409773.7 650 
6.65 660805520.1 172963822.3 50 
6.75 0 0 0 
6.85 0 0 0 
6.95 0 0 0 
7.05 0 0 0 
7.15 0 0 0 
7.25 0 0 0 
7.35 0 0 0 
7.45 0 0 0 
7.55 0 0 0 
7.65 0 0 0 
7.75 0 0 0 
7.85 0 0 0 
7.95 0 0 0 
8.05 0 0 0 
8.15 0 0 0 
8.25 0 0 0 
8.35 0 0 0 
8.45 0 0 0 
8.55 0 0 0 
8.65 0 0 0 
8.75 0 0 0 
8.85 0 0 0 
8.95 0 0 0 
9.05 0 0 0 
9.15 0 0 0 
9.25 0 0 0 
9.35 0 0 0 
9.45 0 0 0 
9.55 0 0 0 
9.65 0 0 0 
9.75 0 0 0 
9.85 0 0 0 
9.95 0 0 0 
10.05 0 0 0 
10.15 0 0 0 
10.25 0 0 0 
10.35 0 0 0 
10.45 0 0 0 
10.55 0 0 0 
10.65 0 0 0 
10.75 0 0 0 
10.85 0 0 0 
10.95 0 0 0 
11.05 0 0 0 
11.15 0 0 0 
11.25 0 0 0 
11.35 0 0 0 
11.45 0 0 0 
11.55 0 0 0 
11.65 0 0 0 
11.75 0 0 0 
11.85 0 0 0 
11.95 0 0 0 
