# Format: McCode with text headers
# URL: http://www.mccode.org
# Creator:  3.8.5, git
# Instrument: eqsans_sans.instr
# Ncount: 10000000
# Trace: no
# Gravitation: no
# Seed: 1790184901000715
# Directory: /Users/georgeyumnam/WORK/PANRAID/PaNRAID-results/Group2/panraidproject/scan_sans_sample/x+15_y-02
# Param: gx=0.015
# Param: gy=-0.002
# Param: sample_on=1
# Param: R_sphere=100
# Param: Phi=0.01
# Param: bs_radius=0
# Param: samp_ap=0.01
# Date: Wed Sep 23 19:35:36 2026 (1790184936)
# type: array_1d(100)
# Source: EQ_SANS_sample (eqsans_sans.instr)
# component: qmon
# position: 0 0 22.281
# title: QMonitor - Distribution in q (Radially averaged)
# Ncount: 10000000
# filename: qdet.dat
# statistics: X0=0.0133849; dX=0.0100344;
# signal: Min=0; Max=3.25808e+08; Mean=2.79741e+07;
# values: 2.79741e+09 3.31759e+08 4266
# xvar: q
# yvar: (I,I_err)
# xlabel: q [1 / AA]
# ylabel: I(q)
# xlimits: 0 0.151561
# variables: q I I_err N
0.0007578035702 0 0 0 
0.002273410711 287978099.7 172069707.7 3 
0.003789017851 325807860.6 184734003.5 4 
0.005304624991 189805320.8 124185767.3 3 
0.006820232132 113368525.6 59770634.17 4 
0.008335839272 145027895.2 78504813.72 4 
0.009851446413 172962775.8 59882945.03 11 
0.01136705355 236183810.7 80858820.1 12 
0.01288266069 199409275.7 72099943.77 12 
0.01439826783 211796673.8 62088250.23 16 
0.01591387497 37059656.73 16890971.71 6 
0.01742948211 118091932.8 35588617.1 16 
0.01894508925 80237798.34 32332129.8 13 
0.0204606964 158286287 38489968.74 26 
0.02197630354 99227501.84 29826397.95 24 
0.02349191068 62127341.36 17041973.52 21 
0.02500751782 59042854.83 20287847.93 19 
0.02652312496 74830672.56 19941755.74 25 
0.0280387321 51195945.2 14522415.8 26 
0.02955433924 40277350.75 11531991.94 25 
0.03106994638 24842514.65 6964476 28 
0.03258555352 19817090.48 6287734.716 26 
0.03410116066 21933738.4 6161034.273 25 
0.0356167678 18319623.84 5547809.278 37 
0.03713237494 5436737.942 2156766.404 16 
0.03864798208 2813676.552 821739.7378 36 
0.04016358922 8923948.255 2593372.028 36 
0.04167919636 4149280.549 1259633.033 40 
0.0431948035 1990407.64 780986.099 34 
0.04471041064 1136683.261 460119.7908 32 
0.04622601778 1333992.558 917574.933 32 
0.04774162492 621051.4586 148492.3999 39 
0.04925723206 1034147.623 201638.3657 55 
0.0507728392 1296651.316 235060.8973 51 
0.05228844634 1062410.785 200454.4427 51 
0.05380405348 1686883.981 261766.6611 60 
0.05531966062 1454966.149 243270.4572 52 
0.05683526776 1566286.727 273887.0488 49 
0.05835087491 1944508.064 278089.1617 68 
0.05986648205 1146746.641 200892.5965 44 
0.06138208919 1485135.486 231480.3385 58 
0.06289769633 1434719.65 224119.3268 69 
0.06441330347 1210826.95 200568.8926 62 
0.06592891061 1020349.071 182602.8832 65 
0.06744451775 664667.0247 112519.8534 59 
0.06896012489 636139.1438 118064.8246 61 
0.07047573203 712217.2966 130062.0709 77 
0.07199133917 414659.4163 82803.76079 70 
0.07350694631 312814.1884 64720.07375 73 
0.07502255345 267345.9441 71955.34239 54 
0.07653816059 128376.4651 37547.78104 65 
0.07805376773 148459.394 31575.04279 75 
0.07956937487 143934.9754 32353.51195 63 
0.08108498201 154033.4518 37242.39684 62 
0.08260058915 180148.0331 30537.68912 67 
0.08411619629 203709.5905 33175.42046 63 
0.08563180343 224964.9749 33104.27708 77 
0.08714741057 232931.0904 34240.96122 71 
0.08866301771 209176.0954 30333.93168 67 
0.09017862485 228399.6889 32435.04322 67 
0.09169423199 289376.6815 39481.56672 77 
0.09320983913 190449.3726 28041.08094 66 
0.09472544627 230977.1608 30265.85894 72 
0.09624105341 158309.3752 24973.17361 63 
0.09775666056 185807.9256 28216.35081 74 
0.0992722677 146646.6424 22354.96212 71 
0.1007878748 109196.6799 20556.33326 53 
0.102303482 80544.95128 14851.93656 60 
0.1038190891 44954.76754 11205.01652 51 
0.1053346963 43469.13272 9823.261928 48 
0.1068503034 25066.77475 6965.748828 50 
0.1083659105 23940.58347 6042.387311 48 
0.1098815177 27176.56502 6166.387326 64 
0.1113971248 46268.39052 9046.400809 61 
0.112912732 29115.91484 5340.232166 52 
0.1144283391 32166.744 6044.41679 57 
0.1159439462 23789.99065 4333.617415 47 
0.1174595534 52342.87226 7769.159237 63 
0.1189751605 34697.34365 6444.854469 44 
0.1204907677 36897.81324 6376.422121 45 
0.1220063748 47824.45293 7582.789547 52 
0.1235219819 35700.28954 6280.784141 39 
0.1250375891 36319.21099 6551.004386 40 
0.1265531962 24515.12013 4769.005416 38 
0.1280688034 33015.18425 6172.197334 36 
0.1295844105 32142.23826 5982.270707 45 
0.1311000176 18797.7664 4762.379036 31 
0.1326156248 26450.22861 4879.359732 47 
0.1341312319 19586.18292 3955.567692 39 
0.1356468391 8750.904106 2774.651589 25 
0.1371624462 15826.65903 3003.954539 55 
0.1386780533 4096.121908 1294.361064 26 
0.1401936605 6955.631688 1970.872817 33 
0.1417092676 5222.424392 1360.23674 29 
0.1432248748 5251.614375 1361.906535 32 
0.1447404819 5618.853918 1380.570669 24 
0.146256089 5712.379919 1506.552284 30 
0.1477716962 5663.474388 1457.249719 25 
0.1492873033 2734.500529 1072.789674 11 
0.1508029105 11715.69312 2223.383564 37 
