# Format: McCode with text headers
# URL: http://www.mccode.org
# Creator:  3.8.5, git
# Instrument: eqsans_sans.instr
# Ncount: 10000000
# Trace: no
# Gravitation: no
# Seed: 1790179309081525
# Directory: /Users/georgeyumnam/WORK/PANRAID/PaNRAID-results/Group2/panraidproject/scan_sans_nosample/x+17_y-05
# Param: gx=0.017
# Param: gy=-0.005
# Param: sample_on=0
# Param: R_sphere=100
# Param: Phi=0.01
# Param: bs_radius=0
# Param: samp_ap=0.01
# Date: Wed Sep 23 18:02:24 2026 (1790179344)
# type: array_1d(120)
# Source: EQ_SANS_sample (eqsans_sans.instr)
# component: lambda_det
# position: 0 0 22.28
# title: Wavelength monitor
# Ncount: 10000000
# filename: lambda_det.dat
# statistics: X0=3.94945; dX=0.934408;
# signal: Min=0; Max=166695; Mean=22972.3;
# values: 2.75668e+06 47034.1 3543
# xvar: L
# yvar: (I,I_err)
# xlabel: Wavelength [AA]
# ylabel: Intensity
# xlimits: 0 12
# variables: L I I_err N
0.05 0 0 0 
0.15 0 0 0 
0.25 0 0 0 
0.35 0 0 0 
0.45 0 0 0 
0.55 0 0 0 
0.65 0 0 0 
0.75 0 0 0 
0.85 0 0 0 
0.95 0 0 0 
1.05 0 0 0 
1.15 0 0 0 
1.25 0 0 0 
1.35 0 0 0 
1.45 0 0 0 
1.55 0 0 0 
1.65 0 0 0 
1.75 0 0 0 
1.85 0 0 0 
1.95 0 0 0 
2.05 0 0 0 
2.15 0 0 0 
2.25 0 0 0 
2.35 3325.152954 1678.8989 4 
2.45 3082.444369 1618.65334 4 
2.55 7700.708759 2477.934415 10 
2.65 13258.84458 3364.122071 16 
2.75 40009.47509 5792.594552 49 
2.85 121232.6552 10063.04903 149 
2.95 166695.0938 11638.29227 212 
3.05 163327.5169 11389.45467 213 
3.15 159186.6802 11238.57941 207 
3.25 162750.7097 11453.20972 208 
3.35 124350.0139 10022.08369 159 
3.45 136018.3216 10487.48438 173 
3.55 150448.3338 11000.73303 193 
3.65 139591.7991 10665.94034 176 
3.75 115786.8763 9635.353355 149 
3.85 103610.6351 9053.620839 135 
3.95 89856.50318 8567.796055 113 
4.05 71929.46313 7500.691991 95 
4.15 79637.95312 8005.261065 102 
4.25 74832.08174 7636.729564 99 
4.35 74985.92024 7657.905921 99 
4.45 54142.41702 6630.329098 69 
4.55 61737.78558 6977.833625 81 
4.65 57761.33136 6784.635929 75 
4.75 40110.94737 5702.675123 51 
4.85 70452.05329 7372.68055 95 
4.95 45315.76591 6006.275384 59 
5.05 41292.93072 5691.9523 54 
5.15 39618.07054 5618.815171 51 
5.25 31727.13366 5138.361872 39 
5.35 28363.44887 4745.852051 37 
5.45 33079.53644 5185.897577 42 
5.55 34632.30484 5337.55352 43 
5.65 28676.78881 4779.209242 37 
5.75 24425.90309 4367.834437 32 
5.85 28822.88841 4829.694622 37 
5.95 23932.97279 4314.594555 32 
6.05 21538.56755 4146.499854 28 
6.15 24650.49324 4405.489691 32 
6.25 23074.50065 4360.854476 29 
6.35 19028.01349 3849.278241 25 
6.45 15529.90428 3528.958675 20 
6.55 5674.02238 2046.946955 8 
6.65 1470.140012 1044.201339 2 
6.75 0 0 0 
6.85 0 0 0 
6.95 0 0 0 
7.05 0 0 0 
7.15 0 0 0 
7.25 0 0 0 
7.35 0 0 0 
7.45 0 0 0 
7.55 0 0 0 
7.65 0 0 0 
7.75 0 0 0 
7.85 0 0 0 
7.95 0 0 0 
8.05 0 0 0 
8.15 0 0 0 
8.25 0 0 0 
8.35 0 0 0 
8.45 0 0 0 
8.55 0 0 0 
8.65 0 0 0 
8.75 0 0 0 
8.85 0 0 0 
8.95 0 0 0 
9.05 0 0 0 
9.15 0 0 0 
9.25 0 0 0 
9.35 0 0 0 
9.45 0 0 0 
9.55 0 0 0 
9.65 0 0 0 
9.75 0 0 0 
9.85 0 0 0 
9.95 0 0 0 
10.05 0 0 0 
10.15 0 0 0 
10.25 0 0 0 
10.35 0 0 0 
10.45 0 0 0 
10.55 0 0 0 
10.65 0 0 0 
10.75 0 0 0 
10.85 0 0 0 
10.95 0 0 0 
11.05 0 0 0 
11.15 0 0 0 
11.25 0 0 0 
11.35 0 0 0 
11.45 0 0 0 
11.55 0 0 0 
11.65 0 0 0 
11.75 0 0 0 
11.85 0 0 0 
11.95 0 0 0 
