# Format: McCode with text headers
# URL: http://www.mccode.org
# Creator:  3.8.5, git
# Instrument: eqsans_cylinder.instr
# Ncount: 5000000
# Trace: no
# Gravitation: no
# Seed: 1790193233651189
# Directory: /Users/georgeyumnam/WORK/PANRAID/PaNRAID-results/Group2/panraidproject/dataset_cylinder/cyl_000292
# Param: gx=0
# Param: gy=0
# Param: sample_on=1
# Param: bs_radius=0
# Param: samp_ap=0.01
# Param: sld=5.47401
# Param: sld_solvent=1
# Param: radius=20.2029
# Param: length=721.694
# Param: pd_radius=0.123416
# Param: pd_length=0.219258
# Param: model_scale=1
# Param: model_abs=0
# Date: Wed Sep 23 21:54:11 2026 (1790193251)
# type: array_1d(100)
# Source: EQ_SANS_cylinder (eqsans_cylinder.instr)
# component: qmon
# position: 0 0 22.281
# title: QMonitor - Radially averaged distribution
# Ncount: 5000000
# filename: rdet.dat
# statistics: X0=0.113641; dX=0.110522;
# signal: Min=2.38963e+12; Max=9.8685e+13; Mean=2.10178e+13;
# values: 2.10178e+15 4.55935e+13 159154
# xvar: r
# yvar: (I,I_err)
# xlabel: Radius [m]
# ylabel: I(r)
# xlimits: 0 0.5
# variables: r I I_err N
0.0025 9.494423628e+13 3.51288485e+13 13 
0.0075 9.868502179e+13 1.719279796e+13 48 
0.0125 7.009648423e+13 1.057867077e+13 73 
0.0175 8.279270581e+13 9.343162429e+12 121 
0.0225 8.716588833e+13 8.919934944e+12 146 
0.0275 7.171221103e+13 7.80986218e+12 144 
0.0325 6.870550536e+13 6.73037406e+12 178 
0.0375 6.581528188e+13 5.789234136e+12 233 
0.0425 7.39624417e+13 5.963005667e+12 284 
0.0475 6.742221057e+13 4.910534118e+12 313 
0.0525 6.30330438e+13 4.475779422e+12 349 
0.0575 5.717142011e+13 4.08382646e+12 351 
0.0625 5.898972689e+13 3.925211071e+12 406 
0.0675 5.106811797e+13 3.453971424e+12 406 
0.0725 4.635483034e+13 2.677946483e+12 473 
0.0775 5.005073214e+13 2.786095097e+12 565 
0.0825 4.150516787e+13 2.178387645e+12 571 
0.0875 3.621566882e+13 1.951506129e+12 522 
0.0925 3.716182196e+13 1.916188343e+12 582 
0.0975 3.318012017e+13 1.646216412e+12 604 
0.1025 3.251289444e+13 1.59692013e+12 653 
0.1075 3.253508101e+13 1.479147503e+12 729 
0.1125 2.891045553e+13 1.371145646e+12 702 
0.1175 2.887521411e+13 1.318842998e+12 757 
0.1225 2.826090238e+13 1.212133336e+12 804 
0.1275 2.399064636e+13 1.06343256e+12 771 
0.1325 2.457708727e+13 1.039495623e+12 851 
0.1375 2.557855187e+13 1.018018656e+12 946 
0.1425 2.434715601e+13 9.240155928e+11 998 
0.1475 2.201503593e+13 8.800724446e+11 934 
0.1525 2.070331061e+13 8.057457612e+11 981 
0.1575 1.880548402e+13 7.292186349e+11 983 
0.1625 1.982749373e+13 7.437497592e+11 1053 
0.1675 1.889946729e+13 6.945731548e+11 1101 
0.1725 1.848508261e+13 6.760344613e+11 1100 
0.1775 1.693920842e+13 6.261540522e+11 1106 
0.1825 1.608682807e+13 5.790650311e+11 1131 
0.1875 1.54938534e+13 5.776121466e+11 1125 
0.1925 1.56416196e+13 5.52254621e+11 1218 
0.1975 1.519218586e+13 5.228085739e+11 1243 
0.2025 1.458795958e+13 5.058845402e+11 1292 
0.2075 1.420979585e+13 4.738919066e+11 1339 
0.2125 1.355422767e+13 4.492195086e+11 1386 
0.2175 1.306142234e+13 4.17323365e+11 1434 
0.2225 1.261760078e+13 4.042238715e+11 1462 
0.2275 1.15218452e+13 3.749351902e+11 1403 
0.2325 1.109476491e+13 3.536834203e+11 1456 
0.2375 1.152103437e+13 3.700351998e+11 1500 
0.2425 1.131083934e+13 3.476250527e+11 1537 
0.2475 1.068453154e+13 3.318622811e+11 1567 
0.2525 1.065782053e+13 3.248891773e+11 1608 
0.2575 1.016095831e+13 3.058049829e+11 1610 
0.2625 9.695531006e+12 2.897837307e+11 1689 
0.2675 9.309412196e+12 2.779992617e+11 1714 
0.2725 9.013455303e+12 2.750105824e+11 1663 
0.2775 8.834206359e+12 2.633167154e+11 1739 
0.2825 8.501951168e+12 2.487410132e+11 1776 
0.2875 8.244928521e+12 2.399032772e+11 1818 
0.2925 8.214804823e+12 2.375397251e+11 1866 
0.2975 7.905105629e+12 2.272922062e+11 1878 
0.3025 7.740741156e+12 2.215326819e+11 1904 
0.3075 7.694021464e+12 2.158903628e+11 2009 
0.3125 7.460092547e+12 2.050668396e+11 2018 
0.3175 7.141808401e+12 1.988941769e+11 2060 
0.3225 6.815430408e+12 1.869960146e+11 2054 
0.3275 6.548126882e+12 1.793342778e+11 2087 
0.3325 6.578201152e+12 1.782558868e+11 2119 
0.3375 6.451870109e+12 1.749144597e+11 2193 
0.3425 5.918511912e+12 1.600494671e+11 2144 
0.3475 6.006541229e+12 1.596250368e+11 2239 
0.3525 5.75666001e+12 1.54895832e+11 2197 
0.3575 5.603234322e+12 1.478993658e+11 2303 
0.3625 5.216304926e+12 1.409675468e+11 2206 
0.3675 5.182527663e+12 1.366813101e+11 2333 
0.3725 5.130021863e+12 1.350312156e+11 2391 
0.3775 4.961906434e+12 1.317659439e+11 2378 
0.3825 4.602629221e+12 1.232352971e+11 2323 
0.3875 4.598428941e+12 1.191300359e+11 2460 
0.3925 4.539191856e+12 1.159161549e+11 2513 
0.3975 4.236658224e+12 1.093750954e+11 2498 
0.4025 4.175176441e+12 1.078237548e+11 2550 
0.4075 4.228840688e+12 1.085731068e+11 2627 
0.4125 4.188035341e+12 1.044884559e+11 2748 
0.4175 3.864106866e+12 9.757943371e+10 2714 
0.4225 3.667020813e+12 9.387244516e+10 2613 
0.4275 3.735067038e+12 9.481081144e+10 2730 
0.4325 3.51830102e+12 8.915859412e+10 2722 
0.4375 3.379671538e+12 8.632717203e+10 2809 
0.4425 3.389006942e+12 8.557421436e+10 2823 
0.4475 3.144342714e+12 8.000812293e+10 2797 
0.4525 3.303960971e+12 8.161708818e+10 2976 
0.4575 3.060943753e+12 7.898606104e+10 2883 
0.4625 3.020254173e+12 7.506504968e+10 2999 
0.4675 2.927914937e+12 7.321582206e+10 2987 
0.4725 2.783483753e+12 6.964101518e+10 3036 
0.4775 2.683458779e+12 6.788714626e+10 3018 
0.4825 2.55928681e+12 6.425512504e+10 3036 
0.4875 2.650299456e+12 6.664191673e+10 3115 
0.4925 2.51268023e+12 6.313253872e+10 3120 
0.4975 2.389631964e+12 6.04846008e+10 3117 
