# Format: McCode with text headers
# URL: http://www.mccode.org
# Creator:  3.8.5, git
# Instrument: eqsans_cylinder.instr
# Ncount: 5000000
# Trace: no
# Gravitation: no
# Seed: 1790193019522601
# Directory: /Users/georgeyumnam/WORK/PANRAID/PaNRAID-results/Group2/panraidproject/dataset_cylinder/cyl_000172
# Param: gx=0
# Param: gy=0
# Param: sample_on=1
# Param: bs_radius=0
# Param: samp_ap=0.01
# Param: sld=1.04797
# Param: sld_solvent=1
# Param: radius=145.921
# Param: length=539.993
# Param: pd_radius=0.107038
# Param: pd_length=0.254687
# Param: model_scale=1
# Param: model_abs=0
# Date: Wed Sep 23 21:50:37 2026 (1790193037)
# type: array_1d(120)
# Source: EQ_SANS_cylinder (eqsans_cylinder.instr)
# component: lambda_det
# position: 0 0 22.28
# title: Wavelength monitor
# Ncount: 5000000
# filename: lambda_det.dat
# statistics: X0=4.37352; dX=1.03288;
# signal: Min=0; Max=5.7448e+08; Mean=1.14666e+08;
# values: 1.37599e+10 2.65601e+08 286345
# xvar: L
# yvar: (I,I_err)
# xlabel: Wavelength [AA]
# ylabel: Intensity
# xlimits: 0 12
# variables: L I I_err N
0.05 0 0 0 
0.15 0 0 0 
0.25 0 0 0 
0.35 0 0 0 
0.45 0 0 0 
0.55 0 0 0 
0.65 0 0 0 
0.75 0 0 0 
0.85 0 0 0 
0.95 0 0 0 
1.05 0 0 0 
1.15 0 0 0 
1.25 0 0 0 
1.35 0 0 0 
1.45 0 0 0 
1.55 0 0 0 
1.65 0 0 0 
1.75 0 0 0 
1.85 0 0 0 
1.95 0 0 0 
2.05 0 0 0 
2.15 390793.1279 389468.9014 50 
2.25 5408707.373 2642035.951 350 
2.35 274384.1709 178358.5224 100 
2.45 10375568.27 5114546.204 650 
2.55 33573953.23 14725255.7 1600 
2.65 68272133.44 18362011.37 3300 
2.75 179261641.3 34678168.85 7749 
2.85 360065277.4 56457402.37 14150 
2.95 383448462.6 38100097.01 17499 
3.05 515857137.6 51607171.54 18149 
3.15 470726646.1 48320098.57 15850 
3.25 447312823.6 43329317.11 16100 
3.35 574480459.5 57055146.55 15350 
3.45 446522683 45367381.63 14200 
3.55 415451103.2 40074459.69 13150 
3.65 492723341.2 55536672.19 11150 
3.75 543684241.9 51515211.21 11550 
3.85 392998667.5 42417896.6 9600 
3.95 514113804 64097518.77 10000 
4.05 392428380.4 42300231.26 8700 
4.15 465691229.4 49724650.72 8500 
4.25 341970396.8 34523908.29 7250 
4.35 302455300.2 35226285.55 5400 
4.45 355704655.1 37596580.75 5900 
4.55 370801929 40075549.54 6750 
4.65 394438239.4 48057932.36 5650 
4.75 394487609.6 47778087.72 5699 
4.85 366845291.8 44570575.68 4850 
4.95 407356729.3 43004583.42 5199 
5.05 342358848.9 40593338.17 4750 
5.15 334998121.2 42898380 4200 
5.25 348096937.5 43231292.31 3750 
5.35 427671166.2 47661665.97 3950 
5.45 246364810.3 33725748.34 2650 
5.55 275913498.3 30318530 3050 
5.65 265815159.2 33631174.38 2900 
5.75 269923254.5 39402267.52 3050 
5.85 343740386.2 48786055.78 2900 
5.95 232256006.6 35195618.6 2100 
6.05 237639055.8 29918997.34 2100 
6.15 169656310.3 25980075.43 1550 
6.25 155804930.7 21674593.79 1700 
6.35 207114950.7 35683110.86 1300 
6.45 98810367.15 19056568.05 1000 
6.55 116318390.9 26274802.38 700 
6.65 40338602.49 13843354.24 250 
6.75 0 0 0 
6.85 0 0 0 
6.95 0 0 0 
7.05 0 0 0 
7.15 0 0 0 
7.25 0 0 0 
7.35 0 0 0 
7.45 0 0 0 
7.55 0 0 0 
7.65 0 0 0 
7.75 0 0 0 
7.85 0 0 0 
7.95 0 0 0 
8.05 0 0 0 
8.15 0 0 0 
8.25 0 0 0 
8.35 0 0 0 
8.45 0 0 0 
8.55 0 0 0 
8.65 0 0 0 
8.75 0 0 0 
8.85 0 0 0 
8.95 0 0 0 
9.05 0 0 0 
9.15 0 0 0 
9.25 0 0 0 
9.35 0 0 0 
9.45 0 0 0 
9.55 0 0 0 
9.65 0 0 0 
9.75 0 0 0 
9.85 0 0 0 
9.95 0 0 0 
10.05 0 0 0 
10.15 0 0 0 
10.25 0 0 0 
10.35 0 0 0 
10.45 0 0 0 
10.55 0 0 0 
10.65 0 0 0 
10.75 0 0 0 
10.85 0 0 0 
10.95 0 0 0 
11.05 0 0 0 
11.15 0 0 0 
11.25 0 0 0 
11.35 0 0 0 
11.45 0 0 0 
11.55 0 0 0 
11.65 0 0 0 
11.75 0 0 0 
11.85 0 0 0 
11.95 0 0 0 
