# Format: McCode with text headers
# URL: http://www.mccode.org
# Creator:  3.8.5, git
# Instrument: eqsans_1_fixed.instr
# Ncount: 1000000
# Trace: no
# Gravitation: no
# Seed: 1790169874733827
# Directory: /Users/georgeyumnam/WORK/PANRAID/PaNRAID-results/Group2/panraidproject/scan_guide_xy/x+05_y+09
# Param: gx=0.005
# Param: gy=0.009
# Date: Wed Sep 23 15:24:38 2026 (1790169878)
# type: array_1d(120)
# Source: EQ_SANS (eqsans_1_fixed.instr)
# component: lambda_det
# position: 0 0 22.28
# title: Wavelength monitor
# Ncount: 1000000
# filename: lambda_det.dat
# statistics: X0=4.06968; dX=0.982087;
# signal: Min=0; Max=3.95341e+06; Mean=635831;
# values: 7.62997e+07 667265 25853
# xvar: L
# yvar: (I,I_err)
# xlabel: Wavelength [AA]
# ylabel: Intensity
# xlimits: 0 12
# variables: L I I_err N
0.05 0 0 0 
0.15 0 0 0 
0.25 0 0 0 
0.35 0 0 0 
0.45 0 0 0 
0.55 0 0 0 
0.65 0 0 0 
0.75 0 0 0 
0.85 0 0 0 
0.95 0 0 0 
1.05 0 0 0 
1.15 0 0 0 
1.25 0 0 0 
1.35 0 0 0 
1.45 0 0 0 
1.55 0 0 0 
1.65 0 0 0 
1.75 0 0 0 
1.85 0 0 0 
1.95 0 0 0 
2.05 0 0 0 
2.15 1.43917509e-14 1.43917509e-14 1 
2.25 14307.25426 10683.56126 4 
2.35 41063.40597 15693.12077 13 
2.45 99614.97522 25852.84815 30 
2.55 251778.8953 40003.41417 85 
2.65 500436.9737 54918.769 157 
2.75 1461187.314 93581.69088 520 
2.85 3196959.934 138091.7407 1088 
2.95 3718860.71 146969.5641 1356 
3.05 3953414.903 153575.3133 1381 
3.15 3529740.958 143133.4162 1277 
3.25 3567446.764 144298.1072 1259 
3.35 3771841.178 149933.2808 1231 
3.45 3275076.248 139303.7777 1127 
3.55 3395843.04 141173.8484 1119 
3.65 3205881.624 136586.8354 1076 
3.75 2790486.345 127450.6459 954 
3.85 2810930.052 128308.6327 893 
3.95 2668805.914 123553.5105 883 
4.05 2343250.997 116183.2231 798 
4.15 2304661.9 114904.7054 774 
4.25 2029401.131 107259.6944 702 
4.35 2045099.723 109434.0795 674 
4.45 1954733.432 106961.0819 645 
4.55 1805012.3 99323.60542 624 
4.65 1690213.895 100159.2187 558 
4.75 1687542.995 99450.61072 573 
4.85 1586386.36 95335.86316 523 
4.95 1685004.712 101629.6224 519 
5.05 1344841.632 87499.65071 476 
5.15 1289717.348 85690.54842 451 
5.25 1295024.148 86566.43013 433 
5.35 1241846.725 84048.60167 417 
5.45 1142750.565 81293.76043 392 
5.55 1135598.061 81902.73692 373 
5.65 1010840.629 77085.02424 341 
5.75 888818.1769 72611.29909 295 
5.85 993091.1025 75781.81682 307 
5.95 812607.6457 65935.71691 300 
6.05 868194.5461 70730.7959 285 
6.15 730252.6831 65832.16913 244 
6.25 661893.2773 62503.38972 220 
6.35 680786.0709 63659.96903 224 
6.45 548532.3428 58196.66501 169 
6.55 229062.9538 35912.52266 69 
6.65 40900.31592 15429.98142 13 
6.75 0 0 0 
6.85 0 0 0 
6.95 0 0 0 
7.05 0 0 0 
7.15 0 0 0 
7.25 0 0 0 
7.35 0 0 0 
7.45 0 0 0 
7.55 0 0 0 
7.65 0 0 0 
7.75 0 0 0 
7.85 0 0 0 
7.95 0 0 0 
8.05 0 0 0 
8.15 0 0 0 
8.25 0 0 0 
8.35 0 0 0 
8.45 0 0 0 
8.55 0 0 0 
8.65 0 0 0 
8.75 0 0 0 
8.85 0 0 0 
8.95 0 0 0 
9.05 0 0 0 
9.15 0 0 0 
9.25 0 0 0 
9.35 0 0 0 
9.45 0 0 0 
9.55 0 0 0 
9.65 0 0 0 
9.75 0 0 0 
9.85 0 0 0 
9.95 0 0 0 
10.05 0 0 0 
10.15 0 0 0 
10.25 0 0 0 
10.35 0 0 0 
10.45 0 0 0 
10.55 0 0 0 
10.65 0 0 0 
10.75 0 0 0 
10.85 0 0 0 
10.95 0 0 0 
11.05 0 0 0 
11.15 0 0 0 
11.25 0 0 0 
11.35 0 0 0 
11.45 0 0 0 
11.55 0 0 0 
11.65 0 0 0 
11.75 0 0 0 
11.85 0 0 0 
11.95 0 0 0 
