# Format: McCode with text headers
# URL: http://www.mccode.org
# Creator:  3.8.5, git
# Instrument: eqsans_1_fixed.instr
# Ncount: 1000000
# Trace: no
# Gravitation: no
# Seed: 1790169832512864
# Directory: /Users/georgeyumnam/WORK/PANRAID/PaNRAID-results/Group2/panraidproject/scan_guide_xy/x+02_y+19
# Param: gx=0.002
# Param: gy=0.019
# Date: Wed Sep 23 15:23:56 2026 (1790169836)
# type: array_1d(120)
# Source: EQ_SANS (eqsans_1_fixed.instr)
# component: lambda_det
# position: 0 0 22.28
# title: Wavelength monitor
# Ncount: 1000000
# filename: lambda_det.dat
# statistics: X0=4.0954; dX=0.991233;
# signal: Min=0; Max=2.19125e+06; Mean=357282;
# values: 4.28738e+07 494784 15121
# xvar: L
# yvar: (I,I_err)
# xlabel: Wavelength [AA]
# ylabel: Intensity
# xlimits: 0 12
# variables: L I I_err N
0.05 0 0 0 
0.15 0 0 0 
0.25 0 0 0 
0.35 0 0 0 
0.45 0 0 0 
0.55 0 0 0 
0.65 0 0 0 
0.75 0 0 0 
0.85 0 0 0 
0.95 0 0 0 
1.05 0 0 0 
1.15 0 0 0 
1.25 0 0 0 
1.35 0 0 0 
1.45 0 0 0 
1.55 0 0 0 
1.65 0 0 0 
1.75 0 0 0 
1.85 0 0 0 
1.95 0 0 0 
2.05 0 0 0 
2.15 6695.007704 8199.676349 2 
2.25 1477.584759 1809.664355 2 
2.35 21737.66394 12480.97629 7 
2.45 26371.78556 10587.58575 19 
2.55 177754.1972 34324.63218 55 
2.65 261179.4166 39310.42203 102 
2.75 878652.7068 73705.77246 352 
2.85 1698219.502 101839.5278 640 
2.95 2191252.406 114716.1214 815 
3.05 2147243.805 111932.2452 839 
3.15 1996413.896 107189.7087 798 
3.25 1814737.612 102933.7497 738 
3.35 1930899.854 106142.8394 722 
3.45 1639278.561 96546.22958 607 
3.55 1791525.287 100225.2997 622 
3.65 1787772.255 102835.5261 584 
3.75 1617939.301 94528.09269 554 
3.85 1403927.822 88321.08149 490 
3.95 1509588.305 92127.78668 495 
4.05 1482618.456 93080.66786 475 
4.15 1426125.574 89265.35508 459 
4.25 1371619.02 87789.71222 436 
4.35 1216877.874 80885.87507 414 
4.45 1255186.356 83308.53113 409 
4.55 814319.5231 65645.61593 319 
4.65 1013616.622 76865.26376 342 
4.75 844758.6486 70149.46758 289 
4.85 891626.7425 70642.74001 325 
4.95 959387.3235 73876.91994 335 
5.05 767149.579 63463.2696 274 
5.15 851013.9366 70319.5292 248 
5.25 821561.6224 68973.7358 268 
5.35 691926.1309 62380.21648 234 
5.45 627315.7802 58358.23901 224 
5.55 502542.3947 50106.54739 187 
5.65 499637.9297 52248.37017 184 
5.75 599215.2178 59447.81599 176 
5.85 477844.8618 48964.68575 174 
5.95 514676.57 54445.9282 160 
6.05 504973.8398 53381.76128 153 
6.15 408518.3096 47724.64097 145 
6.25 508453.8828 54662.58669 160 
6.35 398972.5435 47654.8426 136 
6.45 327506.0227 43987.44736 98 
6.55 151176.3128 30896.14411 40 
6.65 42544.71288 16327.91398 14 
6.75 0 0 0 
6.85 0 0 0 
6.95 0 0 0 
7.05 0 0 0 
7.15 0 0 0 
7.25 0 0 0 
7.35 0 0 0 
7.45 0 0 0 
7.55 0 0 0 
7.65 0 0 0 
7.75 0 0 0 
7.85 0 0 0 
7.95 0 0 0 
8.05 0 0 0 
8.15 0 0 0 
8.25 0 0 0 
8.35 0 0 0 
8.45 0 0 0 
8.55 0 0 0 
8.65 0 0 0 
8.75 0 0 0 
8.85 0 0 0 
8.95 0 0 0 
9.05 0 0 0 
9.15 0 0 0 
9.25 0 0 0 
9.35 0 0 0 
9.45 0 0 0 
9.55 0 0 0 
9.65 0 0 0 
9.75 0 0 0 
9.85 0 0 0 
9.95 0 0 0 
10.05 0 0 0 
10.15 0 0 0 
10.25 0 0 0 
10.35 0 0 0 
10.45 0 0 0 
10.55 0 0 0 
10.65 0 0 0 
10.75 0 0 0 
10.85 0 0 0 
10.95 0 0 0 
11.05 0 0 0 
11.15 0 0 0 
11.25 0 0 0 
11.35 0 0 0 
11.45 0 0 0 
11.55 0 0 0 
11.65 0 0 0 
11.75 0 0 0 
11.85 0 0 0 
11.95 0 0 0 
