# Format: McCode with text headers
# URL: http://www.mccode.org
# Creator:  3.8.5, git
# Instrument: eqsans_sans.instr
# Ncount: 10000000
# Trace: no
# Gravitation: no
# Seed: 1790180057215658
# Directory: /Users/georgeyumnam/WORK/PANRAID/PaNRAID-results/Group2/panraidproject/scan_sans_sample/x-19_y+00
# Param: gx=-0.019
# Param: gy=0
# Param: sample_on=1
# Param: R_sphere=100
# Param: Phi=0.01
# Param: bs_radius=0
# Param: samp_ap=0.01
# Date: Wed Sep 23 18:14:51 2026 (1790180091)
# type: array_1d(100)
# Source: EQ_SANS_sample (eqsans_sans.instr)
# component: qmon
# position: 0 0 22.281
# title: QMonitor - Distribution in q (Radially averaged)
# Ncount: 10000000
# filename: qdet.dat
# statistics: X0=0.0140014; dX=0.00990453;
# signal: Min=0; Max=2.67317e+08; Mean=2.69941e+07;
# values: 2.69941e+09 3.13504e+08 3993
# xvar: q
# yvar: (I,I_err)
# xlabel: q [1 / AA]
# ylabel: I(q)
# xlimits: 0 0.151561
# variables: q I I_err N
0.0007578035702 0 0 0 
0.002273410711 205774949.8 147080168 2 
0.003789017851 267317462.2 168128272.7 3 
0.005304624991 150048356.9 94222935.47 4 
0.006820232132 189084318.6 98635441.39 5 
0.008335839272 195046424.1 92955414.31 6 
0.009851446413 148514252.9 61423368.82 8 
0.01136705355 176982079.6 67019507.05 9 
0.01288266069 173834939.4 68434091.2 10 
0.01439826783 123149707.6 51930910.68 7 
0.01591387497 136327680.9 44352894.97 13 
0.01742948211 121791468.7 45389912.04 12 
0.01894508925 155987498.5 40640937.77 22 
0.0204606964 115132108.4 37303912.24 16 
0.02197630354 135576301.4 33587333.72 24 
0.02349191068 63897970.74 20516462.42 19 
0.02500751782 65947111.01 16402263.33 25 
0.02652312496 49532463.52 13136219.58 25 
0.0280387321 24719086.19 8265244.69 15 
0.02955433924 43603741.85 14430933.6 25 
0.03106994638 29211410.42 6974716.865 35 
0.03258555352 27861262.03 7863673.886 30 
0.03410116066 35995136.09 9224105.819 36 
0.0356167678 10220593.69 3710470.484 26 
0.03713237494 10725452.69 3512768.289 33 
0.03864798208 3538373.995 1210767.474 30 
0.04016358922 10167107.73 4981888.427 42 
0.04167919636 3601170.939 1040832.113 39 
0.0431948035 2402714.78 727704.3906 41 
0.04471041064 2345715.802 713474.7659 45 
0.04622601778 1176645.158 339122.3653 36 
0.04774162492 599421.7202 135938.6935 39 
0.04925723206 686168.9243 259079.738 29 
0.0507728392 503437.4746 114681.1513 34 
0.05228844634 1127811.992 223766.3543 39 
0.05380405348 953705.038 193781.0865 39 
0.05531966062 1513219.531 262634.0885 48 
0.05683526776 1412828.43 223535.0436 54 
0.05835087491 1266015.577 225581.0087 45 
0.05986648205 1002523.093 182414.3521 41 
0.06138208919 1068210.768 179534.8518 45 
0.06289769633 1160631.111 196253.8295 51 
0.06441330347 1213266.808 197128.959 60 
0.06592891061 952103.3636 161835.798 60 
0.06744451775 654527.3002 128109.784 45 
0.06896012489 799646.9298 140948.2459 63 
0.07047573203 475874.774 100255.2188 58 
0.07199133917 268935.262 59468.41579 52 
0.07350694631 270494.2193 72168.56361 51 
0.07502255345 262933.0818 68093.79001 53 
0.07653816059 128882.4888 40253.45978 47 
0.07805376773 127054.3947 32486.33431 57 
0.07956937487 125923.2046 26506.63748 67 
0.08108498201 130268.3587 25898.99602 58 
0.08260058915 181069.0093 30856.31947 66 
0.08411619629 154199.7991 25995.22097 61 
0.08563180343 161492.0211 29305.58951 52 
0.08714741057 188367.7307 32118.46762 56 
0.08866301771 246277.7812 35530.60143 68 
0.09017862485 213840.0711 31341.80416 62 
0.09169423199 162667.1305 25732.39527 51 
0.09320983913 209667.6164 31347.50966 64 
0.09472544627 166841.842 27102.13854 54 
0.09624105341 179710.4185 26438.54411 70 
0.09775666056 140653.4722 24111.86508 55 
0.0992722677 105659.9201 20142.39211 51 
0.1007878748 102869.7575 17872.97764 61 
0.102303482 122477.458 22153.45049 68 
0.1038190891 82854.95192 17620.82543 61 
0.1053346963 53099.49305 11100.60058 60 
0.1068503034 47728.3209 10537.48927 67 
0.1083659105 20290.27898 4460.266582 43 
0.1098815177 38029.10026 8165.935162 56 
0.1113971248 29742.12464 7029.56751 49 
0.112912732 30967.49705 5667.357006 55 
0.1144283391 29365.45041 6277.674582 48 
0.1159439462 27674.49969 4856.809234 48 
0.1174595534 29862.68018 5273.302932 48 
0.1189751605 47412.92129 7371.815437 55 
0.1204907677 36700.68956 6461.042798 41 
0.1220063748 42238.14423 7017.567802 48 
0.1235219819 36226.98056 6264.244993 43 
0.1250375891 33990.02405 6583.121346 38 
0.1265531962 33086.84907 6381.412788 37 
0.1280688034 37518.74614 7002.119555 41 
0.1295844105 31774.50791 5779.120117 51 
0.1311000176 22906.63466 4783.537902 43 
0.1326156248 24058.20351 4946.702684 40 
0.1341312319 19218.522 4067.651069 43 
0.1356468391 16326.91426 4141.764309 34 
0.1371624462 17346.28045 3955.713006 55 
0.1386780533 8703.467971 2309.426626 37 
0.1401936605 12052.04565 2734.777084 40 
0.1417092676 4708.266912 1377.198196 28 
0.1432248748 7756.079476 2009.487598 33 
0.1447404819 5266.74331 1324.082137 25 
0.146256089 6440.353717 1511.542596 28 
0.1477716962 5679.873532 1385.958201 26 
0.1492873033 6542.034365 1685.68279 27 
0.1508029105 7491.123188 1579.525498 28 
