# Format: McCode with text headers
# URL: http://www.mccode.org
# Creator:  3.8.5, git
# Instrument: eqsans_sans.instr
# Ncount: 10000000
# Trace: no
# Gravitation: no
# Seed: 1790182875140557
# Directory: /Users/georgeyumnam/WORK/PANRAID/PaNRAID-results/Group2/panraidproject/scan_sans_sample/x+01_y-06
# Param: gx=0.001
# Param: gy=-0.006
# Param: sample_on=1
# Param: R_sphere=100
# Param: Phi=0.01
# Param: bs_radius=0
# Param: samp_ap=0.01
# Date: Wed Sep 23 19:01:51 2026 (1790182911)
# type: array_1d(100)
# Source: EQ_SANS_sample (eqsans_sans.instr)
# component: qmon
# position: 0 0 22.281
# title: QMonitor - Distribution in q (Radially averaged)
# Ncount: 10000000
# filename: qdet.dat
# statistics: X0=0.0135412; dX=0.00977607;
# signal: Min=7238.45; Max=6.61623e+08; Mean=5.11589e+07;
# values: 5.11589e+09 5.01318e+08 7071
# xvar: q
# yvar: (I,I_err)
# xlabel: q [1 / AA]
# ylabel: I(q)
# xlimits: 0 0.151561
# variables: q I I_err N
0.0007578035702 345312855.5 345312855.5 1 
0.002273410711 142565089.1 101932680.1 2 
0.003789017851 309577354.4 183038202.1 3 
0.005304624991 395197510.3 136451035 11 
0.006820232132 241539832 106662647.2 7 
0.008335839272 342178256.3 114136147.4 14 
0.009851446413 661623175.1 134787156.5 29 
0.01136705355 202548975.8 63423513.73 14 
0.01288266069 337215527.8 79865102.84 23 
0.01439826783 194512609.5 48050682.67 21 
0.01591387497 362105914.2 78430235.78 30 
0.01742948211 240580022.3 54331078.58 28 
0.01894508925 215623298.8 45932170.34 29 
0.0204606964 190033828.3 37745830.5 36 
0.02197630354 190197902 35344177.4 41 
0.02349191068 111638054.1 23379394.22 37 
0.02500751782 112952894.3 24584808.3 37 
0.02652312496 125913819.1 23978191.61 46 
0.0280387321 46921928.57 11166592.82 30 
0.02955433924 96814172.86 19075802.55 51 
0.03106994638 40708599.57 9023636.885 43 
0.03258555352 64727961.29 12921269.61 66 
0.03410116066 28990447.09 7332361.352 45 
0.0356167678 30561016.53 6589365.947 61 
0.03713237494 12174333.54 3202577.52 49 
0.03864798208 7871352.197 2025886.118 46 
0.04016358922 9643985.047 2486281.637 63 
0.04167919636 6606033.268 2479399.556 66 
0.0431948035 2427383.788 607033.6698 61 
0.04471041064 3934276.719 1283666.09 71 
0.04622601778 3843838.685 1567836.443 65 
0.04774162492 2108555.031 510510.7394 71 
0.04925723206 1777012.649 430922.1432 68 
0.0507728392 1933878.262 319770.1114 68 
0.05228844634 1670950.921 228364.4459 78 
0.05380405348 1878849.217 274712.0938 75 
0.05531966062 2710023.955 348241.1147 93 
0.05683526776 3220264.356 360633.4924 110 
0.05835087491 2563126.969 312241.8503 97 
0.05986648205 2309660.452 297697.1954 90 
0.06138208919 2387660.179 295880.2927 93 
0.06289769633 1785885.727 245195.9422 89 
0.06441330347 2351331.363 277684.0395 116 
0.06592891061 1458050.043 197993.5939 95 
0.06744451775 1357987.311 170659.2492 109 
0.06896012489 814071.1009 128019.4983 86 
0.07047573203 958176.7898 148143.9437 97 
0.07199133917 627692.3022 107916.3531 98 
0.07350694631 522963.2295 87774.3417 101 
0.07502255345 367574.1281 79899.38661 90 
0.07653816059 263740.9661 46845.27279 98 
0.07805376773 218857.1535 43394.61947 95 
0.07956937487 252373.585 40917.75722 95 
0.08108498201 230170.845 42768.45951 101 
0.08260058915 284600.3741 37037.69859 113 
0.08411619629 308672.7481 41719.4401 111 
0.08563180343 401764.0724 44845.83853 124 
0.08714741057 263696.5772 32660.80681 96 
0.08866301771 404384.1358 43192.77103 122 
0.09017862485 400504.4329 43181.92406 118 
0.09169423199 353388.693 40608.68537 105 
0.09320983913 425880.6014 46215.31559 114 
0.09472544627 281269.3735 33597.86816 103 
0.09624105341 295164.5018 35119.54901 103 
0.09775666056 218078.3888 28415.88843 90 
0.0992722677 245684.3431 30583.82767 117 
0.1007878748 161856.6873 22333.19338 104 
0.102303482 124511.3965 19625.57846 89 
0.1038190891 139599.1017 20484.3918 104 
0.1053346963 90068.89506 15524.08944 88 
0.1068503034 60118.72327 13300.57722 87 
0.1083659105 62688.63732 10890.50759 93 
0.1098815177 43815.3829 7201.605501 94 
0.1113971248 50347.96689 7437.501163 90 
0.112912732 46523.73247 6734.606306 92 
0.1144283391 51784.63532 7516.440513 81 
0.1159439462 56640.49246 7497.553724 91 
0.1174595534 55700.80215 7781.742784 85 
0.1189751605 46639.0022 7293.79498 62 
0.1204907677 64385.21679 8756.793035 76 
0.1220063748 67644.28561 8944.431159 77 
0.1235219819 72142.41434 8669.896207 88 
0.1250375891 64852.64724 8466.264172 79 
0.1265531962 65750.55235 8670.432358 75 
0.1280688034 77959.94552 9431.75251 97 
0.1295844105 39594.29769 6397.567598 58 
0.1311000176 49580.34586 7318.252407 79 
0.1326156248 37652.91996 5887.795406 75 
0.1341312319 22379.72484 4326.1238 58 
0.1356468391 26604.40152 4666.388647 62 
0.1371624462 10686.58101 2288.696904 58 
0.1386780533 15482.84365 3191.485127 59 
0.1401936605 13242.64425 2762.039525 57 
0.1417092676 13213.85348 2284.820985 72 
0.1432248748 7238.450725 1542.41194 45 
0.1447404819 11638.62888 2203.969971 45 
0.146256089 8582.879809 1572.987095 49 
0.1477716962 10999.53067 2057.385341 43 
0.1492873033 13522.13254 2257.868251 50 
0.1508029105 14082.99176 2302.356486 54 
