# Format: McCode with text headers
# URL: http://www.mccode.org
# Creator:  3.8.5, git
# Instrument: eqsans_1_fixed.instr
# Ncount: 1000000
# Trace: no
# Gravitation: no
# Seed: 1790169641599570
# Directory: /Users/georgeyumnam/WORK/PANRAID/PaNRAID-results/Group2/panraidproject/scan_guide_xy/x-10_y+19
# Param: gx=-0.01
# Param: gy=0.019
# Date: Wed Sep 23 15:20:45 2026 (1790169645)
# type: array_1d(120)
# Source: EQ_SANS (eqsans_1_fixed.instr)
# component: lambda_det
# position: 0 0 22.28
# title: Wavelength monitor
# Ncount: 1000000
# filename: lambda_det.dat
# statistics: X0=4.03584; dX=0.961782;
# signal: Min=0; Max=1.51762e+06; Mean=237535;
# values: 2.85042e+07 413666 9418
# xvar: L
# yvar: (I,I_err)
# xlabel: Wavelength [AA]
# ylabel: Intensity
# xlimits: 0 12
# variables: L I I_err N
0.05 0 0 0 
0.15 0 0 0 
0.25 0 0 0 
0.35 0 0 0 
0.45 0 0 0 
0.55 0 0 0 
0.65 0 0 0 
0.75 0 0 0 
0.85 0 0 0 
0.95 0 0 0 
1.05 0 0 0 
1.15 0 0 0 
1.25 0 0 0 
1.35 0 0 0 
1.45 0 0 0 
1.55 0 0 0 
1.65 0 0 0 
1.75 0 0 0 
1.85 0 0 0 
1.95 0 0 0 
2.05 0 0 0 
2.15 0 0 0 
2.25 3791.89852 3791.89852 1 
2.35 8208.97718 4953.743612 4 
2.45 51050.39347 18558.56055 13 
2.55 128329.0685 30478.15432 36 
2.65 272471.0563 42767.28937 88 
2.75 666067.5555 64979.08425 237 
2.85 1325152.683 91142.76353 472 
2.95 1517616.27 97374.40694 554 
3.05 1285075.646 89423.31348 507 
3.15 1401802.154 91762.25787 520 
3.25 1377508.474 92691.41687 466 
3.35 1332237.388 91282.53617 441 
3.45 1048867.451 78427.84287 355 
3.55 1071977.96 80135.13736 392 
3.65 1156901.361 84708.66151 354 
3.75 1058198.694 79749.08514 341 
3.85 1040605.523 79653.89209 317 
3.95 941067.9064 74403.22715 301 
4.05 1005365.01 77094.35354 305 
4.15 933836.7834 75486.74667 283 
4.25 863407.8582 72778.60011 264 
4.35 761629.9029 67027.45644 230 
4.45 867121.5594 69882.21042 269 
4.55 724484.6785 65241.69986 232 
4.65 576027.2597 54719.64114 201 
4.75 539810.337 55672.59899 190 
4.85 652034.2644 61485.86796 203 
4.95 589325.7989 58507.57367 184 
5.05 607583.1658 59069.87035 181 
5.15 587397.6426 59647.15402 173 
5.25 493737.9295 55831.62463 134 
5.35 411921.4255 48900.71412 130 
5.45 441538.9854 51862.73283 121 
5.55 354762.9377 45415.8443 115 
5.65 331116.0217 45023.57097 110 
5.75 301493.4161 41771.90178 106 
5.85 296578.7513 39388.48425 99 
5.95 294725.0008 41902.48007 95 
6.05 292258.3021 41073.49971 91 
6.15 273905.1291 41835.36392 81 
6.25 205348.3156 31476.35619 73 
6.35 241933.0697 37271.14795 82 
6.45 129120.1168 26876.26897 49 
6.55 40808.53769 14399.35184 17 
6.65 4.774638267e-67 4.774638267e-67 1 
6.75 0 0 0 
6.85 0 0 0 
6.95 0 0 0 
7.05 0 0 0 
7.15 0 0 0 
7.25 0 0 0 
7.35 0 0 0 
7.45 0 0 0 
7.55 0 0 0 
7.65 0 0 0 
7.75 0 0 0 
7.85 0 0 0 
7.95 0 0 0 
8.05 0 0 0 
8.15 0 0 0 
8.25 0 0 0 
8.35 0 0 0 
8.45 0 0 0 
8.55 0 0 0 
8.65 0 0 0 
8.75 0 0 0 
8.85 0 0 0 
8.95 0 0 0 
9.05 0 0 0 
9.15 0 0 0 
9.25 0 0 0 
9.35 0 0 0 
9.45 0 0 0 
9.55 0 0 0 
9.65 0 0 0 
9.75 0 0 0 
9.85 0 0 0 
9.95 0 0 0 
10.05 0 0 0 
10.15 0 0 0 
10.25 0 0 0 
10.35 0 0 0 
10.45 0 0 0 
10.55 0 0 0 
10.65 0 0 0 
10.75 0 0 0 
10.85 0 0 0 
10.95 0 0 0 
11.05 0 0 0 
11.15 0 0 0 
11.25 0 0 0 
11.35 0 0 0 
11.45 0 0 0 
11.55 0 0 0 
11.65 0 0 0 
11.75 0 0 0 
11.85 0 0 0 
11.95 0 0 0 
