# Format: McCode with text headers
# URL: http://www.mccode.org
# Creator:  3.8.5, git
# Instrument: eqsans_cylinder.instr
# Ncount: 5000000
# Trace: no
# Gravitation: no
# Seed: 1790195979961233
# Directory: /Users/georgeyumnam/WORK/PANRAID/PaNRAID-results/Group2/panraidproject/dataset_cylinder/cyl_001821
# Param: gx=0
# Param: gy=0
# Param: sample_on=1
# Param: bs_radius=0
# Param: samp_ap=0.01
# Param: sld=4.50138
# Param: sld_solvent=1
# Param: radius=53.0091
# Param: length=461.066
# Param: pd_radius=0.281141
# Param: pd_length=0.246564
# Param: model_scale=1
# Param: model_abs=0
# Date: Wed Sep 23 22:39:58 2026 (1790195998)
# type: array_1d(100)
# Source: EQ_SANS_cylinder (eqsans_cylinder.instr)
# component: qmon
# position: 0 0 22.281
# title: QMonitor - Distribution in q (Radially averaged)
# Ncount: 5000000
# filename: qdet.dat
# statistics: X0=0.0123228; dX=0.0110734;
# signal: Min=2.84682e+11; Max=7.85084e+15; Mean=8.33659e+14;
# values: 8.33659e+16 2.62292e+15 256308
# xvar: q
# yvar: (I,I_err)
# xlabel: q [1 / AA]
# ylabel: I(q)
# xlimits: 0 0.151561
# variables: q I I_err N
0.0007578035702 7.510092987e+15 1.811041518e+15 43 
0.002273410711 6.193891724e+15 9.667954571e+14 121 
0.003789017851 7.381209609e+15 8.399214051e+14 206 
0.005304624991 5.741504211e+15 5.69988746e+14 295 
0.006820232132 7.850844975e+15 8.284371591e+14 385 
0.008335839272 6.053925311e+15 6.020582625e+14 437 
0.009851446413 4.972666333e+15 4.261431839e+14 520 
0.01136705355 5.2663012e+15 4.003366067e+14 654 
0.01288266069 4.255631723e+15 3.04830998e+14 729 
0.01439826783 3.873539731e+15 2.77263969e+14 790 
0.01591387497 3.146436334e+15 1.900097116e+14 860 
0.01742948211 2.780996713e+15 1.863753012e+14 951 
0.01894508925 2.368891279e+15 1.362849533e+14 1012 
0.0204606964 2.169074067e+15 1.1179444e+14 1125 
0.02197630354 1.786781271e+15 8.97514267e+13 1169 
0.02349191068 1.608782694e+15 7.591703106e+13 1263 
0.02500751782 1.377649521e+15 6.214890087e+13 1349 
0.02652312496 1.26354769e+15 5.379259011e+13 1483 
0.0280387321 1.091696985e+15 5.140955672e+13 1536 
0.02955433924 1.025053124e+15 4.486479172e+13 1701 
0.03106994638 8.303820012e+14 3.778610913e+13 1665 
0.03258555352 6.955176943e+14 2.530955739e+13 1850 
0.03410116066 6.009495972e+14 2.230947018e+13 1872 
0.0356167678 5.187871135e+14 1.845977839e+13 1985 
0.03713237494 4.308945304e+14 1.504584108e+13 2019 
0.03864798208 3.636254157e+14 1.200781208e+13 2101 
0.04016358922 2.907651229e+14 1.033979473e+13 2091 
0.04167919636 2.677206494e+14 9.073558412e+12 2338 
0.0431948035 2.331582293e+14 7.19094516e+12 2409 
0.04471041064 1.90013053e+14 5.657266658e+12 2518 
0.04622601778 1.694570907e+14 5.185501662e+12 2624 
0.04774162492 1.335911259e+14 4.228457274e+12 2582 
0.04925723206 1.18817084e+14 3.567667972e+12 2668 
0.0507728392 9.026147002e+13 2.614757816e+12 2690 
0.05228844634 8.268767119e+13 2.394389487e+12 2909 
0.05380405348 6.730701246e+13 1.915808855e+12 2849 
0.05531966062 5.578647419e+13 1.528325199e+12 2972 
0.05683526776 4.838439876e+13 1.276457674e+12 3084 
0.05835087491 4.255337075e+13 1.104752992e+12 3201 
0.05986648205 3.716017295e+13 9.634135449e+11 3303 
0.06138208919 3.389670577e+13 8.943546522e+11 3417 
0.06289769633 3.012118147e+13 7.639801571e+11 3434 
0.06441330347 2.558298404e+13 6.413370283e+11 3488 
0.06592891061 2.177496062e+13 5.486088671e+11 3414 
0.06744451775 2.030840731e+13 5.197046472e+11 3489 
0.06896012489 1.947993256e+13 4.787905799e+11 3723 
0.07047573203 1.80188789e+13 4.456629405e+11 3633 
0.07199133917 1.543583743e+13 3.819977024e+11 3678 
0.07350694631 1.450376298e+13 3.646068234e+11 3680 
0.07502255345 1.343754245e+13 3.364990146e+11 3736 
0.07653816059 1.194446253e+13 2.938282761e+11 3694 
0.07805376773 1.163759834e+13 2.788800222e+11 3782 
0.07956937487 1.105721806e+13 2.669623758e+11 3862 
0.08108498201 1.036931786e+13 2.434749697e+11 3976 
0.08260058915 9.36032139e+12 2.202252532e+11 3942 
0.08411619629 8.745367819e+12 2.031159985e+11 3975 
0.08563180343 8.053526512e+12 1.882875296e+11 3918 
0.08714741057 7.534009364e+12 1.755952014e+11 3891 
0.08866301771 6.781984982e+12 1.587923806e+11 3852 
0.09017862485 6.282069866e+12 1.458271683e+11 3836 
0.09169423199 5.857458372e+12 1.35180081e+11 3862 
0.09320983913 5.529525384e+12 1.25062419e+11 3875 
0.09472544627 5.074345782e+12 1.175013622e+11 3826 
0.09624105341 4.611883096e+12 1.065593249e+11 3781 
0.09775666056 4.24945308e+12 9.884601606e+10 3769 
0.0992722677 4.05041756e+12 9.217381366e+10 3838 
0.1007878748 3.686697445e+12 8.384910008e+10 3750 
0.102303482 3.368356614e+12 7.844924104e+10 3565 
0.1038190891 3.177108714e+12 7.313555978e+10 3642 
0.1053346963 2.971202263e+12 6.87261935e+10 3634 
0.1068503034 2.629614364e+12 6.374458167e+10 3325 
0.1083659105 2.54767438e+12 5.873575735e+10 3478 
0.1098815177 2.376319966e+12 5.524221366e+10 3454 
0.1113971248 2.137409242e+12 5.126961933e+10 3266 
0.112912732 1.989041464e+12 4.789079809e+10 3259 
0.1144283391 1.834017843e+12 4.374299362e+10 3253 
0.1159439462 1.721874527e+12 4.067232248e+10 3282 
0.1174595534 1.537351408e+12 3.849753328e+10 3045 
0.1189751605 1.483105978e+12 3.613307701e+10 3104 
0.1204907677 1.299226385e+12 3.268159512e+10 2946 
0.1220063748 1.248476901e+12 3.181240198e+10 2880 
0.1235219819 1.148614846e+12 2.884354063e+10 2932 
0.1250375891 1.037947067e+12 2.667424844e+10 2777 
0.1265531962 1.006049883e+12 2.60851714e+10 2751 
0.1280688034 9.134205181e+11 2.424755341e+10 2592 
0.1295844105 8.504536094e+11 2.284975019e+10 2596 
0.1311000176 7.994413208e+11 2.146325311e+10 2508 
0.1326156248 7.288662443e+11 1.985810602e+10 2413 
0.1341312319 6.711006052e+11 1.840844872e+10 2402 
0.1356468391 5.983067539e+11 1.659230712e+10 2325 
0.1371624462 5.952571419e+11 1.664264426e+10 2256 
0.1386780533 5.021457937e+11 1.475226507e+10 2112 
0.1401936605 4.774684027e+11 1.400687035e+10 2060 
0.1417092676 4.354485941e+11 1.295609815e+10 2000 
0.1432248748 4.098642456e+11 1.237555459e+10 1940 
0.1447404819 3.848100881e+11 1.175523144e+10 1867 
0.146256089 3.667875109e+11 1.1237054e+10 1902 
0.1477716962 3.292328482e+11 1.049111104e+10 1779 
0.1492873033 3.196802176e+11 9972893074 1819 
0.1508029105 2.846820187e+11 9179388923 1664 
