# Format: McCode with text headers
# URL: http://www.mccode.org
# Creator:  3.8.5, git
# Instrument: eqsans_sans.instr
# Ncount: 10000000
# Trace: no
# Gravitation: no
# Seed: 1790184589808563
# Directory: /Users/georgeyumnam/WORK/PANRAID/PaNRAID-results/Group2/panraidproject/scan_sans_sample/x+13_y-10
# Param: gx=0.013
# Param: gy=-0.01
# Param: sample_on=1
# Param: R_sphere=100
# Param: Phi=0.01
# Param: bs_radius=0
# Param: samp_ap=0.01
# Date: Wed Sep 23 19:30:24 2026 (1790184624)
# type: array_1d(120)
# Source: EQ_SANS_sample (eqsans_sans.instr)
# component: lambda_det
# position: 0 0 22.28
# title: Wavelength monitor
# Ncount: 10000000
# filename: lambda_det.dat
# statistics: X0=4.16252; dX=1.02582;
# signal: Min=0; Max=7305.64; Mean=979.786;
# values: 117574 8369.93 3653
# xvar: L
# yvar: (I,I_err)
# xlabel: Wavelength [AA]
# ylabel: Intensity
# xlimits: 0 12
# variables: L I I_err N
0.05 0 0 0 
0.15 0 0 0 
0.25 0 0 0 
0.35 0 0 0 
0.45 0 0 0 
0.55 0 0 0 
0.65 0 0 0 
0.75 0 0 0 
0.85 0 0 0 
0.95 0 0 0 
1.05 0 0 0 
1.15 0 0 0 
1.25 0 0 0 
1.35 0 0 0 
1.45 0 0 0 
1.55 0 0 0 
1.65 0 0 0 
1.75 0 0 0 
1.85 0 0 0 
1.95 0 0 0 
2.05 0 0 0 
2.15 0 0 0 
2.25 0.05986543224 0.06346328153 3 
2.35 3.785483386 4.097718122 4 
2.45 0.7457490358 0.4652318417 6 
2.55 1.814003426 0.9120201113 14 
2.65 1166.824201 1183.764302 23 
2.75 1108.203815 670.4324017 63 
2.85 4888.399854 1760.33192 166 
2.95 4951.860185 1720.316495 242 
3.05 7051.095422 1971.039999 225 
3.15 2456.811054 978.1244829 229 
3.25 5444.019526 1907.724153 230 
3.35 5511.108571 2060.874291 178 
3.45 3740.172308 1205.149004 176 
3.55 7305.644099 2220.065523 150 
3.65 5375.516854 1859.345417 143 
3.75 4295.385742 1792.034238 125 
3.85 5037.795731 1887.276535 146 
3.95 3019.89372 990.1105651 114 
4.05 4915.266446 1855.344089 118 
4.15 4294.413586 1309.790982 129 
4.25 2414.881544 1286.869525 82 
4.35 4036.931992 1737.406387 97 
4.45 2515.644049 1094.78753 81 
4.55 2827.0018 1250.139051 82 
4.65 3136.841354 1481.930916 72 
4.75 1575.998511 573.3849441 69 
4.85 2055.195683 1327.761369 66 
4.95 2503.639752 1432.695823 48 
5.05 2362.755176 1168.946031 47 
5.15 1853.086719 909.5267699 46 
5.25 1452.892424 639.2814586 58 
5.35 308.1585632 112.2505766 44 
5.45 1708.356019 843.7696896 52 
5.55 3272.349405 1648.048741 56 
5.65 2585.276981 1308.026571 30 
5.75 664.4315385 302.1006966 27 
5.85 2246.541934 1082.235749 32 
5.95 451.0036153 251.2532942 25 
6.05 1254.331768 746.1558389 40 
6.15 1864.106093 1041.934233 29 
6.25 1186.621838 583.2117778 29 
6.35 1936.285018 869.198687 23 
6.45 1717.548381 1254.743605 16 
6.55 966.2387457 590.5958967 14 
6.65 109.4247463 72.26339299 4 
6.75 0 0 0 
6.85 0 0 0 
6.95 0 0 0 
7.05 0 0 0 
7.15 0 0 0 
7.25 0 0 0 
7.35 0 0 0 
7.45 0 0 0 
7.55 0 0 0 
7.65 0 0 0 
7.75 0 0 0 
7.85 0 0 0 
7.95 0 0 0 
8.05 0 0 0 
8.15 0 0 0 
8.25 0 0 0 
8.35 0 0 0 
8.45 0 0 0 
8.55 0 0 0 
8.65 0 0 0 
8.75 0 0 0 
8.85 0 0 0 
8.95 0 0 0 
9.05 0 0 0 
9.15 0 0 0 
9.25 0 0 0 
9.35 0 0 0 
9.45 0 0 0 
9.55 0 0 0 
9.65 0 0 0 
9.75 0 0 0 
9.85 0 0 0 
9.95 0 0 0 
10.05 0 0 0 
10.15 0 0 0 
10.25 0 0 0 
10.35 0 0 0 
10.45 0 0 0 
10.55 0 0 0 
10.65 0 0 0 
10.75 0 0 0 
10.85 0 0 0 
10.95 0 0 0 
11.05 0 0 0 
11.15 0 0 0 
11.25 0 0 0 
11.35 0 0 0 
11.45 0 0 0 
11.55 0 0 0 
11.65 0 0 0 
11.75 0 0 0 
11.85 0 0 0 
11.95 0 0 0 
