# Format: McCode with text headers
# URL: http://www.mccode.org
# Creator:  3.8.5, git
# Instrument: eqsans_sans.instr
# Ncount: 10000000
# Trace: no
# Gravitation: no
# Seed: 1790183057863795
# Directory: /Users/georgeyumnam/WORK/PANRAID/PaNRAID-results/Group2/panraidproject/scan_sans_sample/x+02_y+07
# Param: gx=0.002
# Param: gy=0.007
# Param: sample_on=1
# Param: R_sphere=100
# Param: Phi=0.01
# Param: bs_radius=0
# Param: samp_ap=0.01
# Date: Wed Sep 23 19:04:52 2026 (1790183092)
# type: array_1d(120)
# Source: EQ_SANS_sample (eqsans_sans.instr)
# component: lambda_det
# position: 0 0 22.28
# title: Wavelength monitor
# Ncount: 10000000
# filename: lambda_det.dat
# statistics: X0=4.32916; dX=1.05676;
# signal: Min=0; Max=13263.6; Mean=2009.92;
# values: 241191 11947.7 7242
# xvar: L
# yvar: (I,I_err)
# xlabel: Wavelength [AA]
# ylabel: Intensity
# xlimits: 0 12
# variables: L I I_err N
0.05 0 0 0 
0.15 0 0 0 
0.25 0 0 0 
0.35 0 0 0 
0.45 0 0 0 
0.55 0 0 0 
0.65 0 0 0 
0.75 0 0 0 
0.85 0 0 0 
0.95 0 0 0 
1.05 0 0 0 
1.15 0 0 0 
1.25 0 0 0 
1.35 0 0 0 
1.45 0 0 0 
1.55 0 0 0 
1.65 0 0 0 
1.75 0 0 0 
1.85 0 0 0 
1.95 0 0 0 
2.05 0.01618458611 0.01618458611 1 
2.15 0 0 0 
2.25 0.1638921762 0.1202417297 2 
2.35 89.58885365 109.7141326 2 
2.45 26.91344312 24.55776409 14 
2.55 1374.593141 1173.31411 26 
2.65 13.49366357 4.745951546 52 
2.75 3606.109765 1653.244648 192 
2.85 5368.894744 1894.741796 334 
2.95 13263.56562 2977.062879 487 
3.05 9214.553658 2397.79858 424 
3.15 8819.637545 2080.654184 390 
3.25 6367.095265 1884.708953 412 
3.35 6246.045079 1595.858348 370 
3.45 12216.47261 2892.85022 362 
3.55 10252.41264 2384.72443 344 
3.65 4318.706987 1110.788745 320 
3.75 8376.526822 2159.712591 308 
3.85 9029.460987 2314.075778 258 
3.95 5927.192915 1873.886102 236 
4.05 11728.85561 2532.876343 225 
4.15 7140.863436 2154.073486 188 
4.25 7924.754709 2252.981265 199 
4.35 8033.096919 2318.212316 197 
4.45 8023.616072 2414.579351 154 
4.55 4970.535075 1406.888698 178 
4.65 5837.324196 1999.618786 134 
4.75 5637.978172 1795.625235 126 
4.85 4776.702574 1554.786444 105 
4.95 3269.864513 1073.745541 112 
5.05 4652.957109 1712.20433 104 
5.15 5240.654847 1569.762964 110 
5.25 5589.251345 1803.111702 102 
5.35 3411.701246 1350.067467 85 
5.45 4445.622515 1598.330617 93 
5.55 6971.512736 2219.858737 78 
5.65 2139.752603 1018.097807 81 
5.75 6018.831589 2006.287149 71 
5.85 4538.714006 1811.881689 59 
5.95 5577.129021 1942.941933 58 
6.05 4107.829953 1409.534536 50 
6.15 2761.167406 1222.442921 40 
6.25 6446.061436 2127.644208 54 
6.35 4495.628491 1616.50628 52 
6.45 1837.107316 914.8500234 34 
6.55 480.3117833 363.4382873 17 
6.65 621.4960547 759.6305708 2 
6.75 0 0 0 
6.85 0 0 0 
6.95 0 0 0 
7.05 0 0 0 
7.15 0 0 0 
7.25 0 0 0 
7.35 0 0 0 
7.45 0 0 0 
7.55 0 0 0 
7.65 0 0 0 
7.75 0 0 0 
7.85 0 0 0 
7.95 0 0 0 
8.05 0 0 0 
8.15 0 0 0 
8.25 0 0 0 
8.35 0 0 0 
8.45 0 0 0 
8.55 0 0 0 
8.65 0 0 0 
8.75 0 0 0 
8.85 0 0 0 
8.95 0 0 0 
9.05 0 0 0 
9.15 0 0 0 
9.25 0 0 0 
9.35 0 0 0 
9.45 0 0 0 
9.55 0 0 0 
9.65 0 0 0 
9.75 0 0 0 
9.85 0 0 0 
9.95 0 0 0 
10.05 0 0 0 
10.15 0 0 0 
10.25 0 0 0 
10.35 0 0 0 
10.45 0 0 0 
10.55 0 0 0 
10.65 0 0 0 
10.75 0 0 0 
10.85 0 0 0 
10.95 0 0 0 
11.05 0 0 0 
11.15 0 0 0 
11.25 0 0 0 
11.35 0 0 0 
11.45 0 0 0 
11.55 0 0 0 
11.65 0 0 0 
11.75 0 0 0 
11.85 0 0 0 
11.95 0 0 0 
