# Format: McCode with text headers
# URL: http://www.mccode.org
# Creator:  3.8.5, git
# Instrument: eqsans_cylinder.instr
# Ncount: 5000000
# Trace: no
# Gravitation: no
# Seed: 1790194315602453
# Directory: /Users/georgeyumnam/WORK/PANRAID/PaNRAID-results/Group2/panraidproject/dataset_cylinder/cyl_000898
# Param: gx=0
# Param: gy=0
# Param: sample_on=1
# Param: bs_radius=0
# Param: samp_ap=0.01
# Param: sld=4.18018
# Param: sld_solvent=1
# Param: radius=191.166
# Param: length=307.282
# Param: pd_radius=0.120642
# Param: pd_length=0.194704
# Param: model_scale=1
# Param: model_abs=0
# Date: Wed Sep 23 22:12:13 2026 (1790194333)
# type: array_1d(100)
# Source: EQ_SANS_cylinder (eqsans_cylinder.instr)
# component: qmon
# position: 0 0 22.281
# title: QMonitor - Radially averaged distribution
# Ncount: 5000000
# filename: rdet.dat
# statistics: X0=0.0388444; dX=0.0326465;
# signal: Min=5.58472e+12; Max=8.78467e+16; Mean=8.47942e+15;
# values: 8.47942e+17 3.09368e+16 161048
# xvar: r
# yvar: (I,I_err)
# xlabel: Radius [m]
# ylabel: I(r)
# xlimits: 0 0.5
# variables: r I I_err N
0.0025 4.978491317e+16 1.658438335e+16 13 
0.0075 8.250646617e+16 1.532555445e+16 52 
0.0125 8.784669377e+16 1.337257254e+16 85 
0.0175 5.975383793e+16 7.760998051e+15 103 
0.0225 6.588083634e+16 7.124676566e+15 139 
0.0275 6.043327157e+16 6.143981879e+15 171 
0.0325 5.382827535e+16 5.404103543e+15 191 
0.0375 5.122195282e+16 5.325938773e+15 220 
0.0425 5.007310904e+16 4.634440299e+15 286 
0.0475 4.942611203e+16 4.100099721e+15 312 
0.0525 3.482195621e+16 2.738121195e+15 339 
0.0575 3.051720135e+16 2.610210744e+15 335 
0.0625 2.877821057e+16 2.343401008e+15 393 
0.0675 2.211188904e+16 1.864311247e+15 413 
0.0725 2.101357724e+16 1.904163982e+15 441 
0.0775 1.763673755e+16 1.513116974e+15 493 
0.0825 1.589235785e+16 1.272453584e+15 538 
0.0875 1.227030257e+16 1.045678107e+15 552 
0.0925 9.556780646e+15 8.020963888e+14 582 
0.0975 7.694692942e+15 6.640303047e+14 609 
0.1025 5.841601723e+15 5.575769446e+14 644 
0.1075 5.284805184e+15 4.83470985e+14 696 
0.1125 3.95898401e+15 3.305824227e+14 738 
0.1175 3.897260946e+15 4.336875594e+14 759 
0.1225 2.819932317e+15 2.648048561e+14 787 
0.1275 2.446454267e+15 2.102473822e+14 866 
0.1325 1.631163602e+15 1.414005984e+14 851 
0.1375 1.672887192e+15 1.549174425e+14 897 
0.1425 1.220532908e+15 1.103039453e+14 925 
0.1475 9.882471958e+14 8.854420005e+13 956 
0.1525 7.955183208e+14 6.314775528e+13 956 
0.1575 6.311715598e+14 5.045601729e+13 1032 
0.1625 5.627251869e+14 3.451133142e+13 1082 
0.1675 4.663470399e+14 3.018144191e+13 1095 
0.1725 3.986315904e+14 2.687459085e+13 1081 
0.1775 3.668423311e+14 2.375543122e+13 1132 
0.1825 3.020848377e+14 1.479498286e+13 1197 
0.1875 2.936342796e+14 1.524907727e+13 1213 
0.1925 2.670384398e+14 1.425140311e+13 1276 
0.1975 2.324416731e+14 1.189698121e+13 1234 
0.2025 2.226851677e+14 1.097306564e+13 1283 
0.2075 1.934524124e+14 9.552457381e+12 1265 
0.2125 1.878312599e+14 8.889099049e+12 1447 
0.2175 1.799247372e+14 8.919719123e+12 1430 
0.2225 1.311094467e+14 6.496768327e+12 1376 
0.2275 1.443768397e+14 7.278735753e+12 1413 
0.2325 1.270002411e+14 6.034612217e+12 1538 
0.2375 1.186737913e+14 5.899153879e+12 1560 
0.2425 1.035333022e+14 4.957886866e+12 1478 
0.2475 1.05317872e+14 4.751576124e+12 1612 
0.2525 8.788027909e+13 3.872724718e+12 1639 
0.2575 7.955133627e+13 3.658094109e+12 1592 
0.2625 8.282216787e+13 3.666393094e+12 1804 
0.2675 7.125955548e+13 3.194543051e+12 1718 
0.2725 5.929342637e+13 2.588073183e+12 1683 
0.2775 5.786870959e+13 2.381413009e+12 1793 
0.2825 5.808695339e+13 2.429960098e+12 1881 
0.2875 5.389463094e+13 2.269937673e+12 1882 
0.2925 4.453780617e+13 1.712175112e+12 1887 
0.2975 4.403713499e+13 1.804398294e+12 1871 
0.3025 4.186395176e+13 1.670822366e+12 1894 
0.3075 3.726516261e+13 1.405737236e+12 2024 
0.3125 3.582378158e+13 1.415438345e+12 1993 
0.3175 3.378943916e+13 1.313242352e+12 2034 
0.3225 3.260375338e+13 1.192523973e+12 2171 
0.3275 3.058755582e+13 1.157047238e+12 2091 
0.3325 2.864736772e+13 1.104226712e+12 2125 
0.3375 2.478473847e+13 9.237983462e+11 2119 
0.3425 2.438261375e+13 8.786667142e+11 2248 
0.3475 2.230798381e+13 8.241956867e+11 2164 
0.3525 2.046022457e+13 7.361399322e+11 2211 
0.3575 2.153597877e+13 7.707893942e+11 2346 
0.3625 2.071522626e+13 7.502066963e+11 2349 
0.3675 1.883378479e+13 6.9749549e+11 2343 
0.3725 1.816855394e+13 6.330639119e+11 2398 
0.3775 1.697968939e+13 6.035942516e+11 2410 
0.3825 1.605676054e+13 5.518455641e+11 2422 
0.3875 1.462109552e+13 5.059217082e+11 2444 
0.3925 1.46230892e+13 5.112540581e+11 2584 
0.3975 1.401076886e+13 4.754551626e+11 2513 
0.4025 1.379657253e+13 4.585321872e+11 2683 
0.4075 1.237692737e+13 4.130866868e+11 2590 
0.4125 1.178740225e+13 3.855860029e+11 2685 
0.4175 1.13446487e+13 3.723932963e+11 2731 
0.4225 1.061989914e+13 3.470713786e+11 2719 
0.4275 9.735650753e+12 3.258702403e+11 2677 
0.4325 9.88882611e+12 3.178681627e+11 2843 
0.4375 9.360786651e+12 3.018553054e+11 2886 
0.4425 8.964044431e+12 2.823233379e+11 2867 
0.4475 8.398866605e+12 2.641038277e+11 2957 
0.4525 8.386012045e+12 2.617871551e+11 2963 
0.4575 7.691583544e+12 2.450383483e+11 2916 
0.4625 7.147485398e+12 2.276201062e+11 2881 
0.4675 6.987436681e+12 2.151602802e+11 2978 
0.4725 6.622199294e+12 2.045388553e+11 3061 
0.4775 6.730684922e+12 2.080933744e+11 3055 
0.4825 6.415760228e+12 1.933724187e+11 3191 
0.4875 6.173576645e+12 1.840981719e+11 3220 
0.4925 5.66016006e+12 1.683257339e+11 3178 
0.4975 5.584716099e+12 1.687720541e+11 3248 
