# Format: McCode with text headers
# URL: http://www.mccode.org
# Creator:  3.8.5, git
# Instrument: eqsans_1_fixed.instr
# Ncount: 1000000
# Trace: no
# Gravitation: no
# Seed: 1790169889770773
# Directory: /Users/georgeyumnam/WORK/PANRAID/PaNRAID-results/Group2/panraidproject/scan_guide_xy/x+06_y+10
# Param: gx=0.006
# Param: gy=0.01
# Date: Wed Sep 23 15:24:53 2026 (1790169893)
# type: array_1d(120)
# Source: EQ_SANS (eqsans_1_fixed.instr)
# component: lambda_det
# position: 0 0 22.28
# title: Wavelength monitor
# Ncount: 1000000
# filename: lambda_det.dat
# statistics: X0=4.04916; dX=0.975956;
# signal: Min=0; Max=3.76917e+06; Mean=561749;
# values: 6.74098e+07 629590 22671
# xvar: L
# yvar: (I,I_err)
# xlabel: Wavelength [AA]
# ylabel: Intensity
# xlimits: 0 12
# variables: L I I_err N
0.05 0 0 0 
0.15 0 0 0 
0.25 0 0 0 
0.35 0 0 0 
0.45 0 0 0 
0.55 0 0 0 
0.65 0 0 0 
0.75 0 0 0 
0.85 0 0 0 
0.95 0 0 0 
1.05 0 0 0 
1.15 0 0 0 
1.25 0 0 0 
1.35 0 0 0 
1.45 0 0 0 
1.55 0 0 0 
1.65 0 0 0 
1.75 0 0 0 
1.85 0 0 0 
1.95 0 0 0 
2.05 0 0 0 
2.15 16442.30383 11630.67284 2 
2.25 13840.4353 9776.336554 3 
2.35 17297.5888 8219.782705 8 
2.45 83194.04508 24745.07324 24 
2.55 164052.8389 30779.66105 65 
2.65 375742.7087 48896.75131 139 
2.75 1220923.771 86014.38915 456 
2.85 2789225.131 131709.6666 922 
2.95 3683814.266 149780.534 1251 
3.05 3769169.413 150869.5192 1249 
3.15 3396891.555 143024.4056 1146 
3.25 3545879.242 148298.7336 1122 
3.35 3005072.976 134247.398 1019 
3.45 2677747.507 122638.0911 1003 
3.55 2661303.775 124434.9136 907 
3.65 2837679.589 130039.0574 933 
3.75 2663165.751 124975.7349 866 
3.85 2533978.2 120915.1948 834 
3.95 2461455.771 120793.3345 769 
4.05 2085624.755 111146.5637 703 
4.15 2260668.25 113707.8308 711 
4.25 1738315.336 99343.01268 608 
4.35 1683410.806 97645.46962 568 
4.45 1629148.303 96253.70462 558 
4.55 1558547.311 95988.14464 527 
4.65 1584431.603 94702.25569 521 
4.75 1620902.288 96953.26257 530 
4.85 1308833.156 87487.31519 463 
4.95 1220695.262 82722.01044 444 
5.05 1282059.245 85997.32879 436 
5.15 994882.4207 76256.58691 365 
5.25 1006564.097 73494.18208 372 
5.35 1066570.734 79547.4272 346 
5.45 1034599.834 77740.31896 326 
5.55 936765.5067 74698.0492 319 
5.65 809851.3528 66701.4536 272 
5.75 927454.7748 72905.56479 304 
5.85 877983.5759 70579.58704 299 
5.95 682143.6962 61917.70831 248 
6.05 780196.909 67150.1666 251 
6.15 708873.3901 65015.18881 224 
6.25 481371.1612 50416.38537 177 
6.35 520543.4386 55711.60148 171 
6.45 437471.0534 53504.78319 129 
6.55 211147.6512 33525.17981 71 
6.65 43895.31675 17106.51926 10 
6.75 0 0 0 
6.85 0 0 0 
6.95 0 0 0 
7.05 0 0 0 
7.15 0 0 0 
7.25 0 0 0 
7.35 0 0 0 
7.45 0 0 0 
7.55 0 0 0 
7.65 0 0 0 
7.75 0 0 0 
7.85 0 0 0 
7.95 0 0 0 
8.05 0 0 0 
8.15 0 0 0 
8.25 0 0 0 
8.35 0 0 0 
8.45 0 0 0 
8.55 0 0 0 
8.65 0 0 0 
8.75 0 0 0 
8.85 0 0 0 
8.95 0 0 0 
9.05 0 0 0 
9.15 0 0 0 
9.25 0 0 0 
9.35 0 0 0 
9.45 0 0 0 
9.55 0 0 0 
9.65 0 0 0 
9.75 0 0 0 
9.85 0 0 0 
9.95 0 0 0 
10.05 0 0 0 
10.15 0 0 0 
10.25 0 0 0 
10.35 0 0 0 
10.45 0 0 0 
10.55 0 0 0 
10.65 0 0 0 
10.75 0 0 0 
10.85 0 0 0 
10.95 0 0 0 
11.05 0 0 0 
11.15 0 0 0 
11.25 0 0 0 
11.35 0 0 0 
11.45 0 0 0 
11.55 0 0 0 
11.65 0 0 0 
11.75 0 0 0 
11.85 0 0 0 
11.95 0 0 0 
