# Format: McCode with text headers
# URL: http://www.mccode.org
# Creator:  3.8.5, git
# Instrument: eqsans_cylinder.instr
# Ncount: 5000000
# Trace: no
# Gravitation: no
# Seed: 1790195245887199
# Directory: /Users/georgeyumnam/WORK/PANRAID/PaNRAID-results/Group2/panraidproject/dataset_cylinder/cyl_001414
# Param: gx=0
# Param: gy=0
# Param: sample_on=1
# Param: bs_radius=0
# Param: samp_ap=0.01
# Param: sld=7.06716
# Param: sld_solvent=1
# Param: radius=20.3761
# Param: length=247.119
# Param: pd_radius=0.090596
# Param: pd_length=0.028921
# Param: model_scale=1
# Param: model_abs=0
# Date: Wed Sep 23 22:27:43 2026 (1790195263)
# type: array_1d(100)
# Source: EQ_SANS_cylinder (eqsans_cylinder.instr)
# component: qmon
# position: 0 0 22.281
# title: QMonitor - Distribution in q (Radially averaged)
# Ncount: 5000000
# filename: qdet.dat
# statistics: X0=0.0276265; dX=0.0252094;
# signal: Min=1.80028e+11; Max=1.31349e+14; Mean=2.78651e+13;
# values: 2.78651e+15 3.28869e+13 263221
# xvar: q
# yvar: (I,I_err)
# xlabel: q [1 / AA]
# ylabel: I(q)
# xlimits: 0 0.151561
# variables: q I I_err N
0.0007578035702 1.211894331e+14 2.208119108e+13 42 
0.002273410711 1.313485435e+14 1.271904092e+13 145 
0.003789017851 1.151811867e+14 9.757524471e+12 200 
0.005304624991 1.052403584e+14 7.748994184e+12 260 
0.006820232132 1.245086562e+14 7.654816337e+12 404 
0.008335839272 1.097941007e+14 6.15123192e+12 459 
0.009851446413 1.145252106e+14 5.91967929e+12 552 
0.01136705355 1.128113385e+14 5.201043173e+12 674 
0.01288266069 1.025290617e+14 4.600679506e+12 736 
0.01439826783 9.954594844e+13 4.216387102e+12 837 
0.01591387497 9.366687991e+13 3.808373847e+12 944 
0.01742948211 9.134845801e+13 3.513092615e+12 1029 
0.01894508925 8.035444174e+13 3.052842533e+12 1060 
0.0204606964 7.560452425e+13 2.724666626e+12 1178 
0.02197630354 7.092288976e+13 2.496693491e+12 1252 
0.02349191068 6.853412776e+13 2.307940504e+12 1363 
0.02500751782 6.206767605e+13 2.069730526e+12 1409 
0.02652312496 5.729968456e+13 1.863278602e+12 1467 
0.0280387321 5.13499451e+13 1.655059209e+12 1468 
0.02955433924 5.294927236e+13 1.587161744e+12 1689 
0.03106994638 4.835691118e+13 1.42086159e+12 1771 
0.03258555352 4.590613375e+13 1.327835115e+12 1848 
0.03410116066 4.019879229e+13 1.161486267e+12 1765 
0.0356167678 3.953891334e+13 1.094767923e+12 1925 
0.03713237494 3.852582895e+13 1.018852035e+12 2068 
0.03864798208 3.744351218e+13 9.728202582e+11 2172 
0.04016358922 3.613522329e+13 9.090849524e+11 2285 
0.04167919636 3.378811707e+13 8.455547042e+11 2330 
0.0431948035 3.327553683e+13 8.074269062e+11 2467 
0.04471041064 3.115774229e+13 7.503263414e+11 2517 
0.04622601778 3.001019676e+13 7.03181548e+11 2647 
0.04774162492 2.702464812e+13 6.266411515e+11 2631 
0.04925723206 2.728579963e+13 6.30551377e+11 2799 
0.0507728392 2.569441633e+13 5.694491174e+11 2918 
0.05228844634 2.47581926e+13 5.412443332e+11 2996 
0.05380405348 2.25713718e+13 4.956613587e+11 2954 
0.05531966062 2.151683225e+13 4.661071888e+11 3058 
0.05683526776 2.037236486e+13 4.380240819e+11 3082 
0.05835087491 1.998400215e+13 4.197856669e+11 3261 
0.05986648205 1.929427064e+13 3.991914974e+11 3383 
0.06138208919 1.820612993e+13 3.720030242e+11 3419 
0.06289769633 1.766665418e+13 3.535347621e+11 3525 
0.06441330347 1.696020389e+13 3.386311041e+11 3540 
0.06592891061 1.624628596e+13 3.240142522e+11 3573 
0.06744451775 1.522658182e+13 2.989316033e+11 3622 
0.06896012489 1.451928788e+13 2.830532742e+11 3652 
0.07047573203 1.397087988e+13 2.664222918e+11 3789 
0.07199133917 1.319481033e+13 2.531363242e+11 3751 
0.07350694631 1.296213025e+13 2.39970653e+11 3967 
0.07502255345 1.205122437e+13 2.236326985e+11 3977 
0.07653816059 1.114084187e+13 2.102055578e+11 3859 
0.07805376773 1.087355047e+13 2.010471941e+11 3981 
0.07956937487 1.000015613e+13 1.848856145e+11 3967 
0.08108498201 9.662463668e+12 1.773774524e+11 3991 
0.08260058915 9.133662534e+12 1.678587726e+11 4004 
0.08411619629 8.751990056e+12 1.573009893e+11 4126 
0.08563180343 8.110466904e+12 1.473037413e+11 4069 
0.08714741057 7.675173182e+12 1.3989518e+11 3975 
0.08866301771 7.201764818e+12 1.305304466e+11 4031 
0.09017862485 6.639431955e+12 1.205659635e+11 3956 
0.09169423199 6.435619366e+12 1.154561872e+11 4053 
0.09320983913 6.007102004e+12 1.074795857e+11 4011 
0.09472544627 5.476085404e+12 1.00102416e+11 3883 
0.09624105341 5.218489289e+12 9.54364195e+10 3844 
0.09775666056 4.826304022e+12 8.89362526e+10 3786 
0.0992722677 4.439444652e+12 8.177294734e+10 3764 
0.1007878748 4.243691251e+12 7.758410023e+10 3771 
0.102303482 3.945310354e+12 7.216739143e+10 3756 
0.1038190891 3.580654855e+12 6.707994388e+10 3610 
0.1053346963 3.359129659e+12 6.271888641e+10 3560 
0.1068503034 3.095661728e+12 5.810516386e+10 3527 
0.1083659105 2.975011852e+12 5.548390225e+10 3576 
0.1098815177 2.708061973e+12 5.116510502e+10 3481 
0.1113971248 2.509658435e+12 4.783216688e+10 3422 
0.112912732 2.346077448e+12 4.474541006e+10 3375 
0.1144283391 2.174455463e+12 4.127890203e+10 3393 
0.1159439462 1.873907477e+12 3.711927839e+10 3114 
0.1174595534 1.820499389e+12 3.501860038e+10 3295 
0.1189751605 1.735339719e+12 3.396271084e+10 3197 
0.1204907677 1.521104647e+12 3.027025979e+10 3079 
0.1220063748 1.382268188e+12 2.786664113e+10 2993 
0.1235219819 1.267515112e+12 2.573268047e+10 2956 
0.1250375891 1.136804207e+12 2.377256588e+10 2804 
0.1265531962 1.021897304e+12 2.135194648e+10 2811 
0.1280688034 9.483233732e+11 2.007170054e+10 2760 
0.1295844105 8.848278561e+11 1.876846502e+10 2726 
0.1311000176 7.871951971e+11 1.717049401e+10 2614 
0.1326156248 6.786609706e+11 1.527888349e+10 2448 
0.1341312319 6.175554405e+11 1.406697466e+10 2412 
0.1356468391 5.303331462e+11 1.2524436e+10 2247 
0.1371624462 4.800470826e+11 1.133540695e+10 2236 
0.1386780533 4.450971711e+11 1.069203426e+10 2190 
0.1401936605 3.986239006e+11 9714001217 2173 
0.1417092676 3.701915462e+11 9002069016 2180 
0.1432248748 3.288155832e+11 8114579952 2104 
0.1447404819 2.861846221e+11 7350069253 1966 
0.146256089 2.499594559e+11 6633460359 1894 
0.1477716962 2.284254989e+11 6070008611 1870 
0.1492873033 1.938745096e+11 5363933619 1773 
0.1508029105 1.800278589e+11 5037884728 1748 
