# Format: McCode with text headers
# URL: http://www.mccode.org
# Creator:  3.8.5, git
# Instrument: eqsans_1_fixed.instr
# Ncount: 1000000
# Trace: no
# Gravitation: no
# Seed: 1790170082752584
# Directory: /Users/georgeyumnam/WORK/PANRAID/PaNRAID-results/Group2/panraidproject/scan_guide_xy/x+19_y-12
# Param: gx=0.019
# Param: gy=-0.012
# Date: Wed Sep 23 15:28:06 2026 (1790170086)
# type: array_1d(120)
# Source: EQ_SANS (eqsans_1_fixed.instr)
# component: lambda_det
# position: 0 0 22.28
# title: Wavelength monitor
# Ncount: 1000000
# filename: lambda_det.dat
# statistics: X0=4.1161; dX=0.97942;
# signal: Min=0; Max=1.42247e+06; Mean=206795;
# values: 2.48154e+07 404203 6663
# xvar: L
# yvar: (I,I_err)
# xlabel: Wavelength [AA]
# ylabel: Intensity
# xlimits: 0 12
# variables: L I I_err N
0.05 0 0 0 
0.15 0 0 0 
0.25 0 0 0 
0.35 0 0 0 
0.45 0 0 0 
0.55 0 0 0 
0.65 0 0 0 
0.75 0 0 0 
0.85 0 0 0 
0.95 0 0 0 
1.05 0 0 0 
1.15 0 0 0 
1.25 0 0 0 
1.35 0 0 0 
1.45 0 0 0 
1.55 0 0 0 
1.65 0 0 0 
1.75 0 0 0 
1.85 0 0 0 
1.95 0 0 0 
2.05 0 0 0 
2.15 0 0 0 
2.25 8222.520227 9408.990407 2 
2.35 13457.31178 9442.837335 4 
2.45 14634.90415 9765.686404 7 
2.55 43838.84867 15908.60844 22 
2.65 113896.4051 27248.09217 37 
2.75 224816.0995 38658.98088 70 
2.85 675615.4377 68773.20073 209 
2.95 1200722.204 90062.76591 346 
3.05 1422469.275 97836.69454 386 
3.15 1179192.337 87358.61703 352 
3.25 1174985.254 88367.42084 327 
3.35 1372798.465 95316.7957 347 
3.45 1161289.769 87867.35598 314 
3.55 1091357.55 85912.7039 291 
3.65 886196.449 76337.80507 248 
3.75 811071.9161 73620.34485 209 
3.85 932225.1401 78804.12072 236 
3.95 902796.8816 77828.32563 220 
4.05 779267.8984 72637.9996 192 
4.15 750120.2633 68915.8537 205 
4.25 806948.8453 72944.71326 192 
4.35 657432.6294 65308.80405 188 
4.45 703524.2754 68173.25597 169 
4.55 579617.8918 61789.68476 163 
4.65 671537.3065 67403.47475 169 
4.75 545774.9 60297.38599 153 
4.85 609401.0688 61939.51427 157 
4.95 555665.1241 60186.31155 138 
5.05 509853.3578 57002.37232 141 
5.15 409575.4077 52309.07313 109 
5.25 351725.6569 47040.57986 104 
5.35 288427.8786 39776.73242 97 
5.45 426127.0005 50907.098 107 
5.55 287870.7715 43567.41275 84 
5.65 285308.6217 44369.80537 73 
5.75 330819.9377 47199.08544 93 
5.85 369088.1691 49091.45978 87 
5.95 317027.2662 45871.21854 75 
6.05 263894.7054 41279.55562 69 
6.15 216439.6748 36545.09676 64 
6.25 303406.8986 45960.63812 70 
6.35 224702.8376 37487.84232 59 
6.45 206484.1034 37819.58507 43 
6.55 119591.3122 27222.41752 31 
6.65 16156.72116 10493.1771 4 
6.75 0 0 0 
6.85 0 0 0 
6.95 0 0 0 
7.05 0 0 0 
7.15 0 0 0 
7.25 0 0 0 
7.35 0 0 0 
7.45 0 0 0 
7.55 0 0 0 
7.65 0 0 0 
7.75 0 0 0 
7.85 0 0 0 
7.95 0 0 0 
8.05 0 0 0 
8.15 0 0 0 
8.25 0 0 0 
8.35 0 0 0 
8.45 0 0 0 
8.55 0 0 0 
8.65 0 0 0 
8.75 0 0 0 
8.85 0 0 0 
8.95 0 0 0 
9.05 0 0 0 
9.15 0 0 0 
9.25 0 0 0 
9.35 0 0 0 
9.45 0 0 0 
9.55 0 0 0 
9.65 0 0 0 
9.75 0 0 0 
9.85 0 0 0 
9.95 0 0 0 
10.05 0 0 0 
10.15 0 0 0 
10.25 0 0 0 
10.35 0 0 0 
10.45 0 0 0 
10.55 0 0 0 
10.65 0 0 0 
10.75 0 0 0 
10.85 0 0 0 
10.95 0 0 0 
11.05 0 0 0 
11.15 0 0 0 
11.25 0 0 0 
11.35 0 0 0 
11.45 0 0 0 
11.55 0 0 0 
11.65 0 0 0 
11.75 0 0 0 
11.85 0 0 0 
11.95 0 0 0 
