# Format: McCode with text headers
# URL: http://www.mccode.org
# Creator:  3.8.5, git
# Instrument: eqsans_sans.instr
# Ncount: 10000000
# Trace: no
# Gravitation: no
# Seed: 1790182175642337
# Directory: /Users/georgeyumnam/WORK/PANRAID/PaNRAID-results/Group2/panraidproject/scan_sans_sample/x-04_y+01
# Param: gx=-0.004
# Param: gy=0.001
# Param: sample_on=1
# Param: R_sphere=100
# Param: Phi=0.01
# Param: bs_radius=0
# Param: samp_ap=0.01
# Date: Wed Sep 23 18:50:11 2026 (1790182211)
# type: array_1d(100)
# Source: EQ_SANS_sample (eqsans_sans.instr)
# component: qmon
# position: 0 0 22.281
# title: QMonitor - Radially averaged distribution
# Ncount: 10000000
# filename: rdet.dat
# statistics: X0=0.0568768; dX=0.0548548;
# signal: Min=85992.8; Max=5.41004e+08; Mean=2.84031e+07;
# values: 2.84031e+09 4.27295e+08 4962
# xvar: r
# yvar: (I,I_err)
# xlabel: Radius [m]
# ylabel: I(r)
# xlimits: 0 0.5
# variables: r I I_err N
0.0025 541003665.6 384396030.4 2 
0.0075 81527187.29 81527187.29 1 
0.0125 260921528.9 108434408.6 6 
0.0175 60238341.75 43019785.02 2 
0.0225 93742048.8 50343111.36 4 
0.0275 100381782.5 46218518.21 5 
0.0325 61369265.67 30987571.19 5 
0.0375 91404857.1 35587057.18 8 
0.0425 131675937.9 42694992.84 10 
0.0475 176387566.5 42748078.95 18 
0.0525 49519506.42 20583952.22 7 
0.0575 45630094.32 19078981.1 7 
0.0625 74054389.28 23359192.8 12 
0.0675 119376166.2 27898777.05 20 
0.0725 81470098.27 21445838.28 17 
0.0775 81132756.76 20296936.42 19 
0.0825 49431379.41 14509949.23 13 
0.0875 73781479.96 17627974.18 21 
0.0925 53065471.07 14318329.18 18 
0.0975 82741201.87 17554234.17 27 
0.1025 52990359.25 13116094.67 19 
0.1075 41047294.24 11462197.67 19 
0.1125 66561659.26 14131740.26 29 
0.1175 26415489.7 7577411.159 18 
0.1225 47183131.43 10481109.01 34 
0.1275 15685047.04 5082776.019 16 
0.1325 36339343.8 8205668.652 30 
0.1375 29754834.84 6771141.161 37 
0.1425 22931712.97 6242775.309 25 
0.1475 18879007.15 5423636.202 28 
0.1525 22143793.06 5678569.675 34 
0.1575 13946516.56 3601822.014 30 
0.1625 18449077.22 4719500.875 40 
0.1675 14867684.63 3585107.705 41 
0.1725 7271139.892 2415384.483 29 
0.1775 9465502.489 2994061.813 30 
0.1825 11018149.34 2946119.512 38 
0.1875 2985513.008 1319945.208 20 
0.1925 9056357.778 2512218.609 35 
0.1975 8346816.541 2335491.265 46 
0.2025 6522091.567 1751678.48 43 
0.2075 6384832.896 1877356.169 44 
0.2125 4849083.048 1409010.72 51 
0.2175 3820622.363 1135112.013 41 
0.2225 4756692.958 1565291.43 51 
0.2275 2868594.009 981359.3095 38 
0.2325 2434699.439 726503.9089 41 
0.2375 3154271.538 816034.7171 52 
0.2425 1239825.934 395532.1402 49 
0.2475 1382237.96 479458.8233 42 
0.2525 805431.4158 318019.2551 46 
0.2575 1032999.813 324507.3248 40 
0.2625 1145180.047 344073.5295 47 
0.2675 1420114.697 394468.0278 58 
0.2725 820622.0193 271679.7467 44 
0.2775 789015.889 263359.8228 46 
0.2825 830047.0078 301411.5252 54 
0.2875 746808.6689 239076.6709 48 
0.2925 610210.3064 155437.6957 55 
0.2975 713817.2112 288171.0238 59 
0.3025 640189.8674 214761.1475 64 
0.3075 505735.3414 160247.6029 58 
0.3125 398201.2339 76350.48842 64 
0.3175 544966.6813 155260.0104 54 
0.3225 356505.5224 68234.45024 71 
0.3275 476558.9123 74871.98864 72 
0.3325 404347.5864 66441.33315 75 
0.3375 336883.7297 56561.5095 66 
0.3425 247926.25 47810.09048 56 
0.3475 315817.3751 55285.6999 68 
0.3525 292343.0224 50528.75639 74 
0.3575 224299.3165 46002.16494 61 
0.3625 247557.5767 45601.27632 58 
0.3675 377439.4296 57876.06593 84 
0.3725 256788.0486 47958.43655 71 
0.3775 288465.1361 48496.57291 80 
0.3825 271595.0213 45640.40102 73 
0.3875 190922.843 38942.53277 72 
0.3925 185579.4125 35742.94618 73 
0.3975 247999.7478 42530.04986 92 
0.4025 248421.914 40011.44402 95 
0.4075 272926.4554 47132.09659 81 
0.4125 151580.2222 28510.30231 79 
0.4175 169738.9123 32897.84862 73 
0.4225 151669.9473 30880.15991 78 
0.4275 179838.6129 33251.58926 89 
0.4325 140707.2669 28393.62886 89 
0.4375 165324.0384 31341.925 86 
0.4425 162276.8475 29580.27426 85 
0.4475 123514.882 27518.56664 73 
0.4525 119706.9301 26167.09687 84 
0.4575 151618.2058 30534.06768 102 
0.4625 124217.2529 25881.70726 93 
0.4675 135443.0074 28308.75022 89 
0.4725 133026.1339 24312.32155 100 
0.4775 119204.5696 24411.82439 103 
0.4825 129941.9342 27156.89292 90 
0.4875 110289.9801 19774.80916 111 
0.4925 85992.76196 16886.26768 96 
0.4975 102924.3499 19444.9487 111 
