# Format: McCode with text headers
# URL: http://www.mccode.org
# Creator:  3.8.5, git
# Instrument: eqsans_cylinder.instr
# Ncount: 5000000
# Trace: no
# Gravitation: no
# Seed: 1790195067816114
# Directory: /Users/georgeyumnam/WORK/PANRAID/PaNRAID-results/Group2/panraidproject/dataset_cylinder/cyl_001314
# Param: gx=0
# Param: gy=0
# Param: sample_on=1
# Param: bs_radius=0
# Param: samp_ap=0.01
# Param: sld=2.14671
# Param: sld_solvent=1
# Param: radius=145.38
# Param: length=206.52
# Param: pd_radius=0.061985
# Param: pd_length=0.296295
# Param: model_scale=1
# Param: model_abs=0
# Date: Wed Sep 23 22:24:45 2026 (1790195085)
# type: array_1d(100)
# Source: EQ_SANS_cylinder (eqsans_cylinder.instr)
# component: qmon
# position: 0 0 22.281
# title: QMonitor - Radially averaged distribution
# Ncount: 5000000
# filename: rdet.dat
# statistics: X0=0.0481194; dX=0.0405534;
# signal: Min=3.90046e+11; Max=2.0687e+15; Mean=2.49343e+14;
# values: 2.49343e+16 7.11119e+14 161822
# xvar: r
# yvar: (I,I_err)
# xlabel: Radius [m]
# ylabel: I(r)
# xlimits: 0 0.5
# variables: r I I_err N
0.0025 1.013880903e+15 4.001420586e+14 11 
0.0075 1.774948547e+15 3.007083488e+14 54 
0.0125 2.068704047e+15 2.865936662e+14 95 
0.0175 1.839779461e+15 2.055375418e+14 125 
0.0225 1.540347108e+15 1.652005767e+14 147 
0.0275 1.561854996e+15 1.616837029e+14 173 
0.0325 1.696440297e+15 1.473866599e+14 235 
0.0375 1.457406006e+15 1.205240796e+14 248 
0.0425 1.331176229e+15 1.039629417e+14 272 
0.0475 1.170079386e+15 8.923621707e+13 295 
0.0525 1.033952506e+15 7.551524857e+13 334 
0.0575 1.06217592e+15 7.453335665e+13 370 
0.0625 9.176491058e+14 6.526022354e+13 401 
0.0675 8.098760691e+14 5.849175506e+13 425 
0.0725 7.165863576e+14 5.214913254e+13 453 
0.0775 7.236081183e+14 4.627713499e+13 531 
0.0825 6.158217085e+14 4.011667381e+13 553 
0.0875 4.405048706e+14 3.115795556e+13 517 
0.0925 4.433889704e+14 2.805271603e+13 607 
0.0975 3.542186506e+14 2.664190524e+13 627 
0.1025 3.163469422e+14 2.09523792e+13 674 
0.1075 2.992874249e+14 1.966676091e+13 669 
0.1125 2.440960851e+14 1.616457498e+13 718 
0.1175 2.200731826e+14 1.517939659e+13 742 
0.1225 1.969590639e+14 1.33144299e+13 840 
0.1275 1.404345309e+14 1.011459023e+13 783 
0.1325 1.201029691e+14 8.335418539e+12 873 
0.1375 1.064171827e+14 7.245481669e+12 927 
0.1425 9.895763202e+13 7.010885469e+12 939 
0.1475 8.473055329e+13 5.67506667e+12 968 
0.1525 6.192068472e+13 4.52442678e+12 993 
0.1575 5.301780996e+13 3.738317189e+12 1029 
0.1625 4.738764179e+13 3.640704758e+12 1041 
0.1675 4.184965722e+13 3.079536559e+12 1057 
0.1725 3.18880355e+13 2.234288841e+12 1080 
0.1775 3.196780197e+13 2.087754994e+12 1189 
0.1825 2.398674028e+13 1.638007806e+12 1148 
0.1875 2.184774614e+13 1.338835405e+12 1207 
0.1925 2.005923989e+13 1.295689478e+12 1239 
0.1975 1.616690616e+13 9.457673646e+11 1266 
0.2025 1.279970924e+13 6.823128524e+11 1264 
0.2075 1.216991337e+13 6.888142864e+11 1294 
0.2125 1.184287631e+13 5.977260618e+11 1379 
0.2175 1.025901926e+13 4.877111419e+11 1392 
0.2225 9.479785247e+12 4.661537369e+11 1417 
0.2275 8.957218694e+12 4.135703114e+11 1481 
0.2325 8.366225176e+12 3.943764488e+11 1527 
0.2375 7.141930708e+12 2.925747773e+11 1500 
0.2425 6.256362158e+12 2.693209898e+11 1533 
0.2475 6.519914549e+12 2.769421891e+11 1592 
0.2525 6.318772843e+12 2.468114148e+11 1730 
0.2575 5.755550422e+12 2.281645476e+11 1709 
0.2625 4.62923778e+12 1.88697252e+11 1664 
0.2675 4.881472462e+12 1.912043666e+11 1786 
0.2725 4.639279803e+12 1.895534286e+11 1823 
0.2775 4.029105488e+12 1.640014998e+11 1829 
0.2825 4.113523756e+12 1.671872575e+11 1857 
0.2875 3.608626993e+12 1.524434569e+11 1895 
0.2925 3.36827053e+12 1.379167627e+11 1857 
0.2975 3.129930801e+12 1.281861016e+11 1919 
0.3025 3.169419271e+12 1.361775403e+11 1938 
0.3075 2.878911427e+12 1.139842958e+11 2032 
0.3125 2.612874754e+12 1.013735798e+11 2110 
0.3175 2.431729006e+12 9.878932857e+10 2055 
0.3225 2.131171284e+12 8.439968094e+10 2033 
0.3275 2.067752786e+12 8.615856452e+10 2026 
0.3325 2.140752638e+12 8.138577676e+10 2232 
0.3375 1.760038498e+12 6.685949785e+10 2221 
0.3425 1.711634686e+12 6.869762084e+10 2207 
0.3475 1.637938737e+12 6.029788674e+10 2294 
0.3525 1.629692615e+12 5.641141423e+10 2350 
0.3575 1.510992218e+12 5.820952026e+10 2349 
0.3625 1.387502988e+12 4.933272764e+10 2339 
0.3675 1.266241694e+12 4.567720881e+10 2371 
0.3725 1.124004297e+12 3.754487154e+10 2348 
0.3775 1.097118677e+12 3.750028548e+10 2426 
0.3825 1.017943688e+12 3.457513886e+10 2474 
0.3875 9.701629118e+11 3.132764906e+10 2526 
0.3925 9.185799771e+11 2.944278713e+10 2469 
0.3975 9.100267068e+11 2.899160155e+10 2532 
0.4025 8.494419411e+11 2.764623018e+10 2600 
0.4075 8.032351272e+11 2.559358511e+10 2637 
0.4125 7.883740331e+11 2.480390541e+10 2672 
0.4175 7.444397697e+11 2.357573338e+10 2631 
0.4225 7.282991246e+11 2.320090351e+10 2759 
0.4275 6.82387994e+11 2.11825445e+10 2717 
0.4325 6.817818059e+11 2.151614833e+10 2833 
0.4375 6.248386092e+11 1.980731019e+10 2863 
0.4425 6.045012031e+11 1.963133872e+10 2826 
0.4475 5.93959059e+11 1.86351586e+10 2894 
0.4525 5.741485882e+11 1.817510124e+10 2998 
0.4575 5.277549353e+11 1.686570455e+10 2976 
0.4625 5.31877513e+11 1.681812059e+10 2952 
0.4675 4.936757686e+11 1.540321955e+10 3002 
0.4725 4.669557089e+11 1.435821027e+10 3053 
0.4775 4.595595949e+11 1.43602088e+10 3092 
0.4825 4.255520622e+11 1.318254046e+10 3139 
0.4875 4.008363841e+11 1.200788692e+10 3161 
0.4925 4.037898156e+11 1.280179821e+10 3157 
0.4975 3.9004616e+11 1.167799127e+10 3225 
