# Format: McCode with text headers
# URL: http://www.mccode.org
# Creator:  3.8.5, git
# Instrument: eqsans_sans.instr
# Ncount: 10000000
# Trace: no
# Gravitation: no
# Seed: 1790185324117339
# Directory: /Users/georgeyumnam/WORK/PANRAID/PaNRAID-results/Group2/panraidproject/scan_sans_sample/x+18_y+00
# Param: gx=0.018
# Param: gy=0
# Param: sample_on=1
# Param: R_sphere=100
# Param: Phi=0.01
# Param: bs_radius=0
# Param: samp_ap=0.01
# Date: Wed Sep 23 19:42:38 2026 (1790185358)
# type: array_1d(100)
# Source: EQ_SANS_sample (eqsans_sans.instr)
# component: qmon
# position: 0 0 22.281
# title: QMonitor - Distribution in q (Radially averaged)
# Ncount: 10000000
# filename: qdet.dat
# statistics: X0=0.0104795; dX=0.00993942;
# signal: Min=6744.83; Max=7.9859e+08; Mean=3.69548e+07;
# values: 3.69548e+09 6.50782e+08 4053
# xvar: q
# yvar: (I,I_err)
# xlabel: q [1 / AA]
# ylabel: I(q)
# xlimits: 0 0.151561
# variables: q I I_err N
0.0007578035702 798589901.6 571915638.1 2 
0.002273410711 206589433.3 179488620.4 2 
0.003789017851 79358725.15 79358725.15 1 
0.005304624991 398361599.4 139753755.3 9 
0.006820232132 429071138.8 151598175.7 11 
0.008335839272 196190219.1 75343194.9 9 
0.009851446413 158040461.6 67730129.04 8 
0.01136705355 129111173 47343036.04 10 
0.01288266069 145754632.7 55581454.17 9 
0.01439826783 123688128.3 39285087.24 12 
0.01591387497 242334844.5 69714968.52 19 
0.01742948211 70593367.55 29465987.28 8 
0.01894508925 112485923.6 28087735.94 20 
0.0204606964 87533442.74 23240895.73 22 
0.02197630354 75354516.93 21994207.2 17 
0.02349191068 78633907.36 22338426.03 22 
0.02500751782 75186721.87 17197748.51 32 
0.02652312496 66039976.59 19420270.92 24 
0.0280387321 63549780.72 14031890.93 32 
0.02955433924 34104110.59 9662200.795 24 
0.03106994638 14648721.44 5133761.233 18 
0.03258555352 33512834.96 8540881.479 35 
0.03410116066 10373957.29 3222344.582 26 
0.0356167678 11591571.96 3373287.755 29 
0.03713237494 12702935.51 4993114.937 33 
0.03864798208 2395688.277 859579.7557 28 
0.04016358922 10518488.95 3191530.066 46 
0.04167919636 1910999.635 645400.4052 41 
0.0431948035 1449316.854 467737.8072 38 
0.04471041064 1563074.307 699702.0468 38 
0.04622601778 995482.4041 439864.0013 30 
0.04774162492 1111788.224 399550.2077 36 
0.04925723206 933089.2163 194572.7569 45 
0.0507728392 830781.2959 168542.7249 47 
0.05228844634 1788060.371 398306.9101 54 
0.05380405348 1144841.41 230746.8193 41 
0.05531966062 1941168.583 313715.3788 59 
0.05683526776 1495279.053 238612.9969 56 
0.05835087491 1797552.302 276223.5801 55 
0.05986648205 1225175.855 212520.3293 43 
0.06138208919 1564524.298 260675.3369 51 
0.06289769633 1183327.517 183977.3226 60 
0.06441330347 680098.9932 133857.5961 43 
0.06592891061 1028286.428 191599.4888 51 
0.06744451775 871474.8441 147129.0184 58 
0.06896012489 709286.8939 135977.1223 60 
0.07047573203 417927.7293 83068.25682 57 
0.07199133917 236128.0983 62646.71789 46 
0.07350694631 355190.7656 94554.53922 50 
0.07502255345 183507.5406 42466.60243 67 
0.07653816059 159279.9697 38342.38433 65 
0.07805376773 140195.0249 39004.04728 70 
0.07956937487 153452.1872 31532.01848 62 
0.08108498201 137739.3363 25984.67363 66 
0.08260058915 108626.0845 20357.49293 51 
0.08411619629 142430.3062 28318.80656 58 
0.08563180343 266133.774 35942.0958 78 
0.08714741057 215626.6386 31806.30288 63 
0.08866301771 244103.0882 35172.61962 65 
0.09017862485 237519.2772 34310.6552 68 
0.09169423199 199756.069 31147.07631 54 
0.09320983913 183907.4999 28456.32126 55 
0.09472544627 178802.5187 27651.57128 57 
0.09624105341 159849.5514 26794.30342 50 
0.09775666056 130992.8035 22131.39192 50 
0.0992722677 124483.962 23508.60233 48 
0.1007878748 108017.8119 19636.30286 56 
0.102303482 72686.52012 14626.24259 54 
0.1038190891 67915.69256 13793.30715 60 
0.1053346963 36951.00695 10189.42608 53 
0.1068503034 39719.31629 8879.944217 62 
0.1083659105 25850.68462 6482.76859 53 
0.1098815177 27833.96159 5153.879722 63 
0.1113971248 23693.74303 5209.302822 51 
0.112912732 17734.54765 3564.93373 41 
0.1144283391 30026.0758 5298.118582 55 
0.1159439462 35225.27972 6273.615662 46 
0.1174595534 38409.79118 6652.993325 52 
0.1189751605 48561.60701 8031.122267 49 
0.1204907677 24106.24018 5305.267963 32 
0.1220063748 30461.61594 6038.011971 32 
0.1235219819 50204.75015 8243.04523 48 
0.1250375891 34462.585 6250.73209 41 
0.1265531962 37983.738 6372.969705 46 
0.1280688034 31848.52602 6394.624788 36 
0.1295844105 21576.27697 4799.638666 33 
0.1311000176 21863.8516 4134.205546 45 
0.1326156248 26025.15562 5006.606607 46 
0.1341312319 12085.66727 3155.155552 32 
0.1356468391 17089.67864 3940.18065 37 
0.1371624462 9764.412474 2578.409172 34 
0.1386780533 9482.965587 2299.176956 41 
0.1401936605 8919.904695 2424.28229 40 
0.1417092676 7684.659355 1945.281158 34 
0.1432248748 9587.978269 2034.777024 39 
0.1447404819 7406.321102 1681.016223 37 
0.146256089 7367.787252 1701.844157 32 
0.1477716962 6769.490094 1724.743529 22 
0.1492873033 6744.830814 1598.176479 27 
0.1508029105 7930.042253 1788.923943 30 
