# Format: McCode with text headers
# URL: http://www.mccode.org
# Creator:  3.8.5, git
# Instrument: eqsans_cylinder.instr
# Ncount: 5000000
# Trace: no
# Gravitation: no
# Seed: 1790196269953147
# Directory: /Users/georgeyumnam/WORK/PANRAID/PaNRAID-results/Group2/panraidproject/dataset_cylinder/cyl_001985
# Param: gx=0
# Param: gy=0
# Param: sample_on=1
# Param: bs_radius=0
# Param: samp_ap=0.01
# Param: sld=2.04004
# Param: sld_solvent=1
# Param: radius=54.3746
# Param: length=730.617
# Param: pd_radius=0.052701
# Param: pd_length=0.226823
# Param: model_scale=1
# Param: model_abs=0
# Date: Wed Sep 23 22:44:47 2026 (1790196287)
# type: array_1d(100)
# Source: EQ_SANS_cylinder (eqsans_cylinder.instr)
# component: qmon
# position: 0 0 22.281
# title: QMonitor - Radially averaged distribution
# Ncount: 5000000
# filename: rdet.dat
# statistics: X0=0.0664285; dX=0.0629381;
# signal: Min=1.98642e+11; Max=3.032e+14; Mean=4.31974e+13;
# values: 4.31974e+15 1.01172e+14 163561
# xvar: r
# yvar: (I,I_err)
# xlabel: Radius [m]
# ylabel: I(r)
# xlimits: 0 0.5
# variables: r I I_err N
0.0025 1.749568098e+14 6.023065745e+13 11 
0.0075 3.031995542e+14 4.723761926e+13 61 
0.0125 2.402265052e+14 3.219926054e+13 82 
0.0175 2.323416554e+14 2.726078625e+13 114 
0.0225 2.698362231e+14 2.620088265e+13 165 
0.0275 2.637869558e+14 2.347324877e+13 190 
0.0325 2.297509065e+14 1.876245348e+13 226 
0.0375 2.124326142e+14 1.615548031e+13 271 
0.0425 1.847827091e+14 1.386089872e+13 271 
0.0475 1.663385524e+14 1.160883091e+13 306 
0.0525 1.715511048e+14 1.098158335e+13 368 
0.0575 1.283893923e+14 8.70362181e+12 348 
0.0625 1.213973209e+14 7.823010659e+12 383 
0.0675 1.300379676e+14 7.427917202e+12 458 
0.0725 1.046091744e+14 6.02857697e+12 445 
0.0775 1.045051195e+14 5.718924212e+12 510 
0.0825 9.675720845e+13 5.066425712e+12 543 
0.0875 8.452469564e+13 4.349976023e+12 571 
0.0925 7.537433494e+13 3.696178656e+12 601 
0.0975 7.345007047e+13 3.466032149e+12 643 
0.1025 7.077502875e+13 3.328926344e+12 663 
0.1075 6.983175095e+13 3.131926617e+12 743 
0.1125 6.171513691e+13 2.725067168e+12 765 
0.1175 5.626027853e+13 2.483923872e+12 779 
0.1225 4.9489592e+13 2.187943885e+12 785 
0.1275 4.767225376e+13 2.041930772e+12 799 
0.1325 4.881346794e+13 1.968193959e+12 918 
0.1375 3.953515082e+13 1.615152078e+12 892 
0.1425 3.652530078e+13 1.496858815e+12 914 
0.1475 3.673902724e+13 1.503164398e+12 973 
0.1525 3.333317141e+13 1.295862176e+12 1026 
0.1575 3.110262669e+13 1.221436149e+12 1045 
0.1625 2.800261934e+13 1.130570211e+12 1010 
0.1675 2.531043282e+13 1.025044119e+12 1080 
0.1725 2.522589235e+13 9.875399241e+11 1184 
0.1775 2.319113865e+13 9.159628826e+11 1161 
0.1825 2.089366194e+13 8.216233547e+11 1179 
0.1875 1.808271538e+13 7.225378991e+11 1169 
0.1925 1.776217565e+13 7.047439517e+11 1278 
0.1975 1.636870492e+13 6.370628515e+11 1284 
0.2025 1.549473494e+13 6.31748986e+11 1304 
0.2075 1.336902762e+13 5.359479252e+11 1338 
0.2125 1.301266984e+13 5.138376945e+11 1370 
0.2175 1.318041069e+13 5.10693298e+11 1482 
0.2225 1.089254121e+13 4.326178124e+11 1460 
0.2275 1.019219135e+13 4.074367935e+11 1505 
0.2325 9.43974689e+12 3.777218123e+11 1569 
0.2375 8.447912898e+12 3.348745118e+11 1611 
0.2425 8.0974807e+12 3.254525429e+11 1612 
0.2475 7.284813873e+12 3.039153665e+11 1614 
0.2525 6.569137281e+12 2.75116354e+11 1619 
0.2575 6.625737276e+12 2.738280883e+11 1702 
0.2625 5.425091062e+12 2.281363425e+11 1694 
0.2675 5.19041124e+12 2.131274878e+11 1804 
0.2725 4.951614684e+12 2.130974229e+11 1778 
0.2775 4.78780048e+12 1.976120395e+11 1835 
0.2825 4.178071044e+12 1.795224514e+11 1908 
0.2875 4.135223948e+12 1.765687565e+11 1889 
0.2925 3.261375601e+12 1.494063112e+11 1863 
0.2975 3.247531537e+12 1.430111022e+11 1925 
0.3025 2.908711093e+12 1.29811377e+11 1911 
0.3075 2.905397354e+12 1.252790213e+11 2082 
0.3125 2.469316413e+12 1.099219982e+11 2009 
0.3175 2.120681408e+12 9.963038168e+10 1983 
0.3225 1.883313725e+12 9.043865326e+10 2017 
0.3275 1.929157486e+12 8.798888874e+10 2087 
0.3325 1.722128345e+12 8.215485618e+10 2165 
0.3375 1.567599524e+12 7.404199393e+10 2123 
0.3425 1.694080018e+12 7.831399579e+10 2362 
0.3475 1.391791835e+12 6.263292908e+10 2277 
0.3525 1.270215549e+12 5.693471697e+10 2374 
0.3575 1.239969854e+12 5.702706663e+10 2323 
0.3625 1.128394136e+12 5.162223012e+10 2413 
0.3675 9.606367316e+11 4.381287188e+10 2302 
0.3725 9.867638913e+11 4.519257306e+10 2474 
0.3775 8.835265835e+11 4.093152325e+10 2519 
0.3825 8.42843934e+11 3.860339556e+10 2509 
0.3875 7.768348371e+11 3.464117005e+10 2573 
0.3925 6.889707034e+11 3.189425287e+10 2446 
0.3975 6.844760795e+11 2.93723839e+10 2725 
0.4025 6.009830219e+11 2.630060716e+10 2637 
0.4075 5.565511873e+11 2.357193814e+10 2623 
0.4125 5.092673578e+11 2.123876884e+10 2679 
0.4175 4.815637077e+11 2.10363945e+10 2572 
0.4225 4.50532252e+11 1.814294037e+10 2830 
0.4275 4.394464056e+11 1.771222688e+10 2786 
0.4325 4.122562564e+11 1.578996875e+10 2860 
0.4375 3.836463701e+11 1.365440053e+10 2932 
0.4425 3.767350077e+11 1.461902482e+10 2898 
0.4475 3.35766758e+11 1.206832283e+10 2930 
0.4525 3.04662481e+11 1.073425311e+10 2956 
0.4575 2.849216572e+11 9203177478 3039 
0.4625 2.71657581e+11 9265118496 2949 
0.4675 2.676630723e+11 8642879242 3138 
0.4725 2.531181029e+11 7903425365 3083 
0.4775 2.37822785e+11 7383818106 3071 
0.4825 2.330022596e+11 7200990662 3117 
0.4875 2.228003415e+11 6352864082 3285 
0.4925 1.995674268e+11 5521467432 3181 
0.4975 1.986420416e+11 5689195441 3225 
