# Format: McCode with text headers
# URL: http://www.mccode.org
# Creator:  3.8.5, git
# Instrument: eqsans_1_fixed.instr
# Ncount: 1000000
# Trace: no
# Gravitation: no
# Seed: 1790169893168177
# Directory: /Users/georgeyumnam/WORK/PANRAID/PaNRAID-results/Group2/panraidproject/scan_guide_xy/x+06_y+17
# Param: gx=0.006
# Param: gy=0.017
# Date: Wed Sep 23 15:24:56 2026 (1790169896)
# type: array_1d(120)
# Source: EQ_SANS (eqsans_1_fixed.instr)
# component: lambda_det
# position: 0 0 22.28
# title: Wavelength monitor
# Ncount: 1000000
# filename: lambda_det.dat
# statistics: X0=4.07773; dX=0.979903;
# signal: Min=0; Max=2.17247e+06; Mean=336682;
# values: 4.04019e+07 483188 14036
# xvar: L
# yvar: (I,I_err)
# xlabel: Wavelength [AA]
# ylabel: Intensity
# xlimits: 0 12
# variables: L I I_err N
0.05 0 0 0 
0.15 0 0 0 
0.25 0 0 0 
0.35 0 0 0 
0.45 0 0 0 
0.55 0 0 0 
0.65 0 0 0 
0.75 0 0 0 
0.85 0 0 0 
0.95 0 0 0 
1.05 0 0 0 
1.15 0 0 0 
1.25 0 0 0 
1.35 0 0 0 
1.45 0 0 0 
1.55 0 0 0 
1.65 0 0 0 
1.75 0 0 0 
1.85 0 0 0 
1.95 0 0 0 
2.05 0 0 0 
2.15 5994.619539 5994.619539 1 
2.25 16189.68903 11561.80491 2 
2.35 23564.3735 12978.70812 5 
2.45 57825.73604 20248.52251 14 
2.55 91310.59823 24062.02918 37 
2.65 225743.631 37471.6969 87 
2.75 660011.9733 62661.48335 246 
2.85 1604248.759 99906.57185 619 
2.95 2172471.969 114106.3483 783 
3.05 2088722.692 112723.5066 794 
3.15 1853591.112 105249.9892 719 
3.25 2017256.713 111244.8346 720 
3.35 1686252.595 100982.5376 626 
3.45 1742199.066 101599.6562 588 
3.55 1698106.9 100165.2547 566 
3.65 1632143.172 96263.55166 569 
3.75 1638346.494 97850.23422 536 
3.85 1533139.595 92276.42428 529 
3.95 1329752.989 86099.69105 443 
4.05 1403316.871 90244.91703 452 
4.15 1132750.438 78559.33953 372 
4.25 1144964.417 80399.75135 366 
4.35 1167044.107 81099.58544 380 
4.45 1027510.06 75476.19667 360 
4.55 914067.166 72014.32999 327 
4.65 1070651.839 76904.27814 362 
4.75 1043558.455 76943.04935 339 
4.85 823680.479 69338.10624 282 
4.95 797926.3605 66719.57436 283 
5.05 668808.8167 61931.62792 232 
5.15 679877.8818 59357.30906 254 
5.25 589568.3016 55850.49627 222 
5.35 612682.7746 58251.67608 213 
5.45 688283.8205 63862.0739 213 
5.55 619140.6878 59174.03451 211 
5.65 534542.4507 53925.31037 172 
5.75 565029.0545 55027.09614 196 
5.85 410444.6468 46201.83974 144 
5.95 356107.8783 43680.34946 129 
6.05 491346.4166 51890.67106 148 
6.15 319806.1167 42947.22358 108 
6.25 418425.6625 48397.50903 125 
6.35 313634.1757 42773.21934 111 
6.45 336679.3427 44802.69152 99 
6.55 172543.0303 32737.82568 46 
6.65 22614.81592 11758.57141 6 
6.75 0 0 0 
6.85 0 0 0 
6.95 0 0 0 
7.05 0 0 0 
7.15 0 0 0 
7.25 0 0 0 
7.35 0 0 0 
7.45 0 0 0 
7.55 0 0 0 
7.65 0 0 0 
7.75 0 0 0 
7.85 0 0 0 
7.95 0 0 0 
8.05 0 0 0 
8.15 0 0 0 
8.25 0 0 0 
8.35 0 0 0 
8.45 0 0 0 
8.55 0 0 0 
8.65 0 0 0 
8.75 0 0 0 
8.85 0 0 0 
8.95 0 0 0 
9.05 0 0 0 
9.15 0 0 0 
9.25 0 0 0 
9.35 0 0 0 
9.45 0 0 0 
9.55 0 0 0 
9.65 0 0 0 
9.75 0 0 0 
9.85 0 0 0 
9.95 0 0 0 
10.05 0 0 0 
10.15 0 0 0 
10.25 0 0 0 
10.35 0 0 0 
10.45 0 0 0 
10.55 0 0 0 
10.65 0 0 0 
10.75 0 0 0 
10.85 0 0 0 
10.95 0 0 0 
11.05 0 0 0 
11.15 0 0 0 
11.25 0 0 0 
11.35 0 0 0 
11.45 0 0 0 
11.55 0 0 0 
11.65 0 0 0 
11.75 0 0 0 
11.85 0 0 0 
11.95 0 0 0 
