# Format: McCode with text headers
# URL: http://www.mccode.org
# Creator:  3.8.5, git
# Instrument: eqsans_cylinder.instr
# Ncount: 5000000
# Trace: no
# Gravitation: no
# Seed: 1790196141023093
# Directory: /Users/georgeyumnam/WORK/PANRAID/PaNRAID-results/Group2/panraidproject/dataset_cylinder/cyl_001911
# Param: gx=0
# Param: gy=0
# Param: sample_on=1
# Param: bs_radius=0
# Param: samp_ap=0.01
# Param: sld=3.68474
# Param: sld_solvent=1
# Param: radius=24.4271
# Param: length=868.103
# Param: pd_radius=0.246823
# Param: pd_length=0.115249
# Param: model_scale=1
# Param: model_abs=0
# Date: Wed Sep 23 22:42:38 2026 (1790196158)
# type: array_1d(100)
# Source: EQ_SANS_cylinder (eqsans_cylinder.instr)
# component: qmon
# position: 0 0 22.281
# title: QMonitor - Distribution in q (Radially averaged)
# Ncount: 5000000
# filename: qdet.dat
# statistics: X0=0.0185543; dX=0.0192695;
# signal: Min=1.09493e+11; Max=5.54861e+14; Mean=6.16733e+13;
# values: 6.16733e+15 1.84286e+14 255039
# xvar: q
# yvar: (I,I_err)
# xlabel: q [1 / AA]
# ylabel: I(q)
# xlimits: 0 0.151561
# variables: q I I_err N
0.0007578035702 5.548607217e+14 1.479367332e+14 38 
0.002273410711 4.646675823e+14 6.836274445e+13 123 
0.003789017851 4.02385668e+14 4.791777551e+13 209 
0.005304624991 4.115869288e+14 4.289210751e+13 273 
0.006820232132 3.667435145e+14 3.012388809e+13 384 
0.008335839272 3.421448722e+14 2.584104313e+13 466 
0.009851446413 3.116883424e+14 2.463303213e+13 546 
0.01136705355 2.501191924e+14 1.940618572e+13 561 
0.01288266069 2.722905604e+14 1.965568035e+13 715 
0.01439826783 2.14671727e+14 1.346028862e+13 780 
0.01591387497 1.903203329e+14 1.128578246e+13 820 
0.01742948211 1.814044821e+14 9.750570401e+12 974 
0.01894508925 1.631746732e+14 8.827903775e+12 1048 
0.0204606964 1.424673465e+14 6.787170736e+12 1114 
0.02197630354 1.332526781e+14 6.485304624e+12 1164 
0.02349191068 1.246209651e+14 5.299022256e+12 1323 
0.02500751782 1.12019608e+14 4.655652586e+12 1367 
0.02652312496 1.052459552e+14 4.281049636e+12 1474 
0.0280387321 9.208212402e+13 3.799291774e+12 1441 
0.02955433924 9.354525382e+13 3.757991017e+12 1632 
0.03106994638 8.049848006e+13 2.939850854e+12 1687 
0.03258555352 8.078268762e+13 2.879562299e+12 1792 
0.03410116066 7.439438433e+13 2.67214452e+12 1811 
0.0356167678 6.659461554e+13 2.473634773e+12 1818 
0.03713237494 6.437756416e+13 2.200864409e+12 2023 
0.03864798208 5.777366054e+13 2.032651285e+12 2018 
0.04016358922 5.332484563e+13 1.691096368e+12 2124 
0.04167919636 5.193777274e+13 1.592159348e+12 2223 
0.0431948035 4.71044046e+13 1.416737902e+12 2289 
0.04471041064 4.793452686e+13 1.394670736e+12 2507 
0.04622601778 4.081674834e+13 1.179848809e+12 2457 
0.04774162492 4.151664723e+13 1.153991972e+12 2626 
0.04925723206 3.832027811e+13 1.041972324e+12 2634 
0.0507728392 3.499102302e+13 9.50869081e+11 2674 
0.05228844634 3.382758049e+13 8.969593041e+11 2839 
0.05380405348 3.08520618e+13 7.916322923e+11 2894 
0.05531966062 3.090446704e+13 7.946393207e+11 3052 
0.05683526776 2.580141115e+13 6.432491984e+11 3057 
0.05835087491 2.525181683e+13 6.28576928e+11 3132 
0.05986648205 2.344321579e+13 5.450568195e+11 3284 
0.06138208919 2.285112102e+13 5.290650395e+11 3384 
0.06289769633 2.054752648e+13 4.781534053e+11 3347 
0.06441330347 1.986488568e+13 4.557714148e+11 3492 
0.06592891061 1.742908513e+13 3.978987267e+11 3422 
0.06744451775 1.722536881e+13 3.752886202e+11 3611 
0.06896012489 1.601895034e+13 3.496295048e+11 3600 
0.07047573203 1.472792885e+13 3.169250289e+11 3691 
0.07199133917 1.35104256e+13 2.849351426e+11 3687 
0.07350694631 1.243908694e+13 2.616709864e+11 3725 
0.07502255345 1.151812662e+13 2.397560891e+11 3739 
0.07653816059 1.077547971e+13 2.201736913e+11 3835 
0.07805376773 9.604626222e+12 1.96742586e+11 3709 
0.07956937487 8.986076215e+12 1.841214828e+11 3783 
0.08108498201 8.228071617e+12 1.641989495e+11 3882 
0.08260058915 7.669381943e+12 1.53869514e+11 3878 
0.08411619629 7.105941163e+12 1.396981262e+11 3936 
0.08563180343 6.450438467e+12 1.287505289e+11 3864 
0.08714741057 5.92635069e+12 1.160695966e+11 3902 
0.08866301771 5.342103888e+12 1.068145676e+11 3787 
0.09017862485 4.812381214e+12 9.568614101e+10 3813 
0.09169423199 4.561874329e+12 8.809296197e+10 3963 
0.09320983913 4.210141523e+12 8.142757579e+10 3966 
0.09472544627 3.686662515e+12 7.220719052e+10 3835 
0.09624105341 3.476249905e+12 6.752327067e+10 3909 
0.09775666056 2.960085973e+12 5.951327397e+10 3655 
0.0992722677 2.809886134e+12 5.580552519e+10 3725 
0.1007878748 2.497755065e+12 4.953336439e+10 3704 
0.102303482 2.28574825e+12 4.576051084e+10 3668 
0.1038190891 2.029409722e+12 4.130952217e+10 3564 
0.1053346963 1.797779803e+12 3.749766491e+10 3444 
0.1068503034 1.626294056e+12 3.403892841e+10 3465 
0.1083659105 1.533022708e+12 3.206620292e+10 3515 
0.1098815177 1.342486593e+12 2.85286268e+10 3308 
0.1113971248 1.188252224e+12 2.582190303e+10 3240 
0.112912732 1.118679503e+12 2.4075384e+10 3296 
0.1144283391 9.807525721e+11 2.158235552e+10 3184 
0.1159439462 9.168878522e+11 2.028787276e+10 3214 
0.1174595534 7.909640114e+11 1.803981066e+10 3017 
0.1189751605 6.95124339e+11 1.600445109e+10 3043 
0.1204907677 6.515168224e+11 1.512271244e+10 2983 
0.1220063748 5.691128481e+11 1.358702566e+10 2899 
0.1235219819 5.259816441e+11 1.267936148e+10 2853 
0.1250375891 4.608306215e+11 1.133430748e+10 2697 
0.1265531962 4.269280006e+11 1.047570834e+10 2749 
0.1280688034 3.904445788e+11 9820737448 2673 
0.1295844105 3.320556057e+11 8773562597 2531 
0.1311000176 3.269014425e+11 8545152642 2545 
0.1326156248 3.047529448e+11 8090394825 2475 
0.1341312319 2.596398017e+11 7048467023 2358 
0.1356468391 2.369522669e+11 6566219165 2337 
0.1371624462 2.173662298e+11 6182867985 2256 
0.1386780533 1.987080746e+11 5694371096 2167 
0.1401936605 1.771453866e+11 5312541713 2133 
0.1417092676 1.64086718e+11 4949456047 2017 
0.1432248748 1.612683266e+11 4918479874 2018 
0.1447404819 1.434016181e+11 4514670077 1910 
0.146256089 1.417894853e+11 4471862941 1950 
0.1477716962 1.267283293e+11 4187938249 1841 
0.1492873033 1.206207255e+11 3987136860 1763 
0.1508029105 1.094925325e+11 3809383021 1689 
