# Format: McCode with text headers
# URL: http://www.mccode.org
# Creator:  3.8.5, git
# Instrument: eqsans_cylinder.instr
# Ncount: 5000000
# Trace: no
# Gravitation: no
# Seed: 1790195551259990
# Directory: /Users/georgeyumnam/WORK/PANRAID/PaNRAID-results/Group2/panraidproject/dataset_cylinder/cyl_001585
# Param: gx=0
# Param: gy=0
# Param: sample_on=1
# Param: bs_radius=0
# Param: samp_ap=0.01
# Param: sld=7.17553
# Param: sld_solvent=1
# Param: radius=27.1627
# Param: length=928.147
# Param: pd_radius=0.20919
# Param: pd_length=0.056759
# Param: model_scale=1
# Param: model_abs=0
# Date: Wed Sep 23 22:32:49 2026 (1790195569)
# type: array_1d(120)
# Source: EQ_SANS_cylinder (eqsans_cylinder.instr)
# component: lambda_det
# position: 0 0 22.28
# title: Wavelength monitor
# Ncount: 5000000
# filename: lambda_det.dat
# statistics: X0=4.34857; dX=1.03965;
# signal: Min=0; Max=1.37317e+11; Mean=2.84416e+10;
# values: 3.413e+12 2.28748e+10 293938
# xvar: L
# yvar: (I,I_err)
# xlabel: Wavelength [AA]
# ylabel: Intensity
# xlimits: 0 12
# variables: L I I_err N
0.05 0 0 0 
0.15 0 0 0 
0.25 0 0 0 
0.35 0 0 0 
0.45 0 0 0 
0.55 0 0 0 
0.65 0 0 0 
0.75 0 0 0 
0.85 0 0 0 
0.95 0 0 0 
1.05 0 0 0 
1.15 0 0 0 
1.25 0 0 0 
1.35 0 0 0 
1.45 0 0 0 
1.55 0 0 0 
1.65 0 0 0 
1.75 0 0 0 
1.85 0 0 0 
1.95 0 0 0 
2.05 0 0 0 
2.15 188469918.2 141626127.4 50 
2.25 258635610.1 73383111.59 150 
2.35 814306757.6 282115732.5 200 
2.45 4413716108 707180425.3 900 
2.55 4579435023 744897039.5 1200 
2.65 1.656449469e+10 1381307762 2950 
2.75 5.236650219e+10 3264279253 8850 
2.85 8.844223481e+10 3737945451 13799 
2.95 1.142051591e+11 4338294719 17900 
3.05 1.143508164e+11 3499415159 17349 
3.15 1.235419339e+11 4557989275 16899 
3.25 1.311384004e+11 5036314099 16600 
3.35 1.31424353e+11 4671307831 15150 
3.45 1.373171336e+11 4692337596 15600 
3.55 9.934404853e+10 3536605823 11050 
3.65 1.23954937e+11 4270841917 12650 
3.75 1.194306561e+11 4068650171 11797 
3.85 1.161866724e+11 4534879157 10849 
3.95 1.067061973e+11 3747961665 9700 
4.05 9.974081519e+10 4092715054 8400 
4.15 1.050060356e+11 4201054278 8600 
4.25 9.352468695e+10 3306549826 7149 
4.35 1.021025256e+11 4119690186 7250 
4.45 7.738905223e+10 3273167111 5550 
4.55 9.366739534e+10 3865605076 6150 
4.65 9.610532023e+10 3673482164 5998 
4.75 9.157574186e+10 3931490730 5800 
4.85 8.558645915e+10 3801221860 4900 
4.95 1.012598927e+11 3657912646 5950 
5.05 7.644020906e+10 3063828141 4400 
5.15 8.438908873e+10 3604210370 4348 
5.25 7.940120393e+10 4345281752 3800 
5.35 8.254519455e+10 3156544580 4200 
5.45 6.977427356e+10 3603530381 3200 
5.55 7.403531899e+10 3359123057 3200 
5.65 6.469277727e+10 2637149804 3050 
5.75 4.613628698e+10 2150772122 2100 
5.85 5.936354427e+10 3082525756 2600 
5.95 6.04289989e+10 3043264759 2500 
6.05 6.634642054e+10 3090876428 2550 
6.15 4.231857063e+10 1925675060 1850 
6.25 6.257664903e+10 3175993699 2500 
6.35 5.227303293e+10 2544819123 1950 
6.45 3.902360567e+10 2158039419 1550 
6.55 1.678983263e+10 2654980897 550 
6.65 5275323465 764380262.4 200 
6.75 0 0 0 
6.85 0 0 0 
6.95 0 0 0 
7.05 0 0 0 
7.15 0 0 0 
7.25 0 0 0 
7.35 0 0 0 
7.45 0 0 0 
7.55 0 0 0 
7.65 0 0 0 
7.75 0 0 0 
7.85 0 0 0 
7.95 0 0 0 
8.05 0 0 0 
8.15 0 0 0 
8.25 0 0 0 
8.35 0 0 0 
8.45 0 0 0 
8.55 0 0 0 
8.65 0 0 0 
8.75 0 0 0 
8.85 0 0 0 
8.95 0 0 0 
9.05 0 0 0 
9.15 0 0 0 
9.25 0 0 0 
9.35 0 0 0 
9.45 0 0 0 
9.55 0 0 0 
9.65 0 0 0 
9.75 0 0 0 
9.85 0 0 0 
9.95 0 0 0 
10.05 0 0 0 
10.15 0 0 0 
10.25 0 0 0 
10.35 0 0 0 
10.45 0 0 0 
10.55 0 0 0 
10.65 0 0 0 
10.75 0 0 0 
10.85 0 0 0 
10.95 0 0 0 
11.05 0 0 0 
11.15 0 0 0 
11.25 0 0 0 
11.35 0 0 0 
11.45 0 0 0 
11.55 0 0 0 
11.65 0 0 0 
11.75 0 0 0 
11.85 0 0 0 
11.95 0 0 0 
