# Format: McCode with text headers
# URL: http://www.mccode.org
# Creator:  3.8.5, git
# Instrument: eqsans_sans.instr
# Ncount: 10000000
# Trace: no
# Gravitation: no
# Seed: 1790184167697262
# Directory: /Users/georgeyumnam/WORK/PANRAID/PaNRAID-results/Group2/panraidproject/scan_sans_sample/x+10_y-06
# Param: gx=0.01
# Param: gy=-0.006
# Param: sample_on=1
# Param: R_sphere=100
# Param: Phi=0.01
# Param: bs_radius=0
# Param: samp_ap=0.01
# Date: Wed Sep 23 19:23:22 2026 (1790184202)
# type: array_1d(100)
# Source: EQ_SANS_sample (eqsans_sans.instr)
# component: qmon
# position: 0 0 22.281
# title: QMonitor - Distribution in q (Radially averaged)
# Ncount: 10000000
# filename: qdet.dat
# statistics: X0=0.0125032; dX=0.00923744;
# signal: Min=0; Max=4.86821e+08; Mean=3.51559e+07;
# values: 3.51559e+09 3.43248e+08 4588
# xvar: q
# yvar: (I,I_err)
# xlabel: q [1 / AA]
# ylabel: I(q)
# xlimits: 0 0.151561
# variables: q I I_err N
0.0007578035702 0 0 0 
0.002273410711 214993454 125738395.8 3 
0.003789017851 260209371.9 129583408.1 5 
0.005304624991 486820839.9 178160022.1 9 
0.006820232132 329233717 112127429.3 10 
0.008335839272 318731913.1 116460389.7 10 
0.009851446413 180647807.8 79551588.93 6 
0.01136705355 261200639.1 82477624.2 14 
0.01288266069 204198289.9 55058516 16 
0.01439826783 206971893.4 60256729.03 17 
0.01591387497 120517926.1 43595554.42 11 
0.01742948211 177839256.5 50741997.28 21 
0.01894508925 150595920.1 47779954.33 13 
0.0204606964 123059836.6 37444850.57 17 
0.02197630354 76706240.33 23471288.83 19 
0.02349191068 75969258.22 20772404.7 21 
0.02500751782 49603850.47 14084809.74 20 
0.02652312496 53832472.87 13926438.63 28 
0.0280387321 41778148.94 12707063.25 21 
0.02955433924 35792739.26 10981087.38 29 
0.03106994638 33114363.66 6645221.919 40 
0.03258555352 23853001.76 7340299.838 30 
0.03410116066 15382016.46 4289032.408 29 
0.0356167678 18669758.37 7569428.212 35 
0.03713237494 10192255.13 3137865.056 38 
0.03864798208 5693267.2 1468664.462 49 
0.04016358922 4266592.97 1927970.028 37 
0.04167919636 1815987.813 641921.776 33 
0.0431948035 4148847.464 1581188.784 45 
0.04471041064 1573724.936 433812.1319 45 
0.04622601778 1730675.594 358441.7159 52 
0.04774162492 1793584.658 678141.7492 60 
0.04925723206 1435412.709 327161.4334 51 
0.0507728392 975765.2402 195854.1374 41 
0.05228844634 1175636.409 219070.7688 48 
0.05380405348 1627873.74 276018.189 58 
0.05531966062 1258394.615 218671.9158 49 
0.05683526776 1489843.258 257157.5955 51 
0.05835087491 1847406.595 285384.5492 59 
0.05986648205 1709827.058 263567.3805 70 
0.06138208919 1552685.655 246789.2699 56 
0.06289769633 1371475.641 215675.8452 66 
0.06441330347 1305920 208976.6588 62 
0.06592891061 1012088.48 167429.8838 70 
0.06744451775 960710.1831 177664.9859 59 
0.06896012489 943235.7132 164754.1852 65 
0.07047573203 590498.3723 123551.0784 60 
0.07199133917 692651.3547 122084.93 82 
0.07350694631 412220.1632 77391.6845 78 
0.07502255345 124451.4555 29358.49169 60 
0.07653816059 249661.737 58854.80087 75 
0.07805376773 129348.0646 24371.56982 78 
0.07956937487 130636.4416 25916.28262 62 
0.08108498201 135101.0119 23824.58654 65 
0.08260058915 180156.3812 31121.81124 64 
0.08411619629 152477.8776 25642.5321 58 
0.08563180343 208266.4798 30895.41303 67 
0.08714741057 192854.029 28467.03471 72 
0.08866301771 236291.8844 30702.99751 81 
0.09017862485 269667.8583 36795.70754 75 
0.09169423199 221372.2348 30042.30634 71 
0.09320983913 220573.2699 31552.98836 68 
0.09472544627 185135.0551 27810.12083 60 
0.09624105341 210168.6284 28965.98973 75 
0.09775666056 208789.1932 28767.01123 88 
0.0992722677 168319.3077 26045.48654 65 
0.1007878748 145380.8002 21687.95824 82 
0.102303482 116683.5807 19755.30992 63 
0.1038190891 49845.6071 10578.85296 54 
0.1053346963 36673.47889 8388.213165 56 
0.1068503034 35549.2388 6543.597267 61 
0.1083659105 20392.2838 5479.138079 52 
0.1098815177 37108.35688 8934.751218 63 
0.1113971248 19694.13657 4063.543775 50 
0.112912732 30680.7596 5508.730046 60 
0.1144283391 36102.31854 6452.357482 62 
0.1159439462 36646.14527 5926.829701 61 
0.1174595534 42807.49833 7236.892819 64 
0.1189751605 42229.83169 7141.922789 54 
0.1204907677 36428.51748 6341.404122 47 
0.1220063748 42009.76811 6722.683512 51 
0.1235219819 35400.07833 6482.361406 41 
0.1250375891 44650.23728 7084.080607 52 
0.1265531962 37106.21382 6112.639159 48 
0.1280688034 40115.8152 7106.717481 42 
0.1295844105 32965.40304 5871.987211 47 
0.1311000176 28125.41327 5362.925531 43 
0.1326156248 24484.56192 5045.855238 45 
0.1341312319 14229.03615 3416.907298 33 
0.1356468391 5396.898646 1594.89363 26 
0.1371624462 7336.371912 2159.676842 30 
0.1386780533 7661.68425 1871.585101 43 
0.1401936605 6248.235797 1705.511124 29 
0.1417092676 6198.388579 1618.063451 32 
0.1432248748 9107.259655 1746.404278 50 
0.1447404819 7722.108219 1708.120533 36 
0.146256089 7005.002913 1595.736422 27 
0.1477716962 8301.699437 1684.483529 41 
0.1492873033 3560.718609 1033.600049 21 
0.1508029105 10048.28145 2066.758238 30 
